Process,Burst Time,Arrival Time,Waiting Time,Turn Around Time
30,46,1,15,61
38,15,1,38,53
1,18,2,60,78
24,16,3,77,93
22,15,4,92,107
93,44,4,107,151
11,4,7,148,152
88,41,7,152,193
32,29,9,191,220
41,1,11,218,219
21,40,12,218,258
72,45,12,258,303
20,46,13,302,348
17,20,14,347,367
3,26,16,365,391
65,29,16,391,420
57,26,17,419,445
100,29,17,445,474
23,36,18,473,509
25,47,18,509,556
14,1,19,555,556
67,3,19,556,559
2,27,20,558,585
16,38,20,585,623
47,29,21,622,651
51,26,21,651,677
26,44,22,676,720
34,16,23,719,735
58,37,23,735,772
66,18,24,771,789
86,20,24,789,809
96,26,24,809,835
12,19,25,834,853
55,28,25,853,881
10,16,27,879,895
29,2,27,895,897
80,30,27,897,927
84,29,27,927,956
63,40,29,954,994
18,28,31,992,1020
81,11,31,1020,1031
37,9,32,1030,1039
90,36,33,1038,1074
7,8,34,1073,1081
27,27,34,1081,1108
44,31,35,1107,1138
28,1,36,1137,1138
15,43,38,1136,1179
36,35,40,1177,1212
35,45,42,1210,1255
8,30,43,1254,1284
40,48,44,1283,1331
59,40,45,1330,1370
85,44,45,1370,1414
4,16,49,1410,1426
71,35,49,1426,1461
95,20,49,1461,1481
912,148,50,1704,1852
79,39,51,1585,1624
5,9,52,1623,1632
110,183,52,1744,1927
857,10,53,1737,1747
50,21,54,1746,1767
64,39,54,1767,1806
68,23,55,1924,1947
54,47,56,1946,1993
442,48,56,1993,2041
477,145,56,2041,2186
542,264,56,124708,124972
70,16,58,2404,2420
94,24,58,2420,2444
375,88,58,2444,2532
899,191,58,2532,2723
985,170,58,2723,2893
33,19,59,2892,2911
60,22,59,2911,2933
612,65,60,2932,2997
809,132,60,2997,3129
811,241,60,124748,124989
489,49,62,3347,3396
46,5,63,3395,3400
623,130,63,3400,3530
83,15,64,3529,3544
97,49,64,3544,3593
207,287,64,124765,125052
39,23,65,3812,3835
61,48,65,3835,3883
456,271,65,124831,125102
53,41,66,4102,4143
69,36,66,4143,4179
9,3,67,4178,4181
49,16,67,4181,4197
87,29,67,4197,4226
183,37,67,4226,4263
539,107,67,4263,4370
74,7,68,4369,4376
76,35,69,4375,4410
78,7,69,4410,4417
196,213,69,4417,4630
45,36,70,4629,4665
577,110,70,4665,4775
717,87,70,4775,4862
729,75,70,4862,4937
217,13,71,4936,4949
121,143,72,4948,5091
75,2,73,5090,5092
126,290,73,124874,125164
77,36,74,5311,5347
91,19,74,5347,5366
298,46,74,5366,5412
649,2,74,5412,5414
89,36,75,5413,5449
92,26,77,5447,5473
173,193,77,5473,5666
602,198,77,5666,5864
823,14,77,5864,5878
316,293,78,124939,125232
989,230,78,125012,125242
959,151,80,6315,6466
99,48,81,6465,6513
42,30,82,6512,6542
52,17,82,6542,6559
276,205,82,6559,6764
82,15,83,6763,6778
424,148,85,6776,6924
860,235,85,125015,125250
760,12,86,7143,7155
19,1,87,7154,7155
712,277,87,125028,125305
62,5,88,7374,7379
454,205,88,7379,7584
798,269,88,125084,125353
849,116,88,7804,7920
13,25,89,7919,7944
56,50,90,7943,7993
73,27,90,7993,8020
98,37,90,8020,8057
274,160,90,8057,8217
321,30,91,8216,8246
426,36,91,8246,8282
48,10,93,8280,8290
43,24,95,8288,8312
390,223,97,125124,125347
794,65,98,8529,8594
937,55,98,8594,8649
6,25,99,8648,8673
31,47,99,8673,8720
714,211,100,8719,8930
480,229,103,125121,125350
787,164,103,9147,9311
841,62,103,9311,9373
815,222,104,125129,125351
292,187,105,9591,9778
215,151,106,9777,9928
502,111,106,9928,10039
933,80,106,10039,10119
866,71,107,10118,10189
398,228,108,125127,125355
894,202,108,10408,10610
435,8,109,10609,10617
675,299,109,125134,125433
872,8,109,10837,10845
916,94,109,10845,10939
300,69,111,10937,11006
523,38,111,11006,11044
148,251,112,125210,125461
194,249,112,125241,125490
840,34,114,11481,11515
907,230,114,125268,125498
537,103,116,11733,11836
682,91,116,11836,11927
562,146,117,11926,12072
767,291,122,125270,125561
941,191,123,12286,12477
184,265,124,125339,125604
460,116,124,12696,12812
758,163,125,12811,12974
844,38,126,12973,13011
169,2,130,13007,13009
306,224,130,125378,125602
297,152,131,13228,13380
339,190,132,13379,13569
200,295,133,125379,125674
237,228,133,125454,125682
408,8,133,14008,14016
546,183,133,14016,14199
713,161,133,14199,14360
494,220,134,14359,14579
629,132,135,14578,14710
965,66,135,14710,14776
163,288,136,125459,125747
742,29,137,14994,15023
622,236,138,125525,125761
385,11,139,15241,15252
422,75,139,15252,15327
453,217,139,15327,15544
525,33,139,15544,15577
113,196,140,15576,15772
308,164,140,15772,15936
687,56,140,15936,15992
359,74,141,15991,16065
396,68,141,16065,16133
598,222,142,125537,125759
947,135,142,16352,16487
253,251,143,125538,125789
218,206,147,16702,16908
935,292,147,125565,125857
382,151,149,17126,17277
862,255,149,125635,125890
889,181,149,17497,17678
547,46,150,17677,17723
688,58,151,17722,17780
335,121,152,17779,17900
595,150,154,17898,18048
942,78,155,18047,18125
376,201,157,18123,18324
388,186,157,18324,18510
822,4,157,18510,18514
311,253,158,125661,125914
632,125,161,18730,18855
634,135,164,18852,18987
268,156,165,18986,19142
344,218,168,19139,19357
651,183,168,19357,19540
786,137,170,19538,19675
162,209,174,19671,19880
213,152,174,19880,20032
331,266,176,125676,125942
521,233,177,125721,125954
535,46,177,20469,20515
796,46,177,20515,20561
226,21,179,20559,20580
209,180,183,20576,20756
779,180,184,20755,20935
659,1,187,20932,20933
271,142,188,20932,21074
304,227,188,125723,125950
807,9,189,21293,21302
190,74,190,21301,21375
693,217,190,21375,21592
138,2,193,21589,21591
952,136,193,21591,21727
204,51,194,21726,21777
439,179,195,21776,21955
871,175,195,21955,22130
997,246,195,125723,125969
589,294,196,125748,126042
731,101,196,22569,22670
897,16,196,22670,22686
608,19,198,22684,22703
203,284,200,125818,126102
265,284,201,125881,126165
252,254,203,125943,126197
238,107,206,23355,23462
510,110,206,23462,23572
514,253,206,125974,126227
413,211,207,23791,24002
175,165,208,24001,24166
833,124,209,24165,24289
663,104,211,24287,24391
212,227,215,125998,126225
957,74,217,24605,24679
923,298,218,126002,126300
908,150,221,24895,25045
122,18,222,25044,25062
836,73,223,25061,25134
950,95,223,25134,25229
999,77,223,25229,25306
119,96,224,25305,25401
112,68,225,25400,25468
996,162,225,25468,25630
552,133,227,25628,25761
604,66,227,25761,25827
391,241,229,126069,126310
630,80,230,26044,26124
563,70,231,26123,26193
782,285,231,126088,126373
618,216,232,26412,26628
755,218,233,26627,26845
639,258,234,126150,126408
455,53,235,27063,27116
880,12,235,27116,27128
812,12,236,27127,27139
417,133,239,27136,27269
635,160,239,27269,27429
281,110,240,27428,27538
587,166,243,27535,27701
703,34,245,27699,27733
976,217,247,27731,27948
199,95,248,27947,28042
594,34,249,28041,28075
887,261,249,126173,126434
332,23,250,28294,28317
854,5,250,28317,28322
305,160,251,28321,28481
367,132,254,28478,28610
718,146,254,28610,28756
370,21,255,28755,28776
487,283,256,126207,126490
177,114,257,28994,29108
732,161,257,29108,29269
189,279,260,126266,126545
327,199,263,29483,29682
351,134,263,29682,29816
101,277,265,126320,126597
421,80,265,30034,30114
603,63,265,30114,30177
445,255,266,126376,126631
793,106,266,30396,30502
667,282,267,126410,126692
601,149,270,30718,30867
972,187,271,30866,31053
233,211,272,31052,31263
386,173,272,31263,31436
926,1,274,31434,31435
801,229,275,126464,126693
949,64,275,31654,31718
642,159,277,31716,31875
817,133,277,31875,32008
172,281,278,126470,126751
259,286,278,126531,126817
720,209,278,32447,32656
914,194,278,32656,32850
962,249,278,126597,126846
674,130,280,33068,33198
504,239,283,126621,126860
558,234,287,126636,126870
333,292,288,126649,126941
541,60,288,33850,33910
751,196,288,33910,34106
349,72,289,34105,34177
149,138,290,34176,34314
301,164,290,34314,34478
420,201,291,34477,34678
330,272,292,126717,126989
404,25,293,34896,34921
694,288,294,126767,127055
394,168,296,35138,35306
468,26,297,35305,35331
461,179,298,35330,35509
134,100,299,35508,35608
757,14,299,35608,35622
885,197,299,35622,35819
155,64,301,35817,35881
568,79,301,35881,35960
902,45,301,35960,36005
536,262,303,126826,127088
222,233,306,126865,127098
269,63,307,36439,36502
416,57,309,36500,36557
783,19,309,36557,36576
641,251,311,126873,127124
726,129,311,36794,36923
904,102,311,36923,37025
451,111,314,37022,37133
830,28,314,37133,37161
832,85,314,37161,37246
129,103,317,37243,37346
221,56,317,37346,37402
681,236,317,126898,127134
934,280,317,126914,127194
585,97,319,37840,37937
146,169,320,37936,38105
781,65,324,38101,38166
762,73,325,38165,38238
771,257,326,126965,127222
211,247,329,126999,127246
342,228,330,127025,127253
958,149,330,38893,39042
392,104,331,39041,39145
533,45,331,39145,39190
132,20,332,39189,39209
167,217,332,39209,39426
548,266,332,127031,127297
790,133,334,39644,39777
749,10,336,39775,39785
336,119,340,39781,39900
144,236,341,127068,127304
927,92,341,40119,40211
154,97,343,40209,40306
943,88,344,40305,40393
262,148,346,40391,40539
518,286,346,127079,127365
886,45,346,40759,40804
284,63,347,40803,40866
986,276,347,127144,127420
206,298,348,127199,127497
513,186,348,41305,41491
701,70,348,41491,41561
915,232,349,127276,127508
186,65,350,41779,41844
223,165,350,41844,42009
881,254,350,127287,127541
554,67,351,42228,42295
153,127,352,42294,42421
384,108,352,42421,42529
628,67,353,42528,42595
633,180,353,42595,42775
135,135,354,42774,42909
495,207,354,42909,43116
968,81,354,43116,43197
325,4,356,43195,43199
362,93,357,43198,43291
273,183,358,43290,43473
340,217,358,43473,43690
315,4,359,43689,43693
677,127,359,43693,43820
870,170,361,43818,43988
150,184,362,43987,44171
607,127,362,44171,44298
777,284,362,127309,127593
964,8,365,44515,44523
877,26,366,44522,44548
982,119,366,44548,44667
403,251,367,127368,127619
418,189,367,44886,45075
637,155,368,45074,45229
647,73,369,45228,45301
267,245,370,127396,127641
310,2,370,45520,45522
145,3,372,45520,45523
512,235,372,127419,127654
258,224,373,127433,127657
474,69,375,45960,46029
572,19,375,46029,46048
705,98,375,46048,46146
708,172,375,46146,46318
176,160,376,46317,46477
567,79,376,46477,46556
380,59,377,46555,46614
545,141,377,46614,46755
826,10,377,46755,46765
171,233,379,127431,127664
527,18,379,46983,47001
586,275,381,127442,127717
918,228,381,127497,127725
365,145,382,47438,47583
475,271,382,127504,127775
648,49,382,47803,47852
888,229,382,127555,127784
242,202,383,48071,48273
429,294,383,127563,127857
313,78,384,48492,48570
991,252,384,127636,127888
329,116,386,48788,48904
890,207,388,48902,49109
896,25,389,49108,49133
205,36,390,49132,49168
198,300,392,127660,127960
272,66,394,49384,49450
151,251,395,127737,127988
449,65,395,49669,49734
188,237,397,127766,128003
379,215,397,49952,50167
395,94,400,50164,50258
501,39,400,50258,50297
837,78,406,50291,50369
940,237,406,127774,128011
553,145,407,50588,50733
168,26,408,50732,50758
802,277,408,127789,128066
105,7,409,50977,50984
473,144,409,50984,51128
620,32,409,51128,51160
109,146,410,51159,51305
348,30,411,51304,51334
656,94,412,51333,51427
883,158,414,51425,51583
939,205,415,51582,51787
136,29,416,51786,51815
734,126,416,51815,51941
165,38,418,51939,51977
746,123,418,51977,52100
973,115,419,52099,52214
322,295,420,127834,128129
763,240,420,127909,128149
230,4,424,52649,52653
111,271,425,127924,128195
448,285,425,127975,128260
852,34,425,53092,53126
346,81,427,53124,53205
319,1,429,53203,53204
735,93,429,53204,53297
814,46,429,53297,53343
706,145,430,53342,53487
827,148,430,53487,53635
556,60,431,53634,53694
616,90,431,53694,53784
728,222,435,128030,128252
769,300,435,128032,128332
557,236,436,128111,128347
987,185,437,54438,54623
141,161,438,54622,54783
497,153,438,54783,54936
788,3,439,54935,54938
875,196,440,54937,55133
856,195,441,55132,55327
431,53,442,55326,55379
818,297,442,128121,128418
741,197,445,55596,55793
920,37,445,55793,55830
893,80,446,55829,55909
898,51,447,55908,55959
990,247,447,128193,128440
661,163,449,56177,56340
853,12,450,56339,56351
954,19,451,56350,56369
846,230,452,128215,128445
244,133,453,56587,56720
285,115,454,56719,56834
381,4,454,56834,56838
719,166,454,56838,57004
529,267,455,128222,128489
107,155,459,57219,57374
256,195,459,57374,57569
775,17,459,57569,57586
317,258,462,128262,128520
361,217,462,57803,58020
254,251,463,128299,128550
838,159,464,58238,58397
979,106,465,58396,58502
409,68,466,58501,58569
571,247,467,128326,128573
850,107,469,58786,58893
816,61,470,58892,58953
876,177,472,58951,59128
606,196,473,59127,59323
353,99,475,59321,59420
580,134,476,59419,59553
772,200,477,59552,59752
509,88,478,59751,59839
644,111,478,59839,59950
792,166,478,59950,60116
181,68,480,60114,60182
314,76,480,60182,60258
360,106,481,60257,60363
664,69,481,60363,60432
910,224,482,128338,128562
270,266,483,128341,128607
522,13,485,60868,60881
530,205,485,60881,61086
806,280,486,128384,128664
922,40,489,61302,61342
157,193,490,61341,61534
835,222,490,128440,128662
956,215,490,61754,61969
318,287,492,128440,128727
579,198,492,62187,62385
627,134,492,62385,62519
789,93,495,62516,62609
463,282,496,128503,128785
930,36,497,62827,62863
696,235,502,128559,128794
753,260,502,128574,128834
373,208,503,63297,63505
293,63,505,63503,63566
236,13,507,63564,63577
774,91,507,63577,63668
369,200,510,63665,63865
593,92,513,63862,63954
354,219,514,63953,64172
492,231,514,128602,128833
724,166,516,64390,64556
723,58,518,64554,64612
407,188,519,64611,64799
483,224,520,128607,128831
672,199,520,65018,65217
901,207,520,65217,65424
401,248,521,128610,128858
636,7,522,65642,65649
142,146,523,65648,65794
662,177,523,65794,65971
831,297,523,128636,128933
347,58,524,66190,66248
869,224,524,128712,128936
932,54,524,66468,66522
995,245,525,128715,128960
491,293,527,128738,129031
278,195,529,66957,67152
574,194,530,67151,67345
414,196,532,67343,67539
722,298,532,128806,129104
839,5,532,67759,67764
795,137,534,67762,67899
859,223,538,128878,129101
133,182,540,68113,68295
486,92,544,68291,68383
925,100,545,68382,68482
864,60,546,68481,68541
892,294,547,128872,129166
865,203,550,68757,68960
879,46,550,68960,69006
861,212,551,69005,69217
450,267,554,128939,129206
704,176,554,69434,69610
193,253,556,128984,129237
756,225,556,129017,129242
873,230,556,129022,129252
249,159,557,70267,70426
540,46,558,70425,70471
511,221,560,129028,129249
551,6,560,70689,70695
476,76,561,70694,70770
605,38,562,70769,70807
185,74,563,70806,70880
891,135,563,70880,71015
921,37,564,71014,71051
520,2,565,71050,71052
532,135,568,71049,71184
115,223,569,129020,129243
813,242,569,129023,129265
929,263,569,129045,129308
992,1,569,71843,71844
277,203,571,71842,72045
498,40,571,72045,72085
312,275,572,129085,129360
152,280,574,129138,129418
936,116,574,72522,72638
645,41,575,72637,72678
275,31,576,72677,72708
670,143,577,72707,72850
747,116,577,72850,72966
984,35,577,72966,73001
255,258,578,129194,129452
197,52,580,73218,73270
251,31,580,73270,73301
399,36,585,73296,73332
592,162,587,73330,73492
761,270,588,129222,129492
613,197,592,73707,73904
438,243,593,129267,129510
488,179,593,74123,74302
500,61,595,74300,74361
824,245,595,129288,129533
243,134,597,74579,74713
423,288,597,129311,129599
279,27,599,74931,74958
621,2,599,74958,74960
975,112,599,74960,75072
919,93,600,75071,75164
478,157,601,75163,75320
867,146,603,75318,75464
519,205,604,75463,75668
610,17,604,75668,75685
764,229,605,129371,129600
227,21,606,75903,75924
733,215,606,75924,76139
214,199,607,76138,76337
538,71,609,76335,76406
851,53,611,76404,76457
590,33,613,76455,76488
685,174,613,76488,76662
611,9,614,76661,76670
104,203,616,76668,76871
459,4,616,76871,76875
358,110,617,76874,76984
245,100,618,76983,77083
565,292,618,129367,129659
192,12,619,77302,77314
116,87,620,77313,77400
419,165,620,77400,77565
791,168,622,77563,77731
496,127,623,77730,77857
993,181,623,77857,78038
555,102,624,78037,78139
576,282,624,129433,129715
671,290,628,129491,129781
804,278,629,129560,129838
900,68,630,78793,78861
960,140,630,78861,79001
909,94,631,79000,79094
400,60,632,79093,79153
730,55,632,79153,79208
174,292,636,129611,129903
447,29,637,79423,79452
178,75,639,79450,79525
967,244,639,129680,129924
295,82,643,79741,79823
744,269,643,129700,129969
219,30,644,80042,80072
234,152,644,80072,80224
131,142,645,80223,80365
652,194,647,80363,80557
994,195,647,80557,80752
437,14,649,80750,80764
528,172,649,80764,80936
638,45,651,80934,80979
264,69,654,80976,81045
507,143,654,81045,81188
828,163,654,81188,81351
485,117,656,81349,81466
334,244,658,129734,129978
366,32,658,81684,81716
928,172,658,81716,81888
288,47,659,81887,81934
588,233,659,129757,129990
524,294,661,129768,130062
953,61,666,82367,82428
225,242,667,129836,130078
584,98,667,82647,82745
195,101,669,82743,82844
1000,80,671,82842,82922
118,57,672,82921,82978
371,292,673,129852,130144
581,208,674,83196,83404
676,147,677,83401,83548
653,277,679,129918,130195
434,237,680,129974,130211
845,85,680,83985,84070
224,187,682,84068,84255
471,1,682,84255,84256
356,47,683,84255,84302
797,283,683,129988,130271
843,126,683,84522,84648
803,171,684,84647,84818
969,157,684,84818,84975
752,134,686,84973,85107
241,211,687,85106,85317
428,150,689,85315,85465
287,300,690,130044,130344
446,262,690,130124,130386
364,277,691,130165,130442
368,86,693,86121,86207
690,151,693,86207,86358
484,180,698,86353,86533
658,289,698,130215,130504
239,164,699,86752,86916
299,77,699,86916,86993
974,138,702,86990,87128
397,268,705,130277,130545
139,297,706,130324,130621
650,96,707,87563,87659
534,130,708,87658,87788
355,169,709,87787,87956
597,269,709,130398,130667
683,177,711,88174,88351
411,14,712,88350,88364
472,287,712,130444,130731
692,188,712,88584,88772
506,170,713,88771,88941
283,265,714,130509,130774
619,113,714,89160,89273
855,103,714,89273,89376
646,185,715,89375,89560
458,143,716,89559,89702
596,98,716,89702,89800
931,225,716,130552,130777
560,164,718,90018,90182
770,51,718,90182,90233
323,47,721,90230,90277
402,60,721,90277,90337
503,258,721,130552,130810
508,72,722,90556,90628
944,149,722,90628,90777
821,70,724,90775,90845
863,212,724,90845,91057
374,59,726,91055,91114
378,134,727,91113,91247
499,214,728,91246,91460
320,296,730,130581,130877
878,134,730,91678,91812
963,166,730,91812,91978
490,297,733,130654,130951
440,187,734,92194,92381
882,113,738,92377,92490
977,183,738,92490,92673
482,64,739,92672,92736
739,111,739,92736,92847
389,69,740,92846,92915
158,146,742,92913,93059
235,166,742,93059,93225
737,145,742,93225,93370
847,300,744,130720,131020
257,137,745,93587,93724
917,56,746,93723,93779
457,299,748,130796,131095
493,204,749,93996,94200
140,242,750,130873,131115
583,255,751,130894,131149
702,207,752,94637,94844
911,294,752,130928,131222
805,221,755,130999,131220
296,207,756,95280,95487
377,9,756,95487,95496
517,63,757,95495,95558
743,169,757,95558,95727
905,202,757,95727,95929
309,80,759,95927,96007
655,168,760,96006,96174
467,231,763,130992,131223
543,18,763,96391,96409
338,71,764,96408,96479
350,202,764,96479,96681
103,69,767,96678,96747
352,5,767,96747,96752
766,196,767,96752,96948
383,149,770,96945,97094
180,280,771,130995,131275
466,260,772,131054,131314
229,8,773,97531,97539
665,3,773,97539,97542
286,104,774,97541,97645
848,76,775,97644,97720
387,215,777,97718,97933
250,197,780,97930,98127
406,246,780,131086,131332
372,76,781,98346,98422
246,27,782,98421,98448
302,105,782,98448,98553
978,134,785,98550,98684
591,7,788,98681,98688
906,159,788,98688,98847
980,229,788,131104,131333
640,254,791,131110,131364
678,262,791,131144,131406
260,235,792,131185,131420
425,152,795,99720,99872
575,145,795,99872,100017
955,104,795,100017,100121
216,193,797,100119,100312
343,130,797,100312,100442
393,162,797,100442,100604
680,236,798,131194,131430
669,27,801,100820,100847
689,8,801,100847,100855
108,16,802,100854,100870
432,192,804,100868,101060
736,206,804,101060,101266
868,26,807,101263,101289
570,298,808,131200,131498
479,300,809,131277,131577
208,196,810,101726,101922
550,46,810,101922,101968
660,142,810,101968,102110
441,259,812,131354,131613
748,114,812,102328,102442
945,249,813,131392,131641
970,86,813,102661,102747
128,6,815,102745,102751
363,283,816,131418,131701
695,59,824,102962,103021
106,80,826,103019,103099
946,273,827,131470,131743
544,195,829,103316,103511
691,23,830,103510,103533
710,194,831,103532,103726
465,190,832,103725,103915
738,195,832,103915,104110
578,38,834,104108,104146
643,15,837,104143,104158
164,97,839,104156,104253
740,134,839,104253,104387
810,215,839,104387,104602
773,100,840,104601,104701
337,175,842,104699,104874
280,196,844,104872,105068
130,252,845,131505,131757
263,233,845,131537,131770
433,255,847,131548,131803
625,53,849,105723,105776
679,39,849,105776,105815
754,147,849,105815,105962
842,42,849,105962,106004
858,108,849,106004,106112
566,99,851,106110,106209
716,283,851,131579,131862
179,30,852,106428,106458
341,216,852,106458,106674
778,53,853,106673,106726
780,79,855,106724,106803
721,171,856,106802,106973
759,119,857,106972,107091
924,77,857,107091,107168
938,203,857,107168,107371
626,81,860,107368,107449
117,93,861,107448,107541
231,57,862,107540,107597
481,201,863,107596,107797
776,133,863,107797,107930
182,92,865,107928,108020
569,261,865,131628,131889
137,70,866,108239,108309
526,65,866,108309,108374
988,43,866,108374,108417
614,293,868,131666,131959
191,169,870,108633,108802
981,193,870,108802,108995
415,157,871,108994,109151
874,130,871,109151,109281
324,44,874,109278,109322
615,38,877,109319,109357
707,47,879,109355,109402
715,192,879,109402,109594
247,88,881,109592,109680
505,244,881,131726,131970
120,133,882,109899,110032
307,68,884,110030,110098
727,275,884,131747,132022
201,285,886,131800,132085
452,33,887,110535,110568
202,222,888,131863,132085
290,57,888,110787,110844
709,25,891,110841,110866
785,249,891,131862,132111
114,202,892,111085,111287
430,215,894,111285,111500
631,210,894,111500,111710
819,150,895,111709,111859
561,175,897,111857,112032
564,226,897,131885,132111
961,189,898,112251,112440
600,237,900,131888,132125
784,287,900,131905,132192
170,228,902,131970,132198
971,129,902,113096,113225
248,121,903,113224,113345
768,267,903,131977,132244
808,26,905,113563,113589
998,84,906,113588,113672
291,151,907,113671,113822
913,146,911,113818,113964
765,188,912,113963,114151
725,216,916,114147,114363
143,172,917,114362,114534
326,88,917,114534,114622
711,202,920,114619,114821
220,299,921,132006,132305
884,90,923,115038,115128
125,113,924,115127,115240
160,156,924,115240,115396
668,226,927,132079,132305
948,59,927,115613,115672
166,61,930,115669,115730
684,46,934,115726,115772
147,124,936,115770,115894
427,290,938,132074,132364
232,55,940,116110,116165
464,235,941,132141,132376
266,6,943,116382,116388
599,22,943,116388,116410
698,48,944,116409,116457
582,140,945,116456,116596
410,129,946,116595,116724
210,8,948,116722,116730
470,81,948,116730,116811
289,132,949,116810,116942
294,104,950,116941,117045
657,17,950,117045,117062
654,222,951,132146,132368
895,42,951,117281,117323
700,234,952,132147,132381
820,214,952,117542,117756
951,178,952,117756,117934
303,4,954,117932,117936
357,55,954,117936,117991
686,294,954,132159,132453
983,223,956,132231,132454
282,185,957,118428,118613
799,174,957,118613,118787
825,162,957,118787,118949
261,178,959,118947,119125
444,4,960,119124,119128
531,266,960,132230,132496
573,186,960,119348,119534
673,88,962,119532,119620
161,135,964,119618,119753
559,98,965,119752,119850
666,9,965,119850,119859
240,155,966,119858,120013
102,77,967,120012,120089
750,233,968,132268,132501
187,177,969,120307,120484
412,243,969,132280,132523
624,224,969,132303,132527
228,170,971,120922,121092
156,291,972,132304,132595
834,104,973,121310,121414
697,163,974,121413,121576
609,80,975,121575,121655
462,190,983,121647,121837
159,89,985,121835,121924
515,220,985,121924,122144
469,41,986,122143,122184
829,187,987,122183,122370
903,73,987,122370,122443
443,274,988,132359,132633
549,294,989,132412,132706
345,173,990,122880,123053
800,125,991,123052,123177
124,41,993,123175,123216
436,37,993,123216,123253
127,15,994,123252,123267
328,98,994,123267,123365
405,105,994,123365,123470
617,175,994,123470,123645
745,82,996,123643,123725
516,15,998,123723,123738
123,137,999,123737,123874
699,92,999,123874,123966
966,19,999,123966,123985
1334,186,8000,125695,125881
5374,182,8000,125881,126063
6485,161,8000,126063,126224
8254,42,8000,126224,126266
1428,198,8001,126265,126463
4178,51,8001,126463,126514
6359,287,8001,1471238,1471525
7034,197,8001,126737,126934
4482,235,8002,1386782,1387017
5675,1,8002,127156,127157
8643,2,8002,127157,127159
8887,133,8002,127159,127292
9247,276,8002,1386794,1387070
4605,134,8003,127514,127648
9982,48,8003,127648,127696
1598,43,8004,127695,127738
2990,14,8004,127738,127752
3073,186,8004,127752,127938
3834,109,8004,127938,128047
6527,143,8004,128047,128190
6656,142,8004,128190,128332
7531,95,8004,128332,128427
8866,222,8004,128427,128649
1052,141,8005,128648,128789
1163,200,8005,128789,128989
1839,207,8005,128989,129196
3882,48,8005,129196,129244
5567,58,8005,129244,129302
5851,54,8005,129302,129356
6750,288,8005,1471240,1471528
9570,240,8005,1386902,1387142
3470,157,8006,129801,129958
9480,238,8006,1386918,1387156
4228,123,8007,130180,130303
5410,254,8007,1386932,1387186
6959,148,8007,130526,130674
8305,172,8007,130674,130846
3748,151,8008,130845,130996
4917,20,8008,130996,131016
6639,195,8008,131016,131211
9191,157,8008,131211,131368
2688,160,8009,131367,131527
5539,157,8009,131527,131684
5821,15,8009,131684,131699
2826,193,8010,131698,131891
3049,218,8010,131891,132109
5603,286,8010,1471242,1471528
7648,12,8010,132332,132344
9836,27,8010,132344,132371
1709,174,8011,132370,132544
2348,43,8011,132544,132587
4602,237,8011,1387017,1387254
5571,19,8011,132810,132829
6143,203,8011,132829,133032
7359,94,8011,133032,133126
9202,141,8011,133126,133267
2878,215,8012,133266,133481
6151,213,8012,133481,133694
8269,207,8012,133694,133901
9064,88,8012,133901,133989
9349,84,8012,133989,134073
2152,155,8013,134072,134227
4174,164,8013,134227,134391
4319,179,8013,134391,134570
5903,111,8013,134570,134681
6228,248,8013,1387029,1387277
3779,204,8014,134903,135107
6884,259,8014,1387053,1387312
7454,4,8014,135330,135334
9105,30,8014,135334,135364
2636,221,8015,135363,135584
5141,236,8015,1387088,1387324
9434,250,8015,1387101,1387351
9895,170,8015,136030,136200
2003,152,8016,136199,136351
3707,163,8016,136351,136514
5115,57,8016,136514,136571
5487,173,8016,136571,136744
9735,81,8016,136744,136825
3447,165,8017,136824,136989
5182,174,8017,136989,137163
9849,201,8017,137163,137364
5324,48,8018,137363,137411
8229,208,8018,137411,137619
1122,259,8019,1387124,1387383
1648,36,8019,137841,137877
3260,213,8019,137877,138090
3408,71,8020,138089,138160
5688,18,8020,138160,138178
9826,36,8020,138178,138214
2273,65,8021,138213,138278
2340,245,8021,1387158,1387403
2397,109,8021,138501,138610
5780,32,8021,138610,138642
6147,173,8021,138642,138815
8071,83,8021,138815,138898
2987,91,8022,138897,138988
4477,257,8022,1387179,1387436
6452,2,8022,139211,139213
7910,200,8022,139213,139413
8714,108,8022,139413,139521
1413,6,8023,139520,139526
6597,128,8023,139526,139654
6977,16,8023,139654,139670
9454,248,8023,1387212,1387460
9868,82,8023,139893,139975
1210,141,8024,139974,140115
8746,112,8024,140115,140227
5844,158,8025,140226,140384
6336,261,8025,1387235,1387496
6862,27,8025,140607,140634
4448,181,8026,140633,140814
4538,257,8026,1387272,1387529
5527,251,8026,1387306,1387557
6301,13,8026,141260,141273
7486,293,8026,1471231,1471524
3203,218,8027,141495,141713
4209,46,8027,141713,141759
5562,59,8027,141759,141818
6635,120,8027,141818,141938
8119,2,8027,141938,141940
9814,254,8027,1387391,1387645
1487,67,8028,142162,142229
1670,297,8028,1476692,1476989
5053,299,8028,1476694,1476993
6174,84,8028,142675,142759
7855,169,8028,142759,142928
1294,238,8029,1387536,1387774
3965,292,8029,1471268,1471560
4901,181,8029,143373,143554
9788,176,8029,143554,143730
2719,80,8030,143729,143809
7747,12,8030,143809,143821
2511,143,8031,143820,143963
5093,8,8031,143963,143971
5478,250,8031,1387607,1387857
5645,58,8031,144194,144252
5813,112,8031,144252,144364
5868,128,8031,144364,144492
5938,198,8031,144492,144690
6999,176,8031,144690,144866
8112,165,8031,144866,145031
8395,170,8031,145031,145201
8732,269,8031,1387634,1387903
9725,136,8031,145424,145560
1307,172,8032,145559,145731
1798,283,8032,1471276,1471559
6374,296,8032,1476694,1476990
7272,186,8032,146177,146363
9172,174,8032,146363,146537
9897,238,8032,1387795,1388033
3584,76,8033,146759,146835
3727,233,8033,1387809,1388042
6869,8,8033,147058,147066
8084,191,8033,147066,147257
9659,28,8033,147257,147285
9212,59,8034,147284,147343
2383,15,8035,147342,147357
2570,3,8035,147357,147360
3070,186,8035,147360,147546
8277,208,8035,147546,147754
1115,117,8036,147753,147870
1666,293,8036,1471288,1471581
4446,243,8036,1387874,1388117
5078,193,8036,148316,148509
5186,288,8036,1471300,1471588
6491,276,8036,1387952,1388228
3861,259,8037,1388004,1388263
1006,290,8038,1471305,1471595
2436,108,8038,149399,149507
4182,219,8038,149507,149726
4493,58,8038,149726,149784
1002,290,8039,1471313,1471603
1755,195,8039,150006,150201
2334,59,8039,150201,150260
3714,151,8039,150260,150411
6926,257,8039,1388154,1388411
1802,272,8040,1388187,1388459
2257,102,8040,150856,150958
4530,42,8040,150958,151000
6270,22,8040,151000,151022
6933,288,8040,1471321,1471609
8417,144,8040,151245,151389
2422,242,8041,1388293,1388535
7082,169,8041,151611,151780
8078,219,8041,151780,151999
8532,299,8041,1476686,1476985
2421,250,8042,1388369,1388619
2813,215,8042,152444,152659
5052,89,8042,152659,152748
5401,77,8042,152748,152825
7004,235,8042,1388396,1388631
8364,142,8042,153048,153190
9321,285,8042,1471340,1471625
2277,46,8043,153412,153458
2534,284,8043,1471343,1471627
3547,57,8043,153681,153738
4168,41,8043,153738,153779
4340,241,8043,1388523,1388764
7029,150,8043,154002,154152
1230,19,8044,154151,154170
2755,205,8044,154170,154375
7972,144,8044,154375,154519
9029,102,8044,154519,154621
9469,149,8044,154621,154770
9517,9,8044,154770,154779
1020,178,8045,154778,154956
6614,37,8045,154956,154993
9319,241,8045,1388539,1388780
1767,34,8046,155215,155249
2026,236,8046,1388556,1388792
4741,52,8046,155472,155524
5108,86,8046,155524,155610
7746,191,8046,155610,155801
8648,53,8046,155801,155854
5954,255,8047,1388568,1388823
6644,21,8047,156076,156097
2228,285,8048,1471341,1471626
3346,280,8048,1388657,1388937
6193,265,8048,1388714,1388979
6713,3,8048,156765,156768
6904,251,8048,1388756,1389007
8276,107,8048,156991,157098
9660,100,8048,157098,157198
1882,35,8049,157197,157232
7760,177,8049,157232,157409
1189,170,8050,157408,157578
4414,4,8050,157578,157582
5509,291,8050,1471343,1471634
6805,125,8051,157804,157929
7157,218,8051,157929,158147
1378,184,8052,158146,158330
1585,116,8052,158330,158446
4105,290,8052,1471351,1471641
6587,198,8052,158669,158867
8102,79,8052,158867,158946
4349,265,8053,1388895,1389160
4655,237,8053,1388937,1389174
9356,111,8053,159391,159502
9419,83,8053,159502,159585
3523,248,8054,1388950,1389198
5158,156,8054,159807,159963
6848,197,8054,159963,160160
7984,35,8054,160160,160195
8524,51,8054,160195,160246
1926,81,8055,160245,160326
5420,215,8055,160326,160541
5653,147,8055,160541,160688
6822,69,8055,160688,160757
2892,262,8056,1388973,1389235
5967,168,8056,160979,161147
1040,174,8057,161146,161320
2596,80,8057,161320,161400
2675,101,8057,161400,161501
3039,116,8057,161501,161617
3881,46,8057,161617,161663
8596,299,8057,1476674,1476973
2168,116,8058,161885,162001
2968,187,8058,162001,162188
6240,210,8058,162188,162398
9669,246,8058,1389068,1389314
1785,155,8059,162620,162775
6931,97,8059,162775,162872
9829,75,8059,162872,162947
1942,179,8060,162946,163125
2593,105,8060,163125,163230
3478,177,8060,163230,163407
6294,261,8060,1389089,1389350
9230,221,8060,163630,163851
1779,293,8061,1471365,1471658
2653,103,8061,164073,164176
4004,13,8061,164176,164189
6992,64,8061,164189,164253
4104,202,8063,164251,164453
7093,42,8063,164453,164495
7913,115,8063,164495,164610
1014,212,8064,164609,164821
7149,104,8064,164821,164925
8340,274,8064,1389181,1389455
2063,98,8065,165147,165245
4858,138,8065,165245,165383
6260,208,8065,165383,165591
2744,8,8066,165590,165598
4363,172,8066,165598,165770
6484,25,8066,165770,165795
3312,206,8067,165794,166000
9597,193,8067,166000,166193
9678,273,8067,1389229,1389502
2286,92,8068,166415,166507
2777,147,8068,166507,166654
3841,5,8068,166654,166659
8426,50,8068,166659,166709
8575,165,8068,166709,166874
8817,146,8068,166874,167020
1750,296,8069,1476666,1476962
5654,158,8069,167242,167400
5926,286,8069,1471383,1471669
9278,286,8069,1471388,1471674
9809,111,8069,167846,167957
1053,88,8070,167956,168044
1290,49,8070,168044,168093
3632,69,8070,168093,168162
3868,135,8070,168162,168297
9256,201,8070,168297,168498
2738,267,8071,1389449,1389716
9129,37,8071,168720,168757
8578,228,8072,1389492,1389720
8762,39,8072,168979,169018
9381,223,8072,169018,169241
3609,46,8073,169240,169286
4338,96,8073,169286,169382
5471,190,8073,169382,169572
7840,1,8073,169572,169573
8767,96,8073,169573,169669
9042,143,8073,169669,169812
9153,177,8073,169812,169989
1121,6,8074,169988,169994
3938,64,8074,169994,170058
4037,217,8074,170058,170275
4364,30,8074,170275,170305
4554,232,8074,1389495,1389727
4786,78,8074,170528,170606
5037,41,8074,170606,170647
7487,204,8074,170647,170851
9877,2,8074,170851,170853
3257,54,8075,170852,170906
3956,58,8075,170906,170964
8884,5,8075,170964,170969
1241,18,8076,170968,170986
4367,87,8076,170986,171073
8024,156,8076,171073,171229
8106,257,8076,1389502,1389759
8148,137,8076,171452,171589
1643,199,8077,171588,171787
4147,226,8077,1389535,1389761
7614,69,8077,172010,172079
9635,30,8077,172079,172109
2917,285,8078,1471384,1471669
3245,159,8078,172331,172490
4841,105,8078,172490,172595
4410,154,8079,172594,172748
5614,189,8079,172748,172937
2008,32,8080,172936,172968
2086,156,8080,172968,173124
2863,211,8080,173124,173335
3917,28,8080,173335,173363
4603,115,8080,173363,173478
5802,283,8080,1471386,1471669
9656,148,8080,173701,173849
2000,159,8081,173848,174007
3226,75,8081,174007,174082
4747,27,8081,174082,174109
7467,55,8081,174109,174164
8509,159,8081,174164,174323
9746,18,8081,174323,174341
3118,244,8082,1389649,1389893
3804,264,8082,1389670,1389934
4274,236,8082,1389711,1389947
5706,54,8082,175009,175063
6187,148,8082,175063,175211
6199,241,8082,1389724,1389965
8076,6,8082,175434,175440
1744,164,8083,175439,175603
1994,18,8083,175603,175621
3483,292,8083,1471385,1471677
5569,251,8083,1389799,1390050
6076,265,8083,1389827,1390092
1991,145,8084,176289,176434
2021,284,8084,1471395,1471679
4220,72,8084,176657,176729
4576,15,8084,176729,176744
5211,300,8084,1477070,1477370
9429,6,8084,176967,176973
3318,235,8085,1389983,1390218
5863,242,8085,1389995,1390237
8133,106,8085,177418,177524
9079,5,8085,177524,177529
9641,81,8085,177529,177610
2404,265,8086,1390013,1390278
2786,9,8086,177832,177841
3420,273,8086,1390055,1390328
3701,95,8086,178064,178159
4682,17,8086,178159,178176
5286,63,8086,178176,178239
5966,241,8086,1390105,1390346
9563,29,8086,178462,178491
9617,147,8086,178491,178638
2930,228,8087,1390122,1390350
8824,12,8087,178860,178872
8961,73,8087,178872,178945
8996,142,8087,178945,179087
9928,83,8087,179087,179170
1302,88,8088,179169,179257
2772,68,8088,179257,179325
6868,94,8088,179325,179419
3464,62,8089,179418,179480
4988,274,8089,1390125,1390399
8117,243,8089,1390176,1390419
2758,295,8090,1471406,1471701
2319,47,8091,180147,180194
3595,132,8091,180194,180326
6801,253,8091,1390252,1390505
7490,106,8091,180549,180655
1589,31,8092,180654,180685
7595,201,8092,180685,180886
2235,76,8093,180885,180961
2862,38,8093,180961,180999
3225,105,8093,180999,181104
4213,93,8093,181104,181197
5299,100,8093,181197,181297
6438,241,8093,1390280,1390521
8537,42,8093,181520,181562
8586,45,8093,181562,181607
8986,58,8093,181607,181665
4167,91,8094,181664,181755
5034,77,8094,181755,181832
5161,66,8094,181832,181898
7694,171,8094,181898,182069
9066,250,8094,1390297,1390547
2545,13,8095,182291,182304
7696,235,8095,1390323,1390558
7836,153,8095,182527,182680
2514,192,8096,182679,182871
3876,32,8096,182871,182903
5991,85,8096,182903,182988
7299,30,8096,182988,183018
5510,23,8097,183017,183040
4008,134,8098,183039,183173
4689,266,8098,1390332,1390598
5009,85,8098,183396,183481
6783,81,8098,183481,183562
9022,227,8098,1390375,1390602
2548,235,8099,1390378,1390613
5155,300,8099,1477056,1477356
6709,248,8099,1390448,1390696
1339,56,8100,184452,184508
4478,174,8100,184508,184682
9560,152,8100,184682,184834
2068,240,8101,1390471,1390711
3327,24,8101,185056,185080
3424,138,8101,185080,185218
3460,123,8101,185218,185341
7664,268,8101,1390488,1390756
9392,268,8101,1390533,1390801
1394,43,8102,185786,185829
5081,125,8102,185829,185954
7027,4,8102,185954,185958
8980,70,8102,185958,186028
2709,81,8103,186027,186108
3179,292,8103,1471421,1471713
4797,215,8103,186331,186546
5750,42,8103,186546,186588
6549,241,8103,1390634,1390875
7935,165,8103,186811,186976
9407,175,8103,186976,187151
1118,141,8104,187150,187291
3575,248,8104,1390651,1390899
4756,230,8104,1390676,1390906
5453,39,8104,187737,187776
7744,136,8104,187776,187912
4828,120,8105,187911,188031
6286,278,8105,1390682,1390960
6548,66,8105,188254,188320
7068,11,8105,188320,188331
7590,281,8105,1390737,1391018
3790,270,8106,1390794,1391064
7902,57,8106,188776,188833
9399,175,8106,188833,189008
2730,139,8107,189007,189146
3536,97,8107,189146,189243
4667,187,8107,189243,189430
9313,113,8107,189430,189543
2905,185,8108,189542,189727
6819,181,8108,189727,189908
8035,127,8108,189908,190035
1893,143,8109,190034,190177
3321,72,8109,190177,190249
5740,139,8109,190249,190388
6381,82,8109,190388,190470
8362,208,8109,190470,190678
2120,48,8110,190677,190725
2816,45,8110,190725,190770
5317,121,8110,190770,190891
6406,216,8110,190891,191107
7652,79,8110,191107,191186
9443,199,8110,191186,191385
9819,18,8110,191385,191403
1692,250,8111,1390836,1391086
7147,229,8111,1390863,1391092
8390,129,8111,191848,191977
9565,3,8111,191977,191980
1706,187,8112,191979,192166
2601,144,8112,192166,192310
3903,186,8112,192310,192496
6772,231,8112,1390868,1391099
6024,218,8114,192717,192935
8864,81,8114,192935,193016
1035,101,8115,193015,193116
2520,84,8115,193116,193200
4394,91,8115,193200,193291
6495,88,8115,193291,193379
7391,93,8115,193379,193472
2607,172,8116,193471,193643
4017,7,8116,193643,193650
4202,190,8116,193650,193840
4830,111,8116,193840,193951
9791,245,8116,1390872,1391117
3537,131,8117,194173,194304
6529,212,8117,194304,194516
9974,70,8117,194516,194586
2369,10,8118,194585,194595
2928,225,8118,1390892,1391117
4812,4,8118,194818,194822
5793,82,8118,194822,194904
6627,243,8118,1390894,1391137
9120,60,8118,195127,195187
4842,51,8119,195186,195237
5722,202,8119,195237,195439
8625,295,8119,1471416,1471711
9214,95,8119,195662,195757
3877,255,8120,1390970,1391225
7831,240,8120,1391002,1391242
8925,18,8120,196202,196220
1139,290,8122,1471427,1471717
2260,259,8122,1391075,1391334
2352,275,8122,1391111,1391386
6205,196,8122,196887,197083
7710,289,8122,1471436,1471725
1708,121,8123,197305,197426
5496,290,8123,1471443,1471733
9931,231,8123,1391278,1391509
1092,17,8124,197871,197888
4624,183,8124,197888,198071
5890,251,8124,1391285,1391536
6967,52,8124,198294,198346
8696,32,8124,198346,198378
8711,160,8124,198378,198538
8776,227,8124,1391313,1391540
1512,264,8125,1391316,1391580
2103,39,8125,198983,199022
2358,132,8125,199022,199154
3069,290,8125,1471450,1471740
4765,114,8125,199377,199491
5375,194,8125,199491,199685
7059,29,8125,199685,199714
7410,234,8125,1391415,1391649
8309,257,8126,1391425,1391682
9750,157,8126,200159,200316
1686,35,8127,200315,200350
3835,111,8127,200350,200461
3939,117,8127,200461,200578
5228,255,8127,1391458,1391713
5423,76,8127,200801,200877
8724,71,8127,200877,200948
8808,155,8127,200948,201103
2517,157,8128,201102,201259
2677,221,8128,201259,201480
2926,93,8128,201480,201573
4322,8,8128,201573,201581
5073,294,8128,1471456,1471750
4207,254,8129,1391546,1391800
2018,113,8130,202025,202138
2624,68,8130,202138,202206
3952,169,8130,202206,202375
1083,241,8131,1391575,1391816
7464,101,8131,202597,202698
9883,190,8131,202698,202888
1213,15,8132,202887,202902
9576,169,8132,202902,203071
9820,126,8132,203071,203197
1426,238,8133,1391591,1391829
2083,206,8133,203419,203625
4059,283,8133,1471464,1471747
5988,97,8133,203848,203945
6109,67,8133,203945,204012
8982,76,8133,204012,204088
9575,2,8133,204088,204090
1489,220,8134,204089,204309
4659,116,8134,204309,204425
5646,166,8134,204425,204591
6361,237,8134,1391663,1391900
8469,52,8134,204814,204866
2978,117,8135,204865,204982
4188,25,8135,204982,205007
4277,283,8135,1471464,1471747
4942,65,8135,205230,205295
5996,59,8135,205295,205354
6468,200,8135,205354,205554
7262,128,8135,205554,205682
7418,83,8135,205682,205765
9892,151,8135,205765,205916
1061,244,8136,1391733,1391977
5197,86,8136,206138,206224
9074,163,8136,206224,206387
5576,202,8137,206386,206588
6547,298,8137,1476607,1476905
5993,277,8138,1391810,1392087
9863,290,8138,1471477,1471767
2887,153,8139,207255,207408
4261,163,8139,207408,207571
8855,227,8139,1391921,1392148
9288,130,8139,207794,207924
9719,83,8139,207924,208007
3957,21,8140,208006,208027
6341,183,8140,208027,208210
8487,111,8140,208210,208321
9187,223,8140,208321,208544
6010,178,8141,208543,208721
8422,167,8141,208721,208888
9844,21,8141,208888,208909
9909,177,8141,208909,209086
2810,98,8142,209085,209183
2858,198,8142,209183,209381
6778,77,8142,209381,209458
1130,159,8143,209457,209616
1783,300,8143,1477013,1477313
3314,146,8143,209839,209985
6317,208,8143,209985,210193
6793,159,8143,210193,210352
6919,254,8143,1391979,1392233
7414,142,8143,210575,210717
1420,69,8144,210716,210785
1675,279,8144,1392009,1392288
9769,225,8144,1392065,1392290
1816,7,8145,211230,211237
3083,105,8145,211237,211342
4348,209,8145,211342,211551
6561,173,8146,211550,211723
7412,31,8146,211723,211754
1679,125,8147,211753,211878
2972,31,8147,211878,211909
3627,226,8147,1392064,1392290
4719,209,8147,212132,212341
5439,267,8147,1392067,1392334
6840,143,8147,212564,212707
7900,298,8147,1476604,1476902
8472,10,8147,212930,212940
6064,225,8148,1392168,1392393
6504,182,8148,213162,213344
9830,179,8148,213344,213523
4597,78,8149,213522,213600
9600,19,8149,213600,213619
2585,120,8150,213618,213738
2666,219,8150,213738,213957
2727,127,8150,213957,214084
4479,291,8150,1471502,1471793
7154,180,8150,214307,214487
8097,11,8150,214487,214498
9061,222,8150,214498,214720
1252,265,8151,1392225,1392490
3762,17,8151,214942,214959
4313,181,8151,214959,215140
4910,221,8151,215140,215361
4945,78,8151,215361,215439
6921,270,8151,1392267,1392537
9759,162,8151,215662,215824
2370,259,8152,1392313,1392572
5465,44,8152,216046,216090
6991,221,8152,216090,216311
5803,221,8153,216310,216531
6150,250,8153,1392348,1392598
8319,89,8153,216754,216843
8512,253,8153,1392375,1392628
5269,84,8154,217065,217149
9194,281,8154,1392404,1392685
1473,169,8155,217371,217540
2320,113,8155,217540,217653
2337,53,8155,217653,217706
3990,257,8155,1392461,1392718
5157,51,8155,217929,217980
6073,256,8155,1392495,1392751
6117,130,8155,218203,218333
7146,56,8155,218333,218389
1158,287,8156,1471506,1471793
1264,197,8156,218611,218808
5703,233,8156,1392585,1392818
8075,102,8156,219031,219133
2923,234,8157,1392594,1392828
5236,57,8157,219355,219412
6462,15,8157,219412,219427
7360,54,8157,219427,219481
7383,296,8157,1476597,1476893
7417,193,8157,219704,219897
8555,290,8157,1471525,1471815
1742,160,8158,220119,220279
2802,87,8158,220279,220366
5519,235,8158,1392720,1392955
7686,204,8158,220589,220793
1078,25,8159,220792,220817
5953,24,8159,220817,220841
8093,215,8159,220841,221056
3614,18,8160,221055,221073
4729,272,8160,1392730,1393002
5362,61,8160,221296,221357
6422,250,8160,1392779,1393029
2880,124,8161,221579,221703
3660,72,8161,221703,221775
5940,46,8161,221775,221821
9038,231,8161,1392805,1393036
2014,35,8162,222043,222078
3227,242,8162,1392812,1393054
5138,281,8162,1392831,1393112
6434,238,8162,1392889,1393127
7429,71,8162,222747,222818
8055,229,8162,1392904,1393133
8759,77,8162,223041,223118
9720,251,8162,1392910,1393161
1622,166,8163,223340,223506
9058,295,8163,1471528,1471823
9474,30,8163,223729,223759
1432,117,8164,223758,223875
6259,37,8164,223875,223912
2424,142,8165,223911,224053
3973,74,8165,224053,224127
8497,257,8165,1392993,1393250
8727,76,8166,224349,224425
8905,28,8166,224425,224453
9505,19,8166,224453,224472
9577,170,8166,224472,224642
1703,138,8167,224641,224779
7756,117,8167,224779,224896
8304,161,8167,224896,225057
8314,95,8167,225057,225152
8621,147,8167,225152,225299
8960,286,8167,1471538,1471824
3428,93,8168,225521,225614
3846,224,8168,1393082,1393306
5854,231,8168,1393083,1393314
9502,179,8168,226060,226239
2619,25,8169,226238,226263
2787,166,8169,226263,226429
3230,142,8169,226429,226571
7372,20,8169,226571,226591
8180,283,8169,1471541,1471824
1649,257,8170,1393147,1393404
4646,203,8170,227036,227239
5457,300,8170,1476987,1477287
6645,72,8170,227462,227534
7293,19,8170,227534,227553
8267,267,8171,1393238,1393505
8750,56,8171,227775,227831
3122,10,8172,227830,227840
4073,101,8172,227840,227941
4165,178,8172,227941,228119
5333,213,8172,228119,228332
7280,285,8172,1471554,1471839
2035,74,8173,228554,228628
2833,90,8173,228628,228718
6744,254,8173,1393338,1393592
1168,213,8174,228940,229153
1577,280,8174,1393368,1393648
4336,170,8174,229376,229546
8821,287,8174,1471556,1471843
4879,149,8175,229768,229917
5296,254,8175,1393482,1393736
7988,215,8175,230140,230355
9096,34,8175,230355,230389
8170,295,8176,1471560,1471855
9701,130,8177,230610,230740
9726,88,8177,230740,230828
4219,280,8178,1393568,1393848
5795,83,8178,231050,231133
9535,3,8178,231133,231136
5689,61,8179,231135,231196
1124,127,8180,231195,231322
1889,154,8180,231322,231476
2359,230,8180,1393623,1393853
2703,1,8180,231699,231700
4833,39,8180,231700,231739
4999,217,8180,231739,231956
8205,268,8180,1393630,1393898
8631,222,8180,232179,232401
2999,32,8181,232400,232432
4475,136,8181,232432,232568
5732,177,8181,232568,232745
6562,222,8181,232745,232967
6616,234,8181,1393674,1393908
7919,80,8181,233190,233270
8393,97,8181,233270,233367
8863,62,8181,233367,233429
5251,183,8182,233428,233611
7300,233,8182,1393684,1393917
8990,292,8182,1471568,1471860
9138,158,8182,234057,234215
3709,257,8183,1393751,1394008
4021,62,8183,234437,234499
5173,232,8183,1393785,1394017
5408,259,8183,1393794,1394053
7475,127,8183,234945,235072
7914,71,8183,235072,235143
9677,196,8183,235143,235339
1630,176,8184,235338,235514
2733,92,8184,235514,235606
3788,202,8184,235606,235808
4835,75,8184,235808,235883
8779,130,8184,235883,236013
4091,115,8185,236012,236127
6603,62,8185,236127,236189
7776,12,8185,236189,236201
8294,107,8185,236201,236308
4339,125,8186,236307,236432
6161,279,8186,1393827,1394106
6492,19,8186,236655,236674
8019,12,8186,236674,236686
8922,40,8186,236686,236726
5643,210,8187,236725,236935
6222,177,8187,236935,237112
7582,190,8187,237112,237302
9802,148,8187,237302,237450
3027,178,8188,237449,237627
3412,131,8188,237627,237758
5905,42,8188,237758,237800
7351,182,8188,237800,237982
8323,123,8188,237982,238105
2131,117,8189,238104,238221
2298,61,8189,238221,238282
7012,90,8189,238282,238372
8938,4,8189,238372,238376
9622,271,8189,1393880,1394151
1896,86,8190,238598,238684
3498,154,8190,238684,238838
6141,83,8190,238838,238921
6837,92,8190,238921,239013
8331,297,8190,1476569,1476866
8418,129,8190,239236,239365
4160,137,8191,239364,239501
4744,82,8191,239501,239583
5045,107,8191,239583,239690
5513,44,8191,239690,239734
7742,45,8191,239734,239779
7938,142,8191,239779,239921
6795,19,8192,239920,239939
6885,215,8192,239939,240154
7103,246,8192,1393983,1394229
9414,133,8192,240377,240510
6037,85,8193,240509,240594
7450,214,8193,240594,240808
9190,277,8193,1394005,1394282
4025,25,8194,241030,241055
4876,2,8194,241055,241057
6217,115,8194,241057,241172
6739,109,8194,241172,241281
4809,266,8195,1394057,1394323
5555,122,8195,241503,241625
7198,11,8195,241625,241636
8542,200,8195,241636,241836
9203,224,8195,1394100,1394324
1941,207,8196,242058,242265
2036,296,8196,1476565,1476861
6387,112,8196,242488,242600
7556,55,8196,242600,242655
7973,26,8196,242655,242681
8200,178,8196,242681,242859
9133,31,8196,242859,242890
9691,227,8196,1394158,1394385
1144,68,8197,243112,243180
2147,257,8197,1394161,1394418
4788,168,8197,243403,243571
1451,205,8198,243570,243775
3870,27,8198,243775,243802
8399,58,8198,243802,243860
2213,260,8199,1394193,1394453
4637,22,8199,244082,244104
4960,216,8199,244104,244320
7347,209,8199,244320,244529
3216,291,8200,1471589,1471880
3753,282,8200,1471599,1471881
3765,142,8200,244974,245116
4509,163,8200,245116,245279
5191,186,8200,245279,245465
7275,190,8200,245465,245655
8184,282,8200,1471600,1471882
9020,258,8200,1394403,1394661
2440,156,8201,246100,246256
3487,284,8201,1471600,1471884
3594,248,8201,1394495,1394743
7631,67,8201,246702,246769
4476,101,8202,246768,246869
6198,286,8202,1471602,1471888
6949,108,8202,247092,247200
7676,71,8202,247200,247271
2527,203,8203,247270,247473
3390,7,8203,247473,247480
6044,58,8203,247480,247538
6533,164,8203,247538,247702
7060,171,8203,247702,247873
7064,298,8203,1476559,1476857
7848,8,8203,248096,248104
9685,165,8203,248104,248269
1365,141,8204,248268,248409
1733,61,8204,248409,248470
2044,71,8204,248470,248541
2985,137,8204,248541,248678
3347,10,8204,248678,248688
5178,136,8204,248688,248824
7896,71,8204,248824,248895
8370,281,8204,1394633,1394914
8917,69,8204,249118,249187
7388,242,8205,1394690,1394932
8386,209,8205,249409,249618
8589,77,8205,249618,249695
2697,279,8206,1394708,1394987
3698,174,8206,249917,250091
8181,236,8206,1394764,1395000
8739,283,8206,1471617,1471900
2660,116,8207,250536,250652
5237,78,8207,250652,250730
6543,77,8207,250730,250807
8401,78,8207,250807,250885
1017,239,8208,1394833,1395072
4572,186,8208,251107,251293
6648,4,8208,251293,251297
9277,52,8208,251297,251349
3280,152,8209,251348,251500
4772,156,8209,251500,251656
4801,234,8209,1394848,1395082
5270,166,8209,251879,252045
8014,94,8209,252045,252139
8197,146,8209,252139,252285
8221,43,8209,252285,252328
1665,189,8210,252327,252516
3986,238,8210,1394858,1395096
5150,174,8210,252739,252913
7252,78,8210,252913,252991
7800,290,8210,1471615,1471905
9121,43,8210,253214,253257
3249,241,8211,1394930,1395171
5514,282,8211,1471623,1471905
6454,198,8211,253702,253900
8088,203,8211,253900,254103
8476,54,8211,254103,254157
9979,47,8211,254157,254204
1830,228,8212,1395005,1395233
2170,29,8212,254426,254455
2953,163,8212,254455,254618
3843,279,8212,1395010,1395289
5867,72,8212,254841,254913
8667,251,8212,1395066,1395317
1988,135,8213,255135,255270
2205,242,8213,1395093,1395335
2951,87,8213,255493,255580
5473,159,8213,255580,255739
5682,152,8213,255739,255891
6997,76,8213,255891,255967
7370,114,8213,255967,256081
8953,273,8213,1395112,1395385
9782,19,8213,256304,256323
3159,299,8214,1476551,1476850
3646,48,8214,256545,256593
4736,268,8214,1395219,1395487
8935,3,8215,256815,256818
9188,98,8215,256818,256916
1614,142,8216,256915,257057
2456,297,8216,1476553,1476850
6078,144,8216,257280,257424
7307,118,8216,257424,257542
7585,235,8216,1395320,1395555
7851,57,8216,257765,257822
8687,141,8216,257822,257963
1762,263,8217,1395331,1395594
2037,116,8217,258185,258301
4197,81,8217,258301,258382
6390,73,8217,258382,258455
7572,150,8217,258455,258605
9426,223,8217,258605,258828
2343,195,8218,258827,259022
9977,263,8218,1395370,1395633
2800,74,8219,259244,259318
3146,293,8219,1471644,1471937
4099,84,8219,259541,259625
6520,235,8219,1395467,1395702
6927,278,8219,1395479,1395757
4243,73,8220,260070,260143
6169,272,8220,1395533,1395805
6953,4,8220,260366,260370
8007,251,8220,1395582,1395833
9651,286,8220,1471655,1471941
1515,231,8221,1395667,1395898
2655,209,8221,261038,261247
4177,63,8221,261247,261310
6571,10,8221,261310,261320
9878,289,8221,1471659,1471948
1780,102,8222,261542,261644
2946,172,8222,261644,261816
7317,148,8222,261816,261964
1154,239,8223,1395731,1395970
1992,40,8223,262186,262226
2795,219,8223,262226,262445
3291,103,8223,262445,262548
3591,195,8223,262548,262743
6420,52,8223,262743,262795
6581,126,8223,262795,262921
9347,166,8223,262921,263087
9696,16,8223,263087,263103
7814,229,8224,1395746,1395975
4832,54,8225,263324,263378
8563,103,8225,263378,263481
2105,195,8226,263480,263675
3494,236,8226,1395750,1395986
3621,149,8226,263898,264047
4940,182,8226,264047,264229
5727,163,8226,264229,264392
8438,34,8226,264392,264426
9562,125,8226,264426,264551
9821,94,8226,264551,264645
9978,7,8226,264645,264652
4883,118,8227,264651,264769
6944,149,8227,264769,264918
7602,95,8227,264918,265013
2047,184,8228,265012,265196
4331,33,8228,265196,265229
4468,285,8228,1471660,1471945
4884,93,8228,265452,265545
6760,36,8228,265545,265581
5621,288,8229,1471663,1471951
7628,38,8229,265803,265841
9528,96,8229,265841,265937
1204,149,8230,265936,266085
1300,32,8230,266085,266117
2070,38,8230,266117,266155
4155,188,8230,266155,266343
5106,48,8230,266343,266391
7007,10,8230,266391,266401
7599,282,8230,1471669,1471951
1190,177,8231,266623,266800
5310,218,8232,266799,267017
6780,88,8232,267017,267105
3440,153,8233,267104,267257
5425,2,8233,267257,267259
5865,288,8233,1471667,1471955
6047,99,8233,267482,267581
6691,173,8234,267580,267753
3222,79,8235,267752,267831
4359,239,8235,1395986,1396225
6770,278,8235,1396002,1396280
7934,58,8235,268277,268335
2739,138,8236,268334,268472
5535,118,8236,268472,268590
3485,58,8237,268589,268647
3767,76,8237,268647,268723
4431,218,8237,268723,268941
4725,220,8237,268941,269161
7438,59,8237,269161,269220
9176,276,8237,1396055,1396331
1897,207,8238,269442,269649
4865,4,8238,269649,269653
5103,17,8238,269653,269670
1367,193,8239,269669,269862
1700,85,8239,269862,269947
1902,149,8239,269947,270096
2553,84,8239,270096,270180
4762,256,8239,1396106,1396362
6952,234,8239,1396139,1396373
4116,225,8240,1396149,1396374
5607,235,8240,1396151,1396386
6690,17,8240,271071,271088
1612,23,8241,271087,271110
2615,42,8241,271110,271152
2679,235,8241,1396162,1396397
8841,120,8241,271375,271495
2476,84,8242,271494,271578
8061,73,8242,271578,271651
1766,122,8243,271650,271772
2513,126,8243,271772,271898
3197,238,8243,1396172,1396410
3319,231,8243,1396187,1396418
4754,5,8243,272344,272349
6280,217,8243,272349,272566
7331,25,8243,272566,272591
7727,292,8243,1471664,1471956
9280,144,8243,272814,272958
1062,4,8244,272957,272961
3148,84,8244,272961,273045
5927,6,8244,273045,273051
6861,227,8244,1396252,1396479
8158,232,8244,1396256,1396488
8349,26,8244,273497,273523
2540,58,8245,273522,273580
2760,185,8245,273580,273765
4813,196,8245,273765,273961
6776,215,8245,273961,274176
3577,146,8246,274175,274321
4123,198,8246,274321,274519
5447,145,8246,274519,274664
8478,126,8246,274664,274790
8670,100,8247,274789,274889
9631,71,8247,274889,274960
9742,189,8247,274960,275149
2445,46,8248,275148,275194
3305,57,8248,275194,275251
3397,266,8248,1396261,1396527
4854,187,8248,275474,275661
5636,17,8248,275661,275678
5741,71,8248,275678,275749
5635,9,8249,275748,275757
5914,98,8249,275757,275855
8021,200,8249,275855,276055
2595,264,8250,1396302,1396566
6446,290,8250,1471668,1471958
7001,250,8250,1396401,1396651
7476,219,8250,276723,276942
7719,115,8250,276942,277057
8045,98,8250,277057,277155
9612,153,8250,277155,277308
9664,212,8250,277308,277520
1735,78,8251,277519,277597
2212,299,8251,1476520,1476819
2547,144,8251,277820,277964
3437,142,8251,277964,278106
4409,143,8251,278106,278249
4484,289,8251,1471690,1471979
9984,177,8251,278472,278649
4570,135,8252,278648,278783
1496,214,8253,278782,278996
2575,235,8253,1396541,1396776
4916,156,8253,279219,279375
6285,295,8253,1471696,1471991
6595,294,8253,1471710,1472004
7387,240,8253,1396669,1396909
8434,102,8253,280044,280146
1342,153,8254,280145,280298
1775,31,8254,280298,280329
3416,190,8254,280329,280519
3549,8,8254,280519,280527
4097,3,8254,280527,280530
4378,209,8254,280530,280739
6231,90,8254,280739,280829
8494,82,8254,280829,280911
9614,187,8254,280911,281098
1486,226,8255,1396684,1396910
7726,198,8255,281320,281518
8760,9,8255,281518,281527
9663,71,8255,281527,281598
8835,174,8256,281597,281771
1199,121,8257,281770,281891
3866,263,8257,1396685,1396948
6091,131,8257,282114,282245
6136,283,8257,1471719,1472002
7611,234,8257,1396783,1397017
9273,42,8257,282691,282733
9786,116,8257,282733,282849
1164,293,8258,1471720,1472013
2288,275,8258,1396851,1397126
6040,79,8258,283294,283373
7264,293,8258,1471732,1472025
8654,268,8258,1396961,1397229
1696,216,8259,283818,284034
3715,118,8259,284034,284152
5071,243,8259,1397005,1397248
9433,98,8259,284375,284473
2066,62,8260,284472,284534
3325,128,8260,284534,284662
4722,271,8260,1397024,1397295
8271,250,8260,1397072,1397322
1402,176,8261,285107,285283
7868,45,8261,285283,285328
9103,7,8261,285328,285335
9731,286,8261,1471741,1472027
1281,204,8262,285557,285761
2656,237,8262,1397155,1397392
4244,221,8262,285984,286205
4578,30,8262,286205,286235
5832,61,8262,286235,286296
6937,11,8262,286296,286307
9242,293,8262,1471745,1472038
4206,176,8263,286529,286705
4565,241,8263,1397226,1397467
9890,83,8263,286928,287011
5766,290,8264,1471755,1472045
6810,32,8264,287233,287265
2209,283,8265,1471763,1472046
7231,122,8265,287487,287609
8957,75,8265,287609,287684
1731,111,8266,287683,287794
2283,252,8266,1397357,1397609
7749,113,8266,288017,288130
7829,42,8266,288130,288172
7536,114,8267,288171,288285
3975,251,8268,1397384,1397635
4679,215,8268,288507,288722
5500,86,8268,288722,288808
6002,80,8268,288808,288888
7570,196,8268,288888,289084
8906,126,8268,289084,289210
9363,185,8268,289210,289395
9700,203,8268,289395,289598
1079,27,8269,289597,289624
1519,20,8269,289624,289644
1714,6,8269,289644,289650
3111,215,8269,289650,289865
3370,121,8269,289865,289986
4819,244,8269,1397411,1397655
5842,171,8269,290209,290380
7643,228,8269,1397432,1397660
9033,54,8269,290603,290657
9317,282,8269,1471761,1472043
4984,100,8270,290879,290979
8610,195,8270,290979,291174
9949,105,8270,291174,291279
1734,269,8271,1397493,1397762
4039,265,8271,1397539,1397804
5143,96,8271,291724,291820
6472,243,8271,1397581,1397824
6821,272,8271,1397601,1397873
9067,162,8271,292266,292428
9456,131,8271,292428,292559
1453,98,8272,292558,292656
3665,112,8272,292656,292768
4541,266,8272,1397649,1397915
4730,220,8272,292991,293211
7625,28,8272,293211,293239
9266,171,8272,293239,293410
2673,200,8273,293409,293609
4851,214,8273,293609,293823
7897,36,8273,293823,293859
9013,31,8273,293859,293890
9268,229,8273,1397691,1397920
1234,270,8274,1397696,1397966
1844,240,8274,1397743,1397983
3839,233,8274,1397760,1397993
6137,143,8274,294781,294924
8659,18,8274,294924,294942
1542,210,8275,294941,295151
3844,25,8275,295151,295176
4365,274,8275,1397769,1398043
7165,231,8275,1397820,1398051
9860,22,8275,295622,295644
1054,177,8276,295643,295820
2754,51,8276,295820,295871
4358,119,8276,295871,295990
4864,152,8276,295990,296142
2650,181,8277,296141,296322
6552,192,8277,296322,296514
3628,247,8278,1397825,1398072
6183,103,8278,296736,296839
7245,202,8279,296838,297040
8839,141,8279,297040,297181
1286,159,8280,297180,297339
2225,284,8280,1471751,1472035
2479,126,8280,297562,297688
5919,183,8280,297688,297871
1494,75,8281,297870,297945
1993,113,8281,297945,298058
3768,32,8281,298058,298090
4357,140,8282,298089,298229
7013,82,8282,298229,298311
5816,74,8283,298310,298384
8172,55,8283,298384,298439
1501,229,8284,1397901,1398130
2326,150,8284,298661,298811
4575,283,8284,1471750,1472033
8251,39,8284,299034,299073
4114,102,8285,299072,299174
5778,151,8285,299174,299325
6404,260,8285,1397964,1398224
9472,32,8285,299548,299580
5060,51,8286,299579,299630
7809,103,8286,299630,299733
5544,259,8287,1397999,1398258
5977,63,8287,299955,300018
6909,217,8287,300018,300235
9118,248,8287,1398035,1398283
9213,30,8287,300458,300488
3802,281,8288,1398059,1398340
9173,68,8288,300710,300778
7019,243,8289,1398116,1398359
3909,258,8290,1398135,1398393
4057,266,8290,1398170,1398436
6310,72,8290,301445,301517
7608,87,8290,301517,301604
9015,23,8290,301604,301627
1794,91,8291,301626,301717
3443,86,8291,301717,301803
4579,77,8291,301803,301880
4894,32,8291,301880,301912
5364,13,8291,301912,301925
5565,9,8291,301925,301934
6243,34,8291,301934,301968
6497,126,8291,301968,302094
9360,161,8291,302094,302255
9654,164,8291,302255,302419
1488,159,8292,302418,302577
2977,24,8292,302577,302601
3766,53,8292,302601,302654
3803,93,8292,302654,302747
7225,251,8292,1398211,1398462
7465,282,8292,1471744,1472026
7856,206,8292,303193,303399
1254,192,8293,303398,303590
3284,26,8293,303590,303616
4590,178,8293,303616,303794
4748,19,8293,303794,303813
9144,232,8293,1398296,1398528
9692,18,8293,304036,304054
2781,218,8294,304053,304271
3186,15,8294,304271,304286
3581,264,8294,1398304,1398568
6144,92,8294,304509,304601
8781,108,8294,304601,304709
1677,234,8295,1398344,1398578
3041,95,8295,304931,305026
3562,155,8295,305026,305181
3678,185,8295,305181,305366
4136,290,8295,1471742,1472032
6333,281,8295,1398413,1398694
8786,132,8295,305812,305944
9158,27,8295,305944,305971
2088,186,8296,305970,306156
4324,129,8296,306156,306285
5512,187,8296,306285,306472
6009,86,8296,306472,306558
8042,21,8296,306558,306579
8424,75,8296,306579,306654
8745,262,8296,1398470,1398732
8963,180,8296,306877,307057
6011,162,8297,307056,307218
6693,217,8297,307218,307435
2519,250,8298,1398507,1398757
4474,280,8298,1398534,1398814
7799,127,8298,307880,308007
8357,73,8298,308007,308080
9182,207,8298,308080,308287
5451,172,8299,308286,308458
5521,180,8300,308457,308637
9628,171,8300,308637,308808
6184,191,8301,308807,308998
7870,246,8301,1398588,1398834
8244,78,8301,309221,309299
3661,133,8302,309298,309431
4569,93,8302,309431,309524
9087,151,8302,309524,309675
2631,127,8303,309674,309801
4521,178,8303,309801,309979
5030,192,8303,309979,310171
5626,167,8303,310171,310338
6814,180,8303,310338,310518
8360,67,8303,310518,310585
8579,202,8303,310585,310787
1425,186,8304,310786,310972
2285,179,8304,310972,311151
3214,65,8304,311151,311216
4707,47,8304,311216,311263
5409,86,8304,311263,311349
5736,218,8304,311349,311567
8634,242,8304,1398608,1398850
2661,284,8305,1471741,1472025
5729,237,8305,1398684,1398921
8680,215,8305,312235,312450
9674,258,8305,1398698,1398956
1705,35,8306,312672,312707
2742,69,8306,312707,312776
3007,98,8306,312776,312874
3599,211,8306,312874,313085
4871,289,8306,1471743,1472032
6589,22,8306,313308,313330
1259,44,8308,313328,313372
3832,258,8308,1398788,1399046
6033,86,8308,313595,313681
7050,294,8308,1471749,1472043
9374,94,8308,313904,313998
9997,176,8308,313998,314174
1400,35,8309,314173,314208
3324,215,8309,314208,314423
3404,259,8309,1398880,1399139
3193,128,8310,314645,314773
8539,32,8310,314773,314805
3696,151,8311,314804,314955
5594,297,8311,1476464,1476761
7780,149,8311,315178,315327
7955,181,8311,315327,315508
2366,132,8312,315507,315639
3848,16,8312,315639,315655
7535,169,8312,315655,315824
8211,255,8312,1398971,1399226
8428,250,8312,1399003,1399253
1166,132,8313,316269,316401
5517,183,8313,316401,316584
5819,66,8313,316584,316650
7205,293,8313,1471771,1472064
7528,292,8313,1471783,1472075
8167,220,8313,317096,317316
9837,78,8313,317316,317394
3741,67,8314,317393,317460
8105,55,8314,317460,317515
8819,111,8314,317515,317626
9918,161,8315,317625,317786
1080,226,8316,1399142,1399368
2500,126,8316,318008,318134
2599,234,8316,1399145,1399379
4956,219,8316,318357,318576
5501,166,8316,318576,318742
6191,124,8316,318742,318866
7613,148,8316,318866,319014
7684,165,8316,319014,319179
1720,167,8317,319178,319345
1764,144,8318,319344,319488
1939,87,8318,319488,319575
2117,138,8318,319575,319713
3415,209,8318,319713,319922
4236,257,8318,1399154,1399411
4687,135,8318,320145,320280
1573,220,8319,320279,320499
5416,282,8319,1471788,1472070
8569,148,8319,320722,320870
2762,17,8320,320869,320886
3025,122,8320,320886,321008
8721,143,8320,321008,321151
3985,155,8321,321150,321305
5797,184,8321,321305,321489
5948,227,8321,1399243,1399470
6539,251,8321,1399247,1399498
7789,117,8321,321935,322052
8847,142,8321,322052,322194
8879,55,8321,322194,322249
9921,150,8321,322249,322399
3206,28,8322,322398,322426
2452,169,8323,322425,322594
4757,251,8323,1399273,1399524
6502,294,8323,1471785,1472079
3275,200,8324,323039,323239
4350,244,8324,1399358,1399602
6022,101,8324,323462,323563
8543,195,8324,323563,323758
2717,227,8325,1399378,1399605
3164,29,8325,323980,324009
3479,156,8325,324009,324165
4126,148,8325,324165,324313
5346,217,8325,324313,324530
5397,40,8325,324530,324570
5631,18,8325,324570,324588
9075,248,8325,1399382,1399630
3330,260,8326,1399406,1399666
3363,273,8326,1399443,1399716
6218,154,8326,325256,325410
3685,116,8327,325409,325525
7223,245,8327,1399492,1399737
9139,126,8327,325748,325874
1609,2,8328,325873,325875
3212,201,8328,325875,326076
5587,87,8328,326076,326163
6344,284,8328,1471793,1472077
6732,72,8328,326386,326458
8936,181,8328,326458,326639
8942,215,8328,326639,326854
2072,244,8329,1399570,1399814
3935,165,8329,327076,327241
7291,285,8329,1471795,1472080
7945,96,8329,327464,327560
8236,153,8329,327560,327713
1422,269,8330,1399648,1399917
1877,227,8330,1399694,1399921
3253,241,8330,1399698,1399939
4615,227,8330,1399716,1399943
7567,84,8330,328604,328688
1311,13,8331,328687,328700
2121,253,8331,1399719,1399972
3243,203,8331,328923,329126
3329,119,8331,329126,329245
3979,249,8331,1399749,1399998
7451,241,8331,1399775,1400016
8806,215,8331,329691,329906
9910,132,8331,329906,330038
3564,261,8332,1399792,1400053
7120,272,8332,1399830,1400102
8208,59,8332,330483,330542
8566,177,8332,330542,330719
1382,86,8333,330718,330804
2160,231,8333,1399878,1400109
2889,196,8333,331027,331223
3530,203,8335,331221,331424
4481,278,8335,1399884,1400162
5314,106,8335,331647,331753
5315,196,8335,331753,331949
8015,44,8335,331949,331993
7078,171,8336,331992,332163
7537,51,8336,332163,332214
8460,206,8336,332214,332420
1807,45,8337,332419,332464
4190,180,8337,332464,332644
5638,248,8337,1399937,1400185
2559,113,8338,332866,332979
2597,147,8338,332979,333126
8306,159,8338,333126,333285
8405,239,8338,1399961,1400200
1323,7,8339,333507,333514
1695,289,8339,1471789,1472078
1895,5,8339,333737,333742
3619,32,8339,333742,333774
3970,66,8339,333774,333840
8907,23,8339,333840,333863
7580,125,8340,333862,333987
7953,298,8340,1476437,1476735
2588,73,8341,334209,334282
5322,248,8342,1400089,1400337
6463,283,8342,1471808,1472091
1347,197,8343,334726,334923
2034,288,8343,1471809,1472097
2792,91,8343,335146,335237
3270,113,8343,335237,335350
7810,211,8343,335350,335561
8967,111,8343,335561,335672
8991,178,8343,335672,335850
9523,94,8343,335850,335944
1642,159,8344,335943,336102
5895,154,8344,336102,336256
6430,291,8344,1471815,1472106
6461,209,8344,336479,336688
6629,155,8344,336688,336843
7190,91,8344,336843,336934
9010,60,8344,336934,336994
9090,103,8344,336994,337097
1066,86,8345,337096,337182
1450,251,8345,1400285,1400536
2911,226,8345,1400313,1400539
2927,5,8345,337628,337633
3232,15,8345,337633,337648
3304,132,8345,337648,337780
4211,102,8345,337780,337882
4441,23,8345,337882,337905
4583,37,8345,337905,337942
5154,258,8345,1400316,1400574
5199,75,8345,338165,338240
6318,284,8345,1471824,1472108
7642,115,8345,338463,338578
8927,170,8345,338578,338748
8599,101,8346,338747,338848
9297,239,8346,1400408,1400647
6226,69,8347,339070,339139
7241,207,8347,339139,339346
1278,222,8348,339345,339567
5355,238,8348,1400422,1400660
7126,184,8348,339790,339974
2045,265,8349,1400436,1400701
2932,210,8349,340196,340406
4720,275,8349,1400478,1400753
5470,72,8349,340629,340701
1272,235,8350,1400529,1400764
4432,148,8350,340923,341071
6425,300,8350,1476808,1477108
6855,85,8350,341294,341379
8240,253,8350,1400599,1400852
6849,124,8351,341601,341725
2264,184,8352,341724,341908
3032,178,8352,341908,342086
9983,63,8352,342086,342149
2263,186,8353,342148,342334
2407,44,8353,342334,342378
6159,8,8353,342378,342386
8947,188,8353,342386,342574
1481,86,8354,342573,342659
3127,151,8354,342659,342810
4268,168,8354,342810,342978
7653,61,8354,342978,343039
7690,239,8354,1400625,1400864
7874,9,8354,343262,343271
8755,62,8354,343271,343333
2208,148,8355,343332,343480
6456,136,8355,343480,343616
7505,279,8355,1400640,1400919
7560,115,8355,343839,343954
7701,132,8355,343954,344086
1067,94,8356,344085,344179
1535,57,8356,344179,344236
5678,119,8356,344236,344355
7398,3,8356,344355,344358
9812,223,8356,344358,344581
1621,285,8357,1471829,1472114
3795,254,8357,1400752,1401006
4384,102,8357,345026,345128
5114,93,8357,345128,345221
7523,26,8357,345221,345247
8492,129,8357,345247,345376
8605,225,8357,1400783,1401008
8874,7,8357,345599,345606
9603,291,8357,1471833,1472124
3746,80,8358,345828,345908
5279,259,8358,1400842,1401101
3089,257,8359,1400877,1401134
5145,282,8359,1471841,1472123
5220,201,8359,346576,346777
9167,62,8359,346777,346839
1918,258,8360,1400968,1401226
2623,8,8360,347061,347069
3600,251,8360,1401003,1401254
8663,93,8360,347292,347385
6883,47,8361,347384,347431
1165,52,8362,347430,347482
1514,119,8362,347482,347601
3810,239,8362,1401029,1401268
6127,131,8362,347824,347955
1082,38,8363,347954,347992
1303,45,8363,347992,348037
2437,17,8363,348037,348054
8416,229,8363,1401044,1401273
9703,84,8363,348277,348361
1123,37,8364,348360,348397
4352,213,8364,348397,348610
7152,142,8364,348610,348752
5294,300,8365,1476794,1477094
5624,133,8365,348974,349107
8564,135,8365,349107,349242
1377,46,8366,349241,349287
1595,91,8366,349287,349378
5897,138,8366,349378,349516
7209,200,8366,349516,349716
7425,247,8366,1401105,1401352
7455,67,8366,349939,350006
2119,80,8367,350005,350085
2840,134,8367,350085,350219
3738,132,8367,350219,350351
4870,59,8367,350351,350410
7737,136,8367,350410,350546
9670,161,8367,350546,350707
9715,236,8367,1401128,1401364
1667,291,8368,1471847,1472138
1872,34,8368,351152,351186
2246,232,8368,1401198,1401430
2784,153,8368,351409,351562
5944,208,8368,351562,351770
8590,49,8368,351770,351819
9864,102,8368,351819,351921
1025,296,8369,1476419,1476715
1627,185,8369,352143,352328
1871,272,8369,1401264,1401536
2748,170,8369,352551,352721
3098,39,8369,352721,352760
4633,151,8369,352760,352911
7794,298,8369,1476420,1476718
1269,62,8370,353133,353195
3830,197,8370,353195,353392
9874,61,8370,353392,353453
3631,172,8371,353452,353624
2473,172,8372,353623,353795
2640,175,8372,353795,353970
9559,280,8372,1401368,1401648
2255,285,8373,1471880,1472165
5618,64,8373,354415,354479
4742,261,8374,1401481,1401742
6441,42,8374,354701,354743
8179,65,8374,354743,354808
3473,131,8375,354807,354938
6798,179,8375,354938,355117
4502,251,8376,1401517,1401768
4986,279,8376,1401545,1401824
5233,113,8376,355562,355675
5523,121,8376,355675,355796
7857,188,8376,355796,355984
8332,227,8376,1401601,1401828
9219,173,8376,356207,356380
9521,82,8376,356380,356462
9713,113,8376,356462,356575
3393,162,8377,356574,356736
4241,297,8377,1476415,1476712
5142,75,8377,356959,357034
7421,133,8377,357034,357167
1979,173,8379,357165,357338
2670,47,8379,357338,357385
7185,218,8379,357385,357603
1194,199,8380,357602,357801
7712,282,8380,1471891,1472173
6122,71,8381,358023,358094
2200,276,8382,1401715,1401991
1100,202,8383,358315,358517
1803,264,8383,1401767,1402031
9115,296,8383,1476411,1476707
8060,260,8384,1401865,1402125
9441,214,8384,359185,359399
1913,210,8385,359398,359608
6583,161,8385,359608,359769
7350,84,8385,359769,359853
3014,146,8386,359852,359998
8183,261,8386,1401900,1402161
9990,262,8386,1401938,1402200
5507,200,8387,360443,360643
6860,174,8387,360643,360817
5524,214,8388,360816,361030
6435,146,8388,361030,361176
1387,180,8389,361175,361355
5671,59,8389,361355,361414
6498,294,8389,1471897,1472191
9403,11,8389,361637,361648
4946,286,8390,1471909,1472195
5417,87,8390,361870,361957
6061,213,8390,361957,362170
6676,194,8391,362169,362363
7623,78,8391,362363,362441
9198,227,8391,1402088,1402315
9748,77,8391,362664,362741
1238,51,8392,362740,362791
2417,132,8392,362791,362923
3082,48,8392,362923,362971
7647,14,8392,362971,362985
2546,297,8393,1476402,1476699
3469,86,8393,363207,363293
4259,291,8393,1471925,1472216
7083,167,8393,363516,363683
9365,41,8393,363683,363724
9911,204,8393,363724,363928
1147,152,8394,363927,364079
4874,171,8394,364079,364250
5029,61,8394,364250,364311
6572,185,8394,364311,364496
3158,281,8395,1402204,1402485
5065,202,8395,364718,364920
1211,253,8396,1402261,1402514
1566,95,8396,365142,365237
3288,119,8396,365237,365356
1439,279,8397,1402290,1402569
6196,87,8397,365578,365665
7924,232,8397,1402346,1402578
2350,38,8398,365887,365925
3699,24,8398,365925,365949
4982,57,8398,365949,366006
7991,237,8398,1402354,1402591
9372,8,8398,366229,366237
9438,98,8398,366237,366335
2698,5,8399,366334,366339
5637,259,8399,1402367,1402626
7227,38,8399,366562,366600
6190,109,8400,366599,366708
3980,59,8401,366707,366766
4311,257,8401,1402401,1402658
4671,258,8401,1402435,1402693
7323,10,8401,367212,367222
9055,64,8401,367222,367286
1431,196,8402,367285,367481
3822,219,8402,367481,367700
7456,47,8402,367700,367747
7545,208,8402,367747,367955
2222,118,8403,367954,368072
4726,153,8403,368072,368225
5320,124,8403,368225,368349
9049,232,8403,1402468,1402700
2549,285,8404,1471924,1472209
6139,276,8404,1402534,1402810
4041,293,8405,1471927,1472220
7409,28,8405,369239,369267
9410,41,8405,369267,369308
1690,286,8406,1471938,1472224
1726,60,8406,369530,369590
4170,198,8406,369590,369788
5864,269,8406,1402701,1402970
1534,118,8407,370010,370128
3728,244,8407,1402746,1402990
4267,82,8407,370351,370433
3906,248,8408,1402766,1403014
4695,180,8408,370655,370835
6568,138,8408,370835,370973
7519,293,8408,1471941,1472234
9518,35,8408,371196,371231
9833,79,8408,371231,371310
9952,228,8408,1402849,1403077
2904,12,8409,371532,371544
5858,31,8409,371544,371575
7286,64,8409,371575,371639
1441,209,8410,371638,371847
2109,54,8410,371847,371901
2576,74,8410,371901,371975
2963,58,8410,371975,372033
4877,90,8410,372033,372123
5254,235,8410,1402852,1403087
7333,60,8410,372346,372406
2071,131,8411,372405,372536
3066,257,8411,1402863,1403120
3117,300,8411,1476749,1477049
4014,49,8411,372982,373031
6646,73,8411,373031,373104
9117,56,8411,373104,373160
2007,190,8412,373159,373349
2482,299,8412,1476389,1476688
3778,160,8412,373572,373732
6185,97,8412,373732,373829
6596,226,8412,1403012,1403238
7407,74,8412,374052,374126
8735,66,8412,374126,374192
1218,128,8413,374191,374319
1975,211,8413,374319,374530
3941,123,8413,374530,374653
5232,96,8413,374653,374749
9933,46,8413,374749,374795
2050,99,8414,374794,374893
6437,30,8414,374893,374923
8611,207,8414,374923,375130
8617,92,8414,375130,375222
3959,166,8415,375221,375387
4763,30,8415,375387,375417
4808,32,8415,375417,375449
8614,269,8415,1403012,1403281
1049,235,8416,1403057,1403292
1788,147,8416,375894,376041
1878,176,8416,376041,376217
4024,4,8416,376217,376221
4907,277,8416,1403069,1403346
6293,169,8416,376444,376613
2335,256,8417,1403122,1403378
4435,188,8417,376835,377023
7666,9,8417,377023,377032
8445,246,8417,1403155,1403401
1317,77,8418,377254,377331
6351,280,8418,1403177,1403457
2102,233,8419,1403233,1403466
2149,93,8419,377776,377869
3912,229,8419,1403243,1403472
4266,266,8419,1403249,1403515
8421,280,8419,1403292,1403572
9062,15,8419,378538,378553
9283,195,8419,378553,378748
9470,158,8419,378748,378906
2638,205,8420,378905,379110
3506,293,8420,1471969,1472262
3667,156,8420,379333,379489
5246,86,8420,379489,379575
5767,134,8420,379575,379709
3132,153,8421,379708,379861
6353,114,8421,379861,379975
7866,279,8421,1403405,1403684
8334,7,8421,380198,380205
9350,214,8421,380205,380419
1868,211,8422,380418,380629
4344,278,8422,1403460,1403738
4520,212,8422,380852,381064
5419,112,8422,381064,381176
8113,231,8422,1403515,1403746
1244,185,8423,381398,381583
1344,177,8423,381583,381760
4723,288,8423,1471978,1472266
7202,33,8423,381983,382016
1409,15,8424,382015,382030
9179,275,8424,1403579,1403854
9946,240,8424,1403631,1403871
1384,83,8425,382475,382558
2015,6,8425,382558,382564
2157,62,8425,382564,382626
4287,277,8425,1403647,1403924
6123,234,8425,1403701,1403935
7301,57,8425,383072,383129
8192,57,8425,383129,383186
3905,17,8426,383185,383202
6459,19,8426,383202,383221
7986,35,8426,383221,383256
8657,272,8426,1403711,1403983
8860,45,8426,383479,383524
3629,65,8427,383523,383588
4827,232,8427,1403759,1403991
8149,76,8427,383811,383887
9634,155,8427,383887,384042
9959,110,8427,384042,384152
2073,237,8428,1403767,1404004
4652,157,8428,384374,384531
5163,123,8428,384531,384654
6356,157,8428,384654,384811
7504,46,8428,384811,384857
8514,68,8428,384857,384925
1295,75,8429,384924,384999
2592,96,8429,384999,385095
7553,94,8429,385095,385189
3207,160,8430,385188,385348
3663,152,8431,385347,385499
4149,270,8431,1403778,1404048
5264,12,8432,385721,385733
5456,247,8432,1403824,1404071
7592,144,8432,385956,386100
2991,1,8433,386099,386100
4245,80,8433,386100,386180
4278,20,8433,386180,386200
4501,138,8433,386200,386338
1343,66,8434,386337,386403
1823,296,8434,1476371,1476667
5550,88,8434,386626,386714
5725,129,8434,386714,386843
6464,143,8434,386843,386986
7294,294,8434,1471988,1472282
8799,142,8434,387209,387351
8830,27,8434,387351,387378
1449,181,8435,387377,387558
1837,109,8435,387558,387667
8443,40,8435,387667,387707
2024,20,8436,387706,387726
6099,281,8436,1403960,1404241
6866,44,8436,387949,387993
8726,158,8436,387993,388151
9338,96,8436,388151,388247
2144,131,8437,388246,388377
2896,105,8437,388377,388482
2974,47,8437,388482,388529
4223,167,8437,388529,388696
1553,205,8438,388695,388900
2918,2,8438,388900,388902
4292,283,8438,1471997,1472280
4380,54,8438,389125,389179
4510,268,8438,1404074,1404342
5911,107,8438,389402,389509
6698,82,8438,389509,389591
7477,191,8438,389591,389782
8336,193,8438,389782,389975
8584,228,8438,1404119,1404347
9776,147,8438,390198,390345
2061,87,8439,390344,390431
3559,255,8439,1404123,1404378
6734,139,8439,390654,390793
7207,68,8439,390793,390861
7698,77,8439,390861,390938
1022,234,8440,1404154,1404388
1888,40,8440,391160,391200
4592,138,8440,391200,391338
3836,160,8441,391337,391497
1748,110,8442,391496,391606
2506,257,8442,1404163,1404420
2950,89,8442,391829,391918
7778,274,8442,1404197,1404471
7909,112,8442,392141,392253
4900,170,8443,392252,392422
5605,43,8443,392422,392465
2351,279,8444,1404246,1404525
5102,70,8444,392687,392757
3364,187,8445,392756,392943
5746,119,8446,392942,393061
6836,25,8446,393061,393086
7844,287,8446,1471991,1472278
8503,108,8446,393309,393417
9205,22,8446,393417,393439
2290,44,8447,393438,393482
7509,256,8447,1404357,1404613
8365,137,8447,393705,393842
9025,197,8447,393842,394039
2993,222,8448,394038,394260
3964,148,8448,394260,394408
7041,19,8448,394408,394427
9084,37,8448,394427,394464
9855,195,8448,394464,394659
8809,50,8449,394658,394708
4702,94,8450,394707,394801
7336,195,8450,394801,394996
9961,145,8450,394996,395141
1200,37,8451,395140,395177
5180,57,8451,395177,395234
5272,60,8451,395234,395294
5597,69,8451,395294,395363
7008,60,8451,395363,395423
7420,283,8451,1471992,1472275
2416,4,8452,395645,395649
3508,120,8452,395649,395769
6773,160,8452,395769,395929
9688,201,8452,395929,396130
2776,242,8453,1404442,1404684
4443,259,8453,1404461,1404720
4492,181,8453,396575,396756
3553,157,8454,396755,396912
5415,118,8454,396912,397030
6072,280,8454,1404496,1404776
6481,218,8454,397253,397471
7841,103,8454,397471,397574
8437,246,8454,1404553,1404799
9554,52,8454,397797,397849
1531,52,8455,397848,397900
1569,280,8455,1404575,1404855
2114,167,8455,398123,398290
2357,260,8455,1404632,1404892
5592,205,8455,398513,398718
7136,57,8455,398718,398775
8482,296,8455,1476351,1476647
2025,99,8456,398997,399096
3116,280,8456,1404726,1405006
4878,230,8456,1404783,1405013
4077,144,8457,399541,399685
6112,165,8457,399685,399850
3849,173,8458,399849,400022
3971,1,8458,400022,400023
5668,179,8458,400023,400202
7959,73,8458,400202,400275
1492,149,8459,400274,400423
3797,137,8459,400423,400560
6442,297,8459,1476348,1476645
6825,187,8459,400783,400970
7586,122,8459,400970,401092
8513,273,8459,1404845,1405118
2306,102,8460,401314,401416
3233,203,8460,401416,401619
3574,52,8460,401619,401671
3855,10,8460,401671,401681
5303,198,8460,401681,401879
5735,112,8460,401879,401991
6034,128,8460,401991,402119
6636,22,8460,402119,402141
6887,102,8460,402141,402243
2439,123,8461,402242,402365
2874,288,8461,1472012,1472300
3140,86,8461,402588,402674
4198,258,8461,1404951,1405209
5726,71,8461,402897,402968
9798,29,8461,402968,402997
2854,166,8462,402996,403162
5268,44,8462,403162,403206
5878,97,8462,403206,403303
7939,163,8463,403302,403465
9707,260,8463,1404984,1405244
1657,160,8464,403687,403847
5598,28,8464,403847,403875
6138,116,8464,403875,403991
6360,6,8464,403991,403997
6440,7,8464,403997,404004
6665,181,8464,404004,404185
6685,22,8464,404185,404207
8964,62,8464,404207,404269
9550,194,8464,404269,404463
9773,140,8464,404463,404603
1636,217,8465,404602,404819
3234,259,8465,1405019,1405278
6394,296,8465,1476344,1476640
7481,122,8465,405265,405387
9178,116,8465,405387,405503
2198,66,8466,405502,405568
3637,80,8466,405568,405648
3781,95,8466,405648,405743
8548,22,8466,405743,405765
1698,74,8467,405764,405838
3724,169,8467,405838,406007
5338,72,8467,406007,406079
5341,73,8467,406079,406152
5358,88,8467,406152,406240
2251,113,8468,406239,406352
2274,218,8468,406352,406570
4549,289,8468,1472026,1472315
4893,230,8468,1405168,1405398
6405,111,8468,407016,407127
7048,248,8468,1405175,1405423
7097,63,8468,407350,407413
7254,46,8468,407413,407459
7679,153,8468,407459,407612
9743,270,8468,1405200,1405470
3094,217,8469,407834,408051
4316,82,8469,408051,408133
5195,158,8469,408133,408291
6371,59,8469,408291,408350
7035,10,8469,408350,408360
8811,227,8469,1405246,1405473
9954,24,8469,408583,408607
2206,112,8470,408606,408718
2793,157,8470,408718,408875
4734,162,8470,408875,409037
5164,195,8470,409037,409232
5871,291,8470,1472032,1472323
6653,232,8470,1405307,1405539
7382,265,8470,1405316,1405581
7527,51,8470,409901,409952
8247,82,8471,409951,410033
8317,258,8471,1405357,1405615
9629,121,8471,410256,410377
9639,185,8471,410377,410562
4183,64,8472,410561,410625
6030,79,8472,410625,410704
9544,265,8472,1405391,1405656
2089,248,8473,1405432,1405680
3569,51,8473,411149,411200
4849,3,8473,411200,411203
4911,83,8473,411203,411286
6046,279,8473,1405457,1405736
2474,275,8474,1405512,1405787
4850,125,8474,411731,411856
7375,80,8474,411856,411936
8919,171,8474,411936,412107
2020,177,8475,412106,412283
2185,208,8475,412283,412491
4283,116,8475,412491,412607
7371,200,8475,412607,412807
7471,26,8475,412807,412833
4654,87,8476,412832,412919
5340,29,8476,412919,412948
6675,177,8476,412948,413125
3021,183,8477,413124,413307
3056,245,8477,1405561,1405806
4257,193,8477,413530,413723
4926,93,8477,413723,413816
6236,38,8477,413816,413854
3896,100,8478,413853,413953
4016,138,8478,413953,414091
4092,237,8478,1405582,1405819
7283,22,8478,414314,414336
8188,45,8478,414336,414381
9754,222,8478,414381,414603
9457,5,8479,414602,414607
1898,94,8480,414606,414700
2864,264,8480,1405594,1405858
3402,34,8481,414922,414956
4902,154,8481,414956,415110
5153,292,8481,1472031,1472323
7415,144,8481,415333,415477
8412,63,8481,415477,415540
9011,34,8481,415540,415574
1508,149,8482,415573,415722
3711,280,8482,1405691,1405971
4995,15,8482,415945,415960
7327,60,8482,415960,416020
8465,75,8482,416020,416095
8766,123,8482,416095,416218
9657,118,8482,416218,416336
1077,188,8483,416335,416523
3395,143,8483,416523,416666
7707,93,8483,416666,416759
1167,203,8484,416758,416961
2815,251,8484,1405746,1405997
4440,84,8484,417184,417268
5353,114,8484,417268,417382
7195,78,8484,417382,417460
3309,139,8485,417459,417598
3490,16,8485,417598,417614
9822,108,8485,417614,417722
2305,29,8486,417721,417750
6879,259,8486,1405772,1406031
7379,239,8486,1405808,1406047
7428,280,8486,1405824,1406104
7723,161,8486,418419,418580
9386,159,8486,418580,418739
4100,207,8487,418738,418945
4137,65,8487,418945,419010
7498,238,8487,1405880,1406118
9089,80,8487,419233,419313
9869,15,8487,419313,419328
4680,6,8488,419327,419333
5068,18,8488,419333,419351
6251,234,8488,1405894,1406128
7226,267,8488,1405905,1406172
7255,236,8488,1405949,1406185
8326,12,8488,420020,420032
8728,295,8488,1472035,1472330
6762,88,8489,420254,420342
7014,175,8489,420342,420517
7714,126,8489,420517,420643
7773,299,8489,1476321,1476620
9866,181,8489,420866,421047
2532,146,8490,421046,421192
4731,120,8490,421192,421312
5466,222,8490,421312,421534
9440,294,8490,1472061,1472355
2715,122,8491,421756,421878
5642,96,8491,421878,421974
5847,69,8491,421974,422043
7739,91,8491,422043,422134
1635,181,8492,422133,422314
2644,250,8492,1406132,1406382
2651,95,8492,422537,422632
4234,272,8492,1406159,1406431
6624,94,8492,422855,422949
7094,141,8492,422949,423090
2219,42,8493,423089,423131
4852,270,8493,1406207,1406477
8666,139,8493,423354,423493
9098,161,8493,423493,423654
3662,82,8494,423653,423735
5367,298,8494,1476320,1476618
6269,245,8494,1406311,1406556
6413,144,8494,424181,424325
6683,180,8494,424325,424505
1658,39,8495,424504,424543
1859,107,8495,424543,424650
2515,192,8495,424650,424842
3381,168,8495,424842,425010
7548,60,8495,425010,425070
8965,276,8495,1406332,1406608
1921,280,8496,1406384,1406664
3353,40,8496,425515,425555
4015,254,8496,1406441,1406695
6591,222,8496,425778,426000
8036,37,8496,426000,426037
2163,102,8497,426036,426138
2287,211,8497,426138,426349
9310,245,8497,1406471,1406716
9650,277,8497,1406493,1406770
2433,245,8498,1406546,1406791
3084,275,8498,1406568,1406843
8462,219,8498,427240,427459
3706,59,8499,427458,427517
3752,211,8499,427517,427728
6981,271,8499,1406619,1406890
8500,169,8499,427951,428120
1196,108,8500,428119,428227
6609,144,8500,428227,428371
7689,212,8500,428371,428583
8182,229,8500,1406666,1406895
9543,209,8500,428806,429015
1133,253,8501,1406671,1406924
1150,96,8501,429237,429333
1214,300,8501,1476660,1476960
1289,255,8501,1406759,1407014
2459,80,8501,429779,429859
4704,134,8501,429859,429993
4923,230,8501,1406791,1407021
5818,155,8501,430216,430371
6013,29,8501,430371,430400
6192,144,8501,430400,430544
9619,289,8501,1472091,1472380
5984,274,8502,1406855,1407129
6290,299,8502,1476319,1476618
6305,143,8502,431212,431355
7636,99,8502,431355,431454
8587,104,8502,431454,431558
2743,182,8503,431557,431739
6563,157,8503,431739,431896
6620,12,8503,431896,431908
6692,18,8503,431908,431926
8731,286,8503,1472111,1472397
8943,21,8503,432149,432170
6908,282,8504,1472115,1472397
7292,35,8504,432392,432427
2505,7,8505,432426,432433
3223,145,8505,432433,432578
4442,103,8505,432578,432681
4796,196,8505,432681,432877
6718,252,8505,1407077,1407329
5687,140,8506,433099,433239
6846,85,8506,433239,433324
1126,205,8507,433323,433528
3607,87,8507,433528,433615
4969,253,8507,1407104,1407357
6674,168,8507,433838,434006
7612,280,8507,1407134,1407414
8738,237,8507,1407191,1407428
1366,263,8508,1407204,1407467
3011,138,8508,434674,434812
4370,156,8508,434812,434968
7302,118,8508,434968,435086
7700,240,8508,1407244,1407484
9333,213,8508,435309,435522
6114,1,8509,435521,435522
7492,44,8509,435522,435566
7843,113,8509,435566,435679
8488,175,8509,435679,435854
9522,77,8509,435854,435931
1587,15,8510,435930,435945
1774,188,8510,435945,436133
4176,184,8510,436133,436317
5159,94,8510,436317,436411
5406,144,8510,436411,436555
8979,134,8510,436555,436689
9228,272,8510,1407259,1407531
9254,126,8510,436912,437038
3871,219,8511,437037,437256
4593,38,8511,437256,437294
7511,132,8511,437294,437426
9793,175,8511,437426,437601
4265,87,8512,437600,437687
4653,75,8512,437687,437762
5759,297,8512,1476313,1476610
5856,212,8512,437985,438197
6918,170,8512,438197,438367
7311,234,8512,1407364,1407598
7946,79,8512,438590,438669
8123,156,8512,438669,438825
8290,219,8512,438825,439044
1950,42,8513,439043,439085
8138,288,8513,1472121,1472409
3224,215,8514,439307,439522
8692,241,8514,1407431,1407672
9078,144,8514,439745,439889
3773,77,8515,439888,439965
3777,124,8515,439965,440089
4825,83,8515,440089,440172
7096,191,8515,440172,440363
8155,91,8515,440363,440454
4990,226,8516,1407447,1407673
6364,245,8516,1407450,1407695
8143,243,8516,1407472,1407715
9423,259,8516,1407492,1407751
9766,211,8516,441345,441556
2618,211,8517,441555,441766
4426,281,8517,1407527,1407808
4913,207,8517,441989,442196
6110,143,8517,442196,442339
3535,167,8518,442338,442505
6542,300,8518,1476644,1476944
1842,209,8519,442727,442936
3060,236,8519,1407641,1407877
3145,31,8519,443159,443190
4273,183,8519,443190,443373
5006,294,8519,1472136,1472430
6335,38,8519,443596,443634
9290,128,8519,443634,443762
4627,23,8520,443761,443784
6436,195,8520,443784,443979
6786,279,8520,1407711,1407990
7999,296,8520,1476311,1476607
8136,19,8520,444425,444444
9236,207,8520,444444,444651
5058,209,8521,444650,444859
6358,140,8521,444859,444999
8297,169,8521,444999,445168
1550,292,8522,1472160,1472452
2429,242,8522,1407881,1408123
3306,170,8522,445613,445783
3995,141,8522,445783,445924
4673,155,8522,445924,446079
6092,297,8522,1476310,1476607
7786,163,8522,446302,446465
1059,45,8523,446464,446509
3106,46,8523,446509,446555
4423,13,8523,446555,446568
5791,214,8523,446568,446782
9724,173,8523,446782,446955
1459,28,8524,446954,446982
2059,287,8524,1472183,1472470
2354,239,8524,1408014,1408253
6332,25,8524,447428,447453
7976,26,8524,447453,447479
9346,47,8524,447479,447526
1523,271,8525,1408029,1408300
2694,135,8525,447748,447883
5266,284,8525,1472188,1472472
6312,267,8525,1408135,1408402
6389,153,8525,448329,448482
7106,13,8525,448482,448495
7180,158,8525,448495,448653
8904,90,8525,448653,448743
3925,288,8526,1472190,1472478
3262,168,8527,448964,449132
5171,272,8527,1408235,1408507
5720,184,8527,449355,449539
9199,12,8527,449539,449551
6349,113,8528,449550,449663
3705,205,8529,449662,449867
4545,123,8529,449867,449990
5693,23,8529,449990,450013
6017,158,8529,450013,450171
6088,202,8529,450171,450373
2750,114,8530,450372,450486
3029,261,8530,1408281,1408542
3046,257,8530,1408319,1408576
3204,129,8530,450932,451061
4326,291,8530,1472193,1472484
4401,161,8530,451284,451445
4948,276,8530,1408411,1408687
7507,240,8530,1408464,1408704
8698,47,8530,451891,451938
2587,7,8531,451937,451944
7250,99,8531,451944,452043
9545,12,8531,452043,452055
2962,274,8532,1408479,1408753
3421,255,8532,1408530,1408785
3747,259,8532,1408562,1408821
3894,128,8532,452723,452851
9526,148,8532,452851,452999
1536,260,8533,1408597,1408857
5486,121,8533,453221,453342
6086,107,8533,453342,453449
6227,156,8533,453449,453605
2603,219,8534,453604,453823
4674,213,8534,453823,454036
1796,94,8535,454035,454129
3003,36,8535,454129,454165
5975,256,8535,1408632,1408888
9985,182,8535,454388,454570
1826,129,8536,454569,454698
2753,202,8536,454698,454900
3235,131,8536,454900,455031
3568,54,8536,455031,455085
6045,98,8536,455085,455183
1625,154,8537,455182,455336
4382,122,8537,455336,455458
5312,95,8537,455458,455553
6545,139,8537,455553,455692
7182,96,8537,455692,455788
9477,175,8537,455788,455963
2683,26,8538,455962,455988
5747,120,8538,455988,456108
7215,146,8538,456108,456254
1048,39,8539,456253,456292
2141,186,8539,456292,456478
2281,1,8539,456478,456479
3023,94,8539,456479,456573
6038,293,8539,1472194,1472487
7819,209,8539,456796,457005
8742,84,8539,457005,457089
1583,26,8540,457088,457114
2233,25,8540,457114,457139
4012,140,8540,457139,457279
3331,176,8541,457278,457454
3588,231,8541,1408717,1408948
3655,175,8541,457677,457852
5396,147,8541,457852,457999
6418,269,8541,1408725,1408994
1861,192,8542,458221,458413
3776,164,8542,458413,458577
9611,62,8542,458577,458639
3124,66,8543,458638,458704
2227,242,8544,1408768,1409010
3719,118,8544,458926,459044
6328,254,8544,1408787,1409041
6746,259,8544,1408818,1409077
9484,117,8544,459490,459607
2332,20,8545,459606,459626
3433,71,8545,459626,459697
7346,7,8545,459697,459704
8865,150,8545,459704,459854
2845,243,8546,1408852,1409095
4332,78,8546,460076,460154
4548,122,8546,460154,460276
5792,210,8546,460276,460486
7107,145,8546,460486,460631
8196,4,8546,460631,460635
4125,20,8547,460634,460654
6715,3,8548,460653,460656
7822,146,8548,460656,460802
1479,187,8549,460801,460988
1552,41,8549,460988,461029
4060,43,8549,461029,461072
4935,10,8549,461072,461082
7879,237,8549,1408869,1409106
1915,65,8550,461304,461369
2700,92,8550,461369,461461
5983,291,8550,1472195,1472486
2039,235,8551,1408939,1409174
2757,228,8551,1408951,1409179
3110,278,8551,1408956,1409234
6807,213,8551,462352,462565
6906,140,8551,462565,462705
8050,190,8551,462705,462895
8299,227,8551,1409011,1409238
2125,126,8552,463117,463243
3190,156,8552,463243,463399
3436,286,8552,1472203,1472489
5660,27,8552,463622,463649
1597,29,8553,463648,463677
2104,226,8553,1409071,1409297
1239,215,8554,463899,464114
5839,37,8554,464114,464151
6075,66,8554,464151,464217
6188,158,8554,464217,464375
8118,56,8554,464375,464431
1674,59,8555,464430,464489
2079,129,8555,464489,464618
2387,17,8555,464618,464635
6100,138,8555,464635,464773
9243,213,8555,464773,464986
9740,3,8555,464986,464989
3006,67,8556,464988,465055
5935,224,8556,1409071,1409295
2116,245,8557,1409071,1409316
3988,134,8557,465500,465634
6806,31,8557,465634,465665
7090,281,8557,1409093,1409374
7278,213,8557,465888,466101
2702,297,8558,1476276,1476573
5350,220,8558,466323,466543
6005,160,8558,466543,466703
6525,261,8559,1409207,1409468
6703,190,8559,466925,467115
3758,187,8560,467114,467301
4162,32,8560,467301,467333
7071,13,8560,467333,467346
3899,207,8561,467345,467552
5200,168,8561,467552,467720
6264,24,8561,467720,467744
6295,178,8561,467744,467922
7411,96,8561,467922,468018
7748,180,8561,468018,468198
9944,4,8561,468198,468202
2371,46,8562,468201,468247
3035,54,8562,468247,468301
5745,91,8562,468301,468392
5923,96,8562,468392,468488
7493,216,8562,468488,468704
9592,230,8562,1409242,1409472
5075,160,8563,468926,469086
5902,17,8563,469086,469103
6261,232,8563,1409248,1409480
8640,61,8563,469326,469387
9929,138,8563,469387,469525
1858,17,8564,469524,469541
4388,213,8564,469541,469754
7172,120,8564,469754,469874
2538,212,8565,469873,470085
4231,235,8565,1409255,1409490
4658,278,8565,1409267,1409545
5351,37,8565,470531,470568
7206,35,8565,470568,470603
7629,184,8565,470603,470787
9425,104,8565,470787,470891
2347,250,8566,1409321,1409571
4218,77,8566,471113,471190
7405,5,8566,471190,471195
7772,151,8566,471195,471346
3545,292,8567,1472207,1472499
4678,279,8567,1409405,1409684
6429,231,8567,1409461,1409692
6534,191,8567,472014,472205
8375,100,8567,472205,472305
8396,87,8567,472305,472392
8885,73,8567,472392,472465
3653,104,8568,472464,472568
5289,109,8568,472568,472677
6510,28,8568,472677,472705
7056,19,8568,472705,472724
7658,270,8568,1409468,1409738
8325,177,8568,472947,473124
9163,192,8568,473124,473316
9571,214,8568,473316,473530
9574,161,8568,473530,473691
1073,198,8569,473690,473888
1854,20,8569,473888,473908
3356,94,8569,473908,474002
3247,66,8570,474001,474067
2325,207,8571,474066,474273
4067,77,8571,474273,474350
6957,91,8571,474350,474441
7579,39,8571,474441,474480
7823,237,8571,1409512,1409749
8480,189,8571,474703,474892
8483,240,8571,1409526,1409766
8722,62,8571,475115,475177
4096,104,8572,475176,475280
7571,89,8572,475280,475369
9780,240,8572,1409542,1409782
1177,93,8573,475591,475684
5117,200,8573,475684,475884
7865,228,8573,1409558,1409786
9227,107,8573,476107,476214
1911,96,8574,476213,476309
2067,5,8574,476309,476314
2484,124,8574,476314,476438
4355,162,8574,476438,476600
4663,65,8574,476600,476665
5385,37,8574,476665,476702
9255,244,8574,1409562,1409806
9840,163,8574,476925,477088
1228,247,8575,1409582,1409829
1270,143,8575,477310,477453
1440,113,8575,477453,477566
2629,36,8575,477566,477602
5194,219,8575,477602,477821
5293,52,8575,477821,477873
1920,277,8576,1409605,1409882
1952,63,8576,478095,478158
4157,212,8576,478158,478370
4193,84,8576,478370,478454
5014,113,8576,478454,478567
5542,191,8576,478567,478758
6650,12,8576,478758,478770
8859,266,8576,1409659,1409925
1745,8,8577,478992,479000
1776,185,8577,479000,479185
5112,27,8577,479185,479212
6447,258,8577,1409701,1409959
6847,67,8577,479435,479502
6951,256,8577,1409736,1409992
7620,179,8577,479725,479904
2979,103,8578,479903,480006
3061,99,8578,480006,480105
7740,125,8578,480105,480230
7821,96,8578,480230,480326
1567,185,8579,480325,480510
5559,83,8579,480510,480593
5572,195,8579,480593,480788
6969,24,8579,480788,480812
7219,199,8579,480812,481011
7274,98,8579,481011,481109
7318,106,8579,481109,481215
8000,61,8579,481215,481276
8320,137,8579,481276,481413
8373,138,8579,481413,481551
8701,135,8579,481551,481686
9894,180,8579,481686,481866
1201,202,8580,481865,482067
1554,151,8580,482067,482218
2499,195,8580,482218,482413
4131,294,8580,1472205,1472499
7105,18,8580,482636,482654
8790,108,8580,482654,482762
2084,18,8581,482761,482779
4112,290,8581,1472217,1472507
4260,257,8581,1409881,1410138
4677,35,8581,483225,483260
5135,7,8581,483260,483267
8453,278,8582,1409914,1410192
1870,199,8583,483488,483687
2311,186,8583,483687,483873
3299,264,8583,1409968,1410232
5579,111,8583,484096,484207
6354,293,8583,1472224,1472517
7941,27,8583,484430,484457
8639,284,8583,1472236,1472520
9871,9,8583,484680,484689
1329,90,8584,484688,484778
2078,255,8584,1410124,1410379
2292,83,8584,485001,485084
6784,39,8584,485084,485123
7603,242,8584,1410156,1410398
8558,294,8584,1472238,1472532
2031,27,8585,485568,485595
2136,295,8585,1472250,1472545
7159,70,8585,485818,485888
9151,51,8585,485888,485939
9941,193,8585,485939,486132
3125,168,8586,486131,486299
4920,2,8586,486299,486301
8709,28,8586,486301,486329
2438,256,8587,1410288,1410544
3636,169,8587,486551,486720
3774,227,8587,1410321,1410548
8449,232,8587,1410325,1410557
1373,83,8588,487165,487248
1429,210,8588,487248,487458
2368,232,8588,1410333,1410565
2986,149,8589,487680,487829
4814,135,8589,487829,487964
7129,63,8589,487964,488027
7151,33,8589,488027,488060
9721,161,8589,488060,488221
2056,93,8590,488220,488313
4518,189,8590,488313,488502
7095,111,8590,488502,488613
7931,167,8590,488613,488780
1931,124,8591,488779,488903
2654,260,8591,1410339,1410599
3816,111,8591,489126,489237
8988,147,8591,489237,489384
9081,148,8591,489384,489532
2539,70,8592,489531,489601
4302,12,8592,489601,489613
6325,115,8592,489613,489728
8883,287,8592,1472257,1472544
2418,188,8593,489950,490138
5837,157,8593,490138,490295
6876,3,8593,490295,490298
7683,172,8593,490298,490470
3958,277,8594,1410431,1410708
5193,72,8594,490692,490764
6177,154,8594,490764,490918
1031,53,8595,490917,490970
3317,114,8595,490970,491084
5589,285,8595,1472260,1472545
6152,215,8595,491307,491522
9002,263,8595,1410542,1410805
9043,117,8595,491745,491862
1756,199,8596,491861,492060
4356,150,8596,492060,492210
4936,185,8596,492210,492395
9383,170,8596,492395,492565
3812,1,8597,492564,492565
4106,193,8597,492565,492758
4959,32,8597,492758,492790
1397,102,8598,492789,492891
7128,19,8598,492891,492910
8058,21,8598,492910,492931
8700,130,8598,492931,493061
3372,237,8599,1410578,1410815
5373,20,8599,493283,493303
5762,84,8599,493303,493387
8585,143,8599,493387,493530
1790,166,8600,493529,493695
7322,63,8600,493695,493758
8257,228,8600,1410591,1410819
8616,262,8600,1410596,1410858
9047,112,8600,494204,494316
9391,95,8600,494316,494411
9623,286,8600,1472259,1472545
1860,191,8601,494633,494824
5718,42,8601,494824,494866
6930,277,8601,1410692,1410969
7337,226,8601,1410746,1410972
9009,25,8601,495312,495337
9161,105,8601,495337,495442
1908,180,8602,495441,495621
3505,85,8602,495621,495706
3622,103,8602,495706,495809
3671,37,8602,495809,495846
4117,250,8602,1410748,1410998
8520,187,8602,496069,496256
8803,55,8602,496256,496311
9257,3,8602,496311,496314
3399,205,8603,496313,496518
3659,136,8603,496518,496654
1919,48,8604,496653,496701
8827,58,8604,496701,496759
1995,249,8605,1410772,1411021
4532,215,8605,496981,497196
1909,41,8606,497195,497236
4932,175,8606,497236,497411
7257,96,8606,497411,497507
8868,213,8606,497507,497720
9099,58,8606,497720,497778
9601,35,8606,497778,497813
9777,43,8606,497813,497856
9832,13,8606,497856,497869
1581,50,8607,497868,497918
1833,299,8607,1476229,1476528
6496,28,8607,498141,498169
6890,278,8607,1410854,1411132
7593,257,8607,1410909,1411166
9442,125,8607,498615,498740
3004,300,8608,1476555,1476855
7569,134,8608,498962,499096
9449,290,8608,1472284,1472574
9760,275,8608,1411058,1411333
1588,69,8609,499541,499610
2345,253,8609,1411109,1411362
2774,46,8609,499833,499879
2914,189,8609,499879,500068
3566,34,8609,500068,500102
7801,179,8609,500102,500281
8470,163,8609,500281,500444
9293,5,8609,500444,500449
4574,250,8610,1411138,1411388
6350,247,8610,1411165,1411412
7948,227,8610,1411189,1411416
8559,248,8610,1411193,1411441
9032,193,8610,501340,501533
2942,191,8611,501532,501723
5665,198,8611,501723,501921
6299,132,8611,501921,502053
8407,174,8611,502053,502227
8609,17,8611,502227,502244
2648,141,8612,502243,502384
2773,89,8612,502384,502473
7681,8,8612,502473,502481
8234,125,8612,502481,502606
4775,210,8613,502605,502815
9858,148,8613,502815,502963
1781,33,8614,502962,502995
4758,229,8614,1411214,1411443
7968,187,8614,503218,503405
2243,182,8615,503404,503586
3456,127,8615,503586,503713
5040,111,8615,503713,503824
6001,8,8615,503824,503832
1310,119,8616,503831,503950
5148,283,8616,1472285,1472568
5628,176,8616,504173,504349
6215,164,8616,504349,504513
7733,249,8616,1411276,1411525
8740,135,8616,504736,504871
9448,9,8616,504871,504880
3028,119,8617,504879,504998
3396,230,8617,1411301,1411531
4379,292,8617,1472286,1472578
4594,129,8617,505444,505573
1516,117,8618,505572,505689
1813,228,8618,1411365,1411593
2419,244,8618,1411370,1411614
3769,288,8618,1472296,1472584
4906,155,8618,506358,506513
4937,199,8618,506513,506712
5383,64,8618,506712,506776
5796,194,8618,506776,506970
1243,256,8619,1411448,1411704
9373,266,8619,1411481,1411747
4205,270,8620,1411523,1411793
5826,48,8620,507637,507685
7951,196,8620,507685,507881
8647,190,8620,507881,508071
1434,103,8621,508070,508173
1537,286,8621,1472300,1472586
1852,54,8621,508396,508450
1990,21,8621,508450,508471
3290,1,8621,508471,508472
3435,31,8621,508472,508503
3477,49,8621,508503,508552
3815,186,8621,508552,508738
5306,188,8621,508738,508926
6856,295,8621,1472305,1472600
7488,4,8621,509149,509153
9529,61,8621,509153,509214
3152,203,8622,509213,509416
3608,284,8622,1472318,1472602
4715,245,8622,1411742,1411987
6245,238,8622,1411764,1412002
2749,232,8623,1411778,1412010
4617,36,8623,510307,510343
4927,52,8623,510343,510395
5754,70,8623,510395,510465
9005,270,8623,1411787,1412057
1360,85,8624,510687,510772
1962,133,8624,510772,510905
3510,173,8624,510905,511078
7911,36,8624,511078,511114
8374,204,8624,511114,511318
8429,281,8624,1411833,1412114
9368,259,8624,1411891,1412150
2182,195,8625,511763,511958
3772,185,8625,511958,512143
9972,300,8625,1476539,1476839
4528,25,8626,512365,512390
6320,174,8626,512390,512564
6975,197,8626,512564,512761
7102,223,8626,512761,512984
8261,273,8626,1411983,1412256
8683,16,8626,513207,513223
3926,148,8627,513222,513370
4294,63,8627,513370,513433
6843,210,8627,513433,513643
7030,48,8627,513643,513691
2678,70,8628,513690,513760
5495,263,8628,1412031,1412294
5849,71,8628,513983,514054
7232,257,8628,1412071,1412328
7894,70,8628,514277,514347
8250,84,8628,514347,514431
8447,298,8628,1476220,1476518
3202,135,8629,514653,514788
6574,60,8629,514788,514848
6905,164,8629,514848,515012
9157,227,8629,1412162,1412389
2573,173,8630,515234,515407
6179,46,8630,515407,515453
7820,253,8630,1412165,1412418
8120,70,8630,515676,515746
8580,54,8630,515746,515800
1227,229,8631,1412194,1412423
1981,235,8631,1412200,1412435
3297,210,8631,516245,516455
3425,32,8631,516455,516487
3991,27,8631,516487,516514
4199,274,8631,1412212,1412486
5388,142,8631,516737,516879
5422,275,8631,1412263,1412538
1618,236,8632,1412314,1412550
1624,14,8632,517324,517338
8115,36,8632,517338,517374
2373,92,8633,517373,517465
3391,197,8633,517465,517662
3915,52,8633,517662,517714
7711,153,8633,517714,517867
8433,53,8633,517867,517920
9831,2,8633,517920,517922
3898,255,8634,1412325,1412580
4164,85,8634,518144,518229
5580,139,8634,518229,518368
7376,123,8634,518368,518491
7660,99,8634,518491,518590
8176,21,8634,518590,518611
2016,288,8635,1472336,1472624
5483,209,8635,518833,519042
8708,275,8635,1412414,1412689
1318,287,8636,1472342,1472629
1835,209,8636,519487,519696
3806,267,8636,1412523,1412790
4886,95,8636,519919,520014
7061,292,8636,1472348,1472640
9114,87,8636,520237,520324
2254,173,8637,520323,520496
2486,127,8637,520496,520623
2901,202,8637,520623,520825
3528,116,8637,520825,520941
3910,287,8637,1472358,1472645
7164,162,8637,521164,521326
7363,23,8637,521326,521349
8385,214,8637,521349,521563
8818,141,8637,521563,521704
9046,172,8637,521704,521876
9542,28,8637,521876,521904
1647,55,8638,521903,521958
3157,4,8639,521957,521961
8583,65,8639,521961,522026
3130,227,8640,1412679,1412906
4895,32,8640,522248,522280
9393,73,8640,522280,522353
3220,68,8641,522352,522420
4194,169,8641,522420,522589
6911,3,8641,522589,522592
8201,144,8641,522592,522736
8901,285,8641,1472360,1472645
9520,220,8641,522959,523179
1225,100,8642,523178,523278
1824,278,8642,1412739,1413017
4070,267,8642,1412794,1413061
5208,34,8642,523724,523758
8199,99,8642,523758,523857
5943,300,8643,1476522,1476822
8880,277,8643,1412895,1413172
6623,248,8644,1412948,1413196
7353,189,8644,524524,524713
7577,61,8644,524713,524774
1096,204,8645,524773,524977
4214,117,8645,524977,525094
6079,266,8645,1412972,1413238
2435,260,8646,1413014,1413274
3968,38,8646,525539,525577
9112,123,8646,525577,525700
1917,251,8647,1413050,1413301
3501,44,8647,525922,525966
4860,65,8647,525966,526031
5840,118,8647,526031,526149
7261,119,8647,526149,526268
3960,271,8648,1413077,1413348
5035,240,8648,1413125,1413365
6775,200,8648,526713,526913
2159,172,8649,526912,527084
5661,11,8649,527084,527095
7915,231,8649,1413141,1413372
8976,210,8649,527318,527528
1460,202,8650,527527,527729
1506,135,8650,527729,527864
3606,70,8650,527864,527934
4253,296,8650,1476205,1476501
6719,245,8650,1413206,1413451
8346,207,8650,528380,528587
4861,42,8651,528586,528628
5841,292,8652,1472381,1472673
6867,94,8652,528850,528944
7368,219,8652,528944,529163
8359,213,8652,529163,529376
8697,257,8652,1413284,1413541
1761,21,8653,529598,529619
4321,11,8653,529619,529630
5366,165,8653,529630,529795
5773,167,8653,529795,529962
1998,287,8654,1472390,1472677
9200,116,8654,530184,530300
6710,197,8655,530299,530496
6722,24,8655,530496,530520
8538,82,8655,530520,530602
9320,155,8655,530602,530757
1437,125,8656,530756,530881
5130,91,8656,530881,530972
5440,237,8656,1413372,1413609
5915,177,8656,531195,531372
8893,24,8656,531372,531396
1090,219,8657,531395,531614
1221,65,8657,531614,531679
7557,140,8657,531679,531819
1086,93,8658,531818,531911
2135,37,8658,531911,531948
3831,114,8658,531948,532062
3944,191,8658,532062,532253
5828,293,8658,1472392,1472685
1097,140,8659,532475,532615
5027,192,8659,532615,532807
8878,93,8659,532807,532900
2989,253,8660,1413440,1413693
3166,38,8660,533122,533160
5280,52,8660,533160,533212
5347,165,8660,533212,533377
6103,81,8660,533377,533458
6599,204,8660,533458,533662
6671,163,8660,533662,533825
7546,187,8660,533825,534012
7876,169,8660,534012,534181
8253,19,8660,534181,534200
1181,32,8661,534199,534231
1462,276,8661,1413469,1413745
3400,290,8661,1472401,1472691
3432,61,8661,534677,534738
5859,62,8661,534738,534800
7033,169,8661,534800,534969
9193,214,8661,534969,535183
2395,201,8662,535182,535383
4657,125,8662,535383,535508
8782,43,8662,535508,535551
9249,125,8662,535551,535676
9602,98,8662,535676,535774
1108,62,8663,535773,535835
2134,26,8663,535835,535861
5327,161,8663,535861,536022
8307,106,8663,536022,536128
9106,238,8663,1413578,1413816
5558,298,8664,1476192,1476490
1275,256,8665,1413649,1413905
4746,81,8665,536795,536876
6084,264,8665,1413682,1413946
6626,3,8665,537099,537102
7804,172,8665,537102,537274
7981,296,8665,1476194,1476490
1362,286,8666,1472433,1472719
3387,140,8666,537719,537859
3499,64,8666,537859,537923
3540,39,8666,537923,537962
5893,110,8666,537962,538072
9082,110,8666,538072,538182
1438,210,8667,538181,538391
2173,285,8667,1472437,1472722
5098,131,8667,538614,538745
6824,20,8667,538745,538765
7065,96,8667,538765,538861
7348,294,8667,1472441,1472735
8213,108,8667,539084,539192
8452,13,8667,539192,539205
9958,201,8667,539205,539406
1111,205,8668,539405,539610
1399,47,8668,539610,539657
3282,175,8668,539657,539832
7201,98,8668,539832,539930
2252,298,8669,1476191,1476489
3063,262,8669,1414009,1414271
3450,257,8669,1414048,1414305
4329,241,8669,1414082,1414323
6532,220,8669,540821,541041
9222,154,8669,541041,541195
2204,274,8670,1414099,1414373
5241,172,8670,541417,541589
5772,277,8670,1414150,1414427
8156,81,8670,541812,541893
1385,279,8671,1414203,1414482
6550,257,8671,1414259,1414516
7674,283,8671,1472464,1472747
8409,264,8671,1414351,1414615
1478,35,8672,542783,542818
2388,295,8672,1472465,1472760
3657,188,8672,543041,543229
5104,43,8672,543229,543272
5245,75,8672,543272,543347
8278,243,8672,1414449,1414692
1862,141,8673,543569,543710
2240,47,8673,543710,543757
7193,6,8673,543757,543763
8861,60,8673,543763,543823
2217,57,8674,543822,543879
8163,59,8674,543879,543938
9135,158,8674,543938,544096
6130,44,8675,544095,544139
7160,210,8675,544139,544349
8710,167,8675,544349,544516
9872,151,8675,544516,544667
3652,23,8676,544666,544689
7439,32,8676,544689,544721
8413,118,8676,544721,544839
9018,4,8676,544839,544843
9561,95,8676,544843,544938
1795,113,8677,544937,545050
3362,214,8677,545050,545264
4398,141,8677,545264,545405
6779,52,8677,545405,545457
8489,58,8677,545457,545515
9835,143,8677,545515,545658
1996,257,8678,1414463,1414720
4553,178,8678,545880,546058
4897,38,8678,546058,546096
6633,93,8678,546096,546189
9620,249,8678,1414497,1414746
4237,18,8679,546411,546429
7373,167,8679,546429,546596
9751,121,8679,546596,546717
2190,89,8680,546716,546805
3380,12,8680,546805,546817
5939,111,8680,546817,546928
8100,87,8680,546928,547015
2118,197,8681,547014,547211
1973,192,8682,547210,547402
2394,38,8682,547402,547440
5838,247,8682,1414519,1414766
1637,267,8683,1414542,1414809
2377,268,8683,1414586,1414854
4222,67,8683,548108,548175
5213,45,8683,548175,548220
1292,14,8684,548219,548233
3691,165,8684,548233,548398
6465,275,8684,1414630,1414905
6984,17,8684,548621,548638
2561,31,8685,548637,548668
2589,162,8685,548668,548830
5669,59,8686,548829,548888
5393,70,8687,548887,548957
4026,205,8688,548956,549161
6508,160,8688,549161,549321
7115,205,8688,549321,549526
9492,194,8688,549526,549720
9646,73,8688,549720,549793
2265,82,8689,549792,549874
3949,244,8689,1414677,1414921
5577,176,8689,550097,550273
9900,113,8689,550273,550386
3341,144,8690,550385,550529
3734,238,8690,1414697,1414935
5715,60,8691,550751,550811
6794,241,8691,1414711,1414952
8729,118,8691,551034,551152
9960,8,8691,551152,551160
5937,109,8692,551159,551268
6662,216,8692,551268,551484
6831,67,8692,551484,551551
8956,190,8692,551551,551741
9908,230,8692,1414728,1414958
1179,195,8693,551963,552158
1539,209,8693,552158,552367
1957,44,8693,552367,552411
3987,202,8693,552411,552613
3018,195,8694,552612,552807
3731,275,8694,1414733,1415008
4524,182,8694,553030,553212
5028,22,8694,553212,553234
6334,113,8694,553234,553347
1389,281,8695,1414784,1415065
2130,237,8695,1414842,1415079
3326,138,8695,553792,553930
4733,126,8695,553930,554056
5221,244,8695,1414856,1415100
5710,44,8695,554279,554323
1867,232,8696,1414876,1415108
3598,64,8696,554545,554609
3867,73,8696,554609,554682
4395,137,8696,554682,554819
5235,165,8696,554819,554984
7321,168,8696,554984,555152
9827,256,8696,1414885,1415141
3256,149,8697,555374,555523
4076,160,8697,555523,555683
9185,255,8697,1414917,1415172
1887,207,8698,555905,556112
2051,102,8698,556112,556214
2107,109,8698,556214,556323
4035,232,8698,1414948,1415180
5392,139,8698,556546,556685
6854,48,8698,556685,556733
7178,159,8698,556733,556892
9101,118,8698,556892,557010
9828,105,8698,557010,557115
3333,43,8699,557114,557157
3340,272,8699,1414956,1415228
4770,60,8699,557380,557440
9733,81,8699,557440,557521
1694,160,8700,557520,557680
1969,258,8700,1415004,1415262
2775,238,8700,1415039,1415277
4330,195,8700,558126,558321
5477,100,8700,558321,558421
5861,50,8700,558421,558471
7520,17,8700,558471,558488
8479,31,8700,558488,558519
8896,50,8702,558517,558567
1418,290,8703,1472448,1472738
1551,257,8703,1415109,1415366
1578,227,8703,1415143,1415370
1901,171,8703,559235,559406
8618,69,8703,559406,559475
3378,238,8704,1415146,1415384
5113,58,8704,559697,559755
6474,37,8704,559755,559792
8245,65,8704,559792,559857
8815,37,8704,559857,559894
5036,17,8705,559893,559910
5825,236,8705,1415160,1415396
9109,20,8705,560133,560153
1557,14,8706,560152,560166
2308,221,8706,560166,560387
4669,207,8706,560387,560594
6696,250,8706,1415172,1415422
1173,88,8707,560816,560904
1541,182,8707,560904,561086
2221,106,8707,561086,561192
2423,56,8707,561192,561248
3654,99,8707,561248,561347
3770,114,8707,561347,561461
6512,47,8707,561461,561508
8272,51,8707,561508,561559
1984,297,8708,1476155,1476452
2178,170,8708,561781,561951
2879,285,8708,1472466,1472751
3315,81,8708,562174,562255
4252,157,8708,562255,562412
5109,226,8708,1415313,1415539
8029,228,8708,1415316,1415544
3796,75,8709,562857,562932
4399,49,8709,562932,562981
5432,89,8709,562981,563070
5504,163,8709,563070,563233
7184,76,8709,563233,563309
7390,261,8709,1415320,1415581
8003,231,8709,1415358,1415589
8219,257,8709,1415366,1415623
8723,119,8709,563978,564097
8930,185,8709,564097,564282
9815,112,8709,564282,564394
3105,7,8710,564393,564400
3703,115,8710,564400,564515
5508,232,8710,1415399,1415631
7011,105,8710,564738,564843
8018,65,8710,564843,564908
8966,4,8710,564908,564912
9604,216,8710,564912,565128
1070,202,8711,565127,565329
1498,299,8712,1476153,1476452
3924,126,8712,565551,565677
3928,273,8712,1415464,1415737
5800,204,8712,565900,566104
1407,163,8714,566102,566265
2128,111,8714,566265,566376
2129,197,8714,566376,566573
6186,298,8714,1476155,1476453
6368,122,8714,566796,566918
8463,86,8714,566918,567004
4038,276,8715,1415569,1415845
4187,168,8715,567226,567394
4867,297,8715,1476157,1476454
5201,111,8715,567617,567728
6423,67,8715,567728,567795
7197,125,8715,567795,567920
2563,115,8716,567919,568034
2906,127,8716,568034,568161
3085,224,8716,1415679,1415903
5330,43,8716,568384,568427
6249,237,8716,1415680,1415917
1482,32,8717,568649,568681
3133,299,8717,1476157,1476456
3853,126,8717,568904,569030
5632,195,8717,569030,569225
7936,120,8717,569225,569345
7950,149,8718,569344,569493
8613,82,8718,569493,569575
6322,256,8719,1415749,1416005
3681,228,8720,1415781,1416009
5441,117,8720,570019,570136
5744,144,8720,570136,570280
7038,35,8720,570280,570315
7243,286,8720,1472514,1472800
5817,297,8721,1476157,1476454
6214,123,8721,570760,570883
6399,197,8721,570883,571080
6823,109,8721,571080,571189
3666,255,8722,1415900,1416155
4151,204,8722,571411,571615
5485,63,8722,571615,571678
5617,195,8722,571678,571873
6444,242,8722,1415932,1416174
9901,40,8722,572096,572136
2401,227,8723,1415950,1416177
5394,31,8723,572358,572389
7167,210,8723,572389,572599
8392,64,8724,572598,572662
1284,247,8725,1415952,1416199
1881,47,8725,572884,572931
2249,21,8725,572931,572952
2309,196,8725,572952,573148
6553,124,8725,573148,573272
7462,3,8725,573272,573275
9181,26,8725,573275,573301
9580,174,8725,573301,573475
6211,53,8726,573474,573527
2722,132,8727,573526,573658
3405,227,8727,1415974,1416201
4083,289,8727,1472526,1472815
4335,19,8727,574104,574123
4862,43,8727,574123,574166
1411,298,8728,1476152,1476450
2966,158,8728,574388,574546
8997,152,8728,574546,574698
2162,211,8729,574697,574908
1611,67,8730,574907,574974
1697,5,8730,574974,574979
3601,143,8730,574979,575122
4056,238,8730,1416091,1416329
6736,199,8730,575345,575544
9155,17,8730,575544,575561
1291,98,8731,575560,575658
1559,71,8731,575658,575729
1892,94,8731,575729,575823
4069,182,8731,575823,576005
3639,159,8732,576004,576163
4305,30,8732,576163,576193
5480,54,8732,576193,576247
6544,10,8732,576247,576257
7047,165,8732,576257,576422
7958,193,8732,576422,576615
8339,193,8732,576615,576808
8801,257,8732,1416104,1416361
1890,16,8733,577030,577046
2959,67,8733,577046,577113
3626,65,8733,577113,577178
6647,294,8733,1472542,1472836
7646,138,8733,577401,577539
8484,1,8733,577539,577540
1840,44,8734,577539,577583
2895,154,8734,577583,577737
2933,113,8734,577737,577850
4191,199,8734,577850,578049
4270,16,8734,578049,578065
6101,202,8734,578065,578267
7276,15,8734,578267,578282
2327,212,8735,578281,578493
3638,157,8735,578493,578650
3823,66,8735,578650,578716
4607,64,8735,578716,578780
5074,185,8735,578780,578965
5829,300,8735,1476431,1476731
5918,66,8735,579188,579254
1509,150,8736,579253,579403
1605,29,8736,579403,579432
1880,294,8736,1472566,1472860
3002,14,8736,579655,579669
7453,294,8736,1472579,1472873
8810,31,8736,579892,579923
9848,9,8736,579923,579932
3466,224,8737,1416365,1416589
5552,109,8737,580154,580263
8473,13,8737,580263,580276
8685,223,8737,580276,580499
1026,142,8738,580498,580640
1355,293,8738,1472590,1472883
4810,139,8738,580863,581002
5124,283,8738,1472602,1472885
7204,233,8738,1416481,1416714
8006,177,8738,581448,581625
8651,242,8738,1416491,1416733
9988,43,8738,581848,581891
4826,58,8739,581890,581948
5734,300,8739,1476428,1476728
7177,224,8739,1416567,1416791
7458,285,8739,1472617,1472902
7887,10,8739,582617,582627
8288,4,8739,582627,582631
9473,168,8739,582631,582799
9962,189,8739,582799,582988
1443,67,8740,582987,583054
3875,295,8740,1472620,1472915
4577,224,8740,1416683,1416907
4724,207,8740,583500,583707
4868,162,8740,583707,583869
8749,43,8740,583869,583912
9382,246,8740,1416684,1416930
1390,205,8741,584134,584339
1729,263,8741,1416706,1416969
2201,299,8741,1476150,1476449
3735,53,8741,584785,584838
5959,184,8741,584838,585022
2411,137,8742,585021,585158
5123,171,8742,585158,585329
6841,143,8742,585329,585472
1471,231,8743,1416802,1417033
1874,218,8743,585694,585912
3434,44,8743,585912,585956
5702,282,8743,1472645,1472927
5756,220,8743,586179,586399
6955,27,8743,586399,586426
7514,139,8743,586426,586565
2303,212,8744,586564,586776
2680,249,8744,1416867,1417116
4505,189,8744,586999,587188
5061,254,8744,1416893,1417147
5229,113,8744,587411,587524
6414,207,8744,587524,587731
6577,11,8744,587731,587742
9599,54,8744,587742,587796
3136,175,8745,587795,587970
3933,221,8745,587970,588191
4269,210,8745,588191,588401
7122,175,8745,588401,588576
8152,288,8745,1472644,1472932
8191,213,8745,588799,589012
8455,76,8746,589011,589087
1747,41,8747,589086,589127
2232,74,8747,589127,589201
5276,281,8747,1416979,1417260
9934,19,8747,589424,589443
4955,291,8748,1472648,1472939
6004,216,8748,589665,589881
6963,159,8748,589881,590040
2075,38,8749,590039,590077
2218,220,8749,590077,590297
3847,156,8749,590297,590453
4146,243,8749,1417093,1417336
5869,76,8749,590676,590752
2330,163,8750,590751,590914
2598,230,8750,1417112,1417342
3236,96,8750,591137,591233
3344,291,8750,1472656,1472947
7067,146,8750,591456,591602
8950,107,8750,591602,591709
9765,192,8750,591709,591901
1480,94,8751,591900,591994
6740,94,8751,591994,592088
7401,146,8751,592088,592234
3811,230,8752,1417175,1417405
6654,78,8752,592456,592534
9568,12,8752,592534,592546
1222,6,8753,592545,592551
4071,23,8753,592551,592574
5384,27,8753,592574,592601
8591,20,8753,592601,592621
2362,23,8754,592620,592643
2391,36,8754,592643,592679
3851,216,8754,592679,592895
4007,30,8754,592895,592925
4771,192,8754,592925,593117
5808,83,8754,593117,593200
6558,30,8754,593200,593230
1174,161,8755,593229,593390
2002,129,8755,593390,593519
4144,71,8755,593519,593590
4490,231,8755,1417179,1417410
7010,155,8755,593813,593968
7046,161,8755,593968,594129
1268,197,8756,594128,594325
2207,140,8756,594325,594465
3467,137,8756,594465,594602
5855,205,8756,594602,594807
1071,168,8757,594806,594974
4129,272,8757,1417185,1417457
5262,17,8758,595196,595213
7408,30,8758,595213,595243
9341,102,8758,595243,595345
1372,136,8759,595344,595480
4963,267,8759,1417232,1417499
7543,259,8759,1417276,1417535
7983,121,8759,595926,596047
9690,168,8759,596047,596215
1903,10,8760,596214,596224
2344,116,8760,596224,596340
2627,120,8760,596340,596460
3076,33,8760,596460,596493
3251,146,8760,596493,596639
4517,5,8760,596639,596644
5978,92,8760,596644,596736
2385,162,8761,596735,596897
2791,45,8761,596897,596942
6070,129,8761,596942,597071
7020,299,8761,1476134,1476433
7627,248,8761,1417368,1417616
8051,118,8761,597517,597635
8291,47,8761,597635,597682
8934,14,8761,597682,597696
3323,160,8762,597695,597855
3694,53,8762,597855,597908
7058,114,8762,597908,598022
7203,1,8762,598022,598023
6230,37,8763,598022,598059
7757,40,8763,598059,598099
5570,82,8764,598098,598180
6649,37,8764,598180,598217
7002,217,8764,598217,598434
7558,65,8764,598434,598499
9745,244,8764,1417390,1417634
3592,229,8765,1417410,1417639
6082,218,8765,598944,599162
8526,169,8765,599162,599331
9513,223,8765,599331,599554
1752,71,8766,599553,599624
2984,100,8766,599624,599724
3645,82,8766,599724,599806
3656,58,8766,599806,599864
4028,57,8766,599864,599921
7965,297,8766,1476133,1476430
3196,267,8767,1417472,1417739
4696,94,8767,600366,600460
5307,152,8767,600460,600612
7615,36,8767,600612,600648
7782,164,8767,600648,600812
7927,78,8767,600812,600890
8626,169,8767,600890,601059
9143,176,8767,601059,601235
2797,260,8768,1417515,1417775
7349,199,8768,601457,601656
1195,26,8769,601655,601681
1619,289,8769,1472675,1472964
1997,36,8769,601904,601940
3900,95,8769,601940,602035
5020,16,8769,602035,602051
5214,17,8769,602051,602068
5760,69,8769,602068,602137
8653,248,8769,1417609,1417857
1739,169,8770,602359,602528
6948,106,8770,602528,602634
1143,195,8771,602633,602828
1349,106,8771,602828,602934
1395,177,8771,602934,603111
2579,10,8771,603111,603121
2964,284,8771,1472681,1472965
4709,300,8771,1476397,1476697
6062,113,8771,603567,603680
7447,250,8771,1417748,1417998
8189,78,8771,603903,603981
9225,223,8771,603981,604204
1246,148,8772,604203,604351
5421,116,8772,604351,604467
5575,125,8772,604467,604592
7533,88,8772,604592,604680
8144,21,8772,604680,604701
2244,272,8773,1417773,1418045
3057,276,8773,1417822,1418098
9302,7,8773,605146,605153
1640,299,8774,1476131,1476430
1682,122,8774,605375,605497
2382,213,8774,605497,605710
2920,110,8774,605710,605820
3946,140,8775,605819,605959
9128,175,8775,605959,606134
9582,211,8775,606134,606345
6573,279,8776,1417930,1418209
9586,120,8776,606567,606687
1028,142,8777,606686,606828
3680,293,8777,1472706,1472999
3745,141,8777,607051,607192
4156,250,8777,1418043,1418293
4767,274,8777,1418070,1418344
6990,206,8777,607638,607844
4327,112,8778,607843,607955
5260,26,8778,607955,607981
6704,94,8778,607981,608075
8282,216,8778,608075,608291
8649,279,8778,1418120,1418399
2621,201,8779,608513,608714
6027,147,8779,608714,608861
6275,50,8779,608861,608911
1484,227,8780,1418174,1418401
1507,129,8780,609133,609262
1563,30,8780,609262,609292
4619,12,8780,609292,609304
9354,143,8780,609304,609447
1628,206,8781,609446,609652
3687,260,8781,1418177,1418437
6689,101,8781,609875,609976
7790,284,8781,1472714,1472998
9367,6,8781,610199,610205
2029,12,8782,610204,610216
2848,95,8782,610216,610311
5070,90,8782,610311,610401
5352,133,8782,610401,610534
8761,172,8782,610534,610706
5136,139,8783,610705,610844
7137,90,8783,610844,610934
9326,248,8783,1418270,1418518
4366,22,8784,611156,611178
5848,226,8784,1418294,1418520
6292,240,8784,1418297,1418537
7638,262,8784,1418314,1418576
7867,221,8784,611847,612068
9771,39,8784,612068,612107
9936,271,8784,1418353,1418624
3873,51,8785,612329,612380
7377,183,8785,612380,612563
8217,94,8785,612563,612657
8432,295,8785,1472713,1473008
2824,253,8786,1418457,1418710
3238,166,8786,613102,613268
3725,90,8786,613268,613358
4027,198,8786,613358,613556
5403,11,8786,613556,613567
5960,201,8786,613567,613768
7626,19,8786,613768,613787
8012,109,8786,613787,613896
1296,153,8787,613895,614048
3520,3,8787,614048,614051
8632,266,8787,1418486,1418752
9186,26,8787,614274,614300
3908,200,8788,614299,614499
3178,291,8789,1472723,1473014
3414,19,8789,614721,614740
7619,195,8789,614740,614935
9716,116,8789,614935,615051
4526,53,8790,615050,615103
4821,125,8790,615103,615228
6367,77,8791,615227,615304
6941,186,8791,615304,615490
7181,204,8791,615490,615694
7732,169,8791,615694,615863
8146,84,8791,615863,615947
4023,257,8792,1418582,1418839
4540,79,8792,616169,616248
8954,207,8792,616248,616455
9937,115,8792,616455,616570
2410,258,8793,1418615,1418873
4620,137,8793,616792,616929
4930,144,8793,616929,617073
5259,53,8793,617073,617126
7260,79,8793,617126,617205
7496,224,8793,1418650,1418874
3298,198,8794,617427,617625
3890,119,8794,617625,617744
1610,130,8795,617743,617873
2997,272,8795,1418649,1418921
1081,80,8796,618095,618175
1341,285,8796,1472726,1473011
3129,130,8796,618398,618528
4368,159,8796,618528,618687
7279,270,8796,1418755,1419025
8227,71,8796,618910,618981
8450,203,8796,618981,619184
8844,246,8796,1418802,1419048
1160,104,8797,619406,619510
2396,159,8797,619510,619669
5064,134,8797,619669,619803
1396,36,8798,619802,619838
3259,230,8798,1418823,1419053
3989,40,8798,620061,620101
9170,54,8798,620101,620155
9694,170,8798,620155,620325
2324,95,8799,620324,620419
3907,29,8799,620419,620448
4013,249,8799,1418829,1419078
4412,182,8799,620671,620853
9637,171,8799,620853,621024
9790,185,8799,621024,621209
5761,212,8800,621208,621420
6699,106,8801,621419,621525
8303,136,8801,621525,621661
8547,51,8801,621661,621712
6175,57,8802,621711,621768
7406,297,8802,1476107,1476404
7604,25,8802,621991,622016
7977,171,8802,622016,622187
8552,136,8802,622187,622323
9086,275,8802,1418910,1419185
9131,271,8802,1418962,1419233
9732,33,8802,622769,622802
6516,17,8803,622801,622818
7343,70,8803,622818,622888
1510,208,8804,622887,623095
2729,41,8804,623095,623136
3156,267,8804,1419008,1419275
5069,24,8804,623359,623383
6557,3,8804,623383,623386
1613,199,8805,623385,623584
2804,6,8805,623584,623590
4485,48,8805,623590,623638
4904,98,8805,623638,623736
6401,226,8805,1419051,1419277
9995,168,8805,623959,624127
6329,237,8806,1419053,1419290
8107,40,8806,624349,624389
9223,178,8806,624389,624567
9298,79,8806,624567,624646
2828,199,8807,624645,624844
3413,137,8807,624844,624981
4939,281,8807,1419066,1419347
5370,73,8807,625204,625277
6518,169,8807,625277,625446
6682,116,8807,625446,625562
6785,36,8807,625562,625598
8355,276,8807,1419124,1419400
9271,208,8807,625821,626029
1912,161,8808,626028,626189
4058,251,8808,1419176,1419427
4881,231,8808,1419204,1419435
5424,166,8808,626635,626801
6039,209,8808,626801,627010
6730,37,8808,627010,627047
7672,151,8808,627047,627198
7854,6,8808,627198,627204
9171,147,8808,627204,627351
9281,276,8808,1419212,1419488
3368,35,8809,627573,627608
4839,138,8809,627608,627746
6253,179,8809,627746,627925
8160,197,8809,627925,628122
1436,46,8810,628121,628167
1582,107,8810,628167,628274
1928,36,8810,628274,628310
1972,3,8810,628310,628313
2528,208,8810,628313,628521
2958,189,8810,628521,628710
4153,241,8810,1419263,1419504
4184,78,8810,628933,629011
5610,185,8810,629011,629196
5655,227,8810,1419281,1419508
8022,37,8810,629419,629456
8372,121,8810,629456,629577
9435,195,8810,629577,629772
3100,218,8811,629771,629989
5363,256,8811,1419284,1419540
6197,68,8811,630212,630280
7483,119,8811,630280,630399
9244,104,8811,630399,630503
9424,230,8811,1419317,1419547
9652,198,8811,630726,630924
2857,47,8812,630923,630970
3718,286,8812,1472728,1473014
5771,291,8812,1472733,1473024
8780,35,8812,631416,631451
9432,199,8812,631451,631650
5921,75,8813,631649,631724
9303,93,8813,631724,631817
9325,291,8813,1472742,1473033
2969,109,8814,632039,632148
4516,263,8814,1419495,1419758
6400,247,8814,1419535,1419782
1379,46,8815,632593,632639
3000,31,8815,632639,632670
3338,229,8815,1419558,1419787
4172,130,8815,632893,633023
7767,133,8815,633023,633156
8978,243,8815,1419564,1419807
1212,69,8816,633378,633447
4227,241,8816,1419583,1419824
5593,138,8816,633670,633808
6680,28,8816,633808,633836
8969,98,8816,633836,633934
8464,135,8817,633933,634068
8753,146,8817,634068,634214
1819,249,8818,1419599,1419848
6688,125,8818,634436,634561
6993,217,8818,634561,634778
8161,242,8818,1419625,1419867
8999,183,8818,635001,635184
9916,129,8818,635184,635313
1256,115,8819,635312,635427
6965,294,8819,1472746,1473040
8067,127,8819,635650,635777
1330,84,8820,635776,635860
1593,183,8820,635860,636043
1940,222,8820,636043,636265
6178,41,8820,636265,636306
8082,292,8820,1472758,1473050
8937,95,8820,636529,636624
1652,290,8821,1472768,1473058
5807,63,8821,636846,636909
7670,101,8821,636909,637010
8641,25,8821,637010,637035
8882,165,8821,637035,637200
8993,180,8821,637200,637380
1011,161,8822,637379,637540
2132,41,8822,637540,637581
3384,98,8822,637581,637679
6015,256,8822,1419814,1420070
9557,183,8822,637902,638085
9998,25,8822,638085,638110
1732,12,8823,638109,638121
2115,34,8823,638121,638155
2239,260,8823,1419846,1420106
6604,81,8823,638378,638459
1007,292,8824,1472774,1473066
1885,271,8824,1419940,1420211
4499,39,8824,638904,638943
4700,250,8824,1419988,1420238
5782,75,8824,639166,639241
5974,252,8824,1420015,1420267
7601,35,8824,639464,639499
3940,208,8825,639498,639706
4529,8,8825,639706,639714
5556,185,8825,639714,639899
7512,22,8825,639899,639921
7621,252,8825,1420043,1420295
8046,183,8825,640144,640327
2203,16,8826,640326,640342
2825,129,8826,640342,640471
3449,40,8826,640471,640511
3891,139,8826,640511,640650
4408,75,8826,640650,640725
6833,208,8826,640725,640933
8903,245,8826,1420071,1420316
1688,76,8827,641155,641231
4449,182,8827,641231,641413
8715,143,8827,641413,641556
5488,220,8828,641555,641775
2581,96,8829,641774,641870
4539,269,8829,1420090,1420359
6878,159,8829,642093,642252
9417,38,8829,642252,642290
9537,229,8829,1420136,1420365
2610,102,8830,642512,642614
6555,294,8830,1472779,1473073
7967,281,8830,1420199,1420480
8280,169,8830,643060,643229
9145,13,8830,643229,643242
2434,6,8831,643241,643247
4684,215,8831,643247,643462
5356,154,8831,643462,643616
5546,22,8831,643616,643638
6853,249,8831,1420256,1420505
7882,276,8831,1420282,1420558
8262,294,8831,1472791,1473085
5564,245,8832,1420392,1420637
6721,295,8832,1472803,1473098
7554,176,8832,644752,644928
7644,56,8832,644928,644984
2608,106,8833,644983,645089
2771,277,8833,1420471,1420748
1137,260,8834,1420524,1420784
1326,240,8834,1420561,1420801
2299,281,8834,1420578,1420859
2921,246,8834,1420636,1420882
3700,134,8834,646203,646337
4290,5,8834,646337,646342
4582,199,8834,646342,646541
7473,141,8834,646541,646682
3534,19,8835,646681,646700
5707,252,8835,1420658,1420910
7892,92,8835,646923,647015
9538,242,8835,1420687,1420929
9630,26,8835,647238,647264
2241,104,8836,647263,647367
4458,280,8836,1420705,1420985
5176,189,8836,647590,647779
6303,50,8836,647779,647829
4229,147,8837,647828,647975
4537,238,8837,1420761,1420999
6357,243,8837,1420776,1421019
6717,32,8837,648421,648453
1944,178,8838,648452,648630
3199,187,8838,648630,648817
3215,32,8838,648817,648849
3311,95,8838,648849,648944
4031,236,8838,1420795,1421031
4887,121,8838,649167,649288
6157,100,8838,649288,649388
7070,112,8838,649388,649500
7132,192,8838,649500,649692
8928,111,8838,649692,649803
9668,293,8838,1472811,1473104
1475,106,8839,650025,650131
6421,296,8839,1476072,1476368
7998,24,8839,650354,650378
9647,82,8839,650378,650460
9956,23,8839,650460,650483
5190,141,8840,650482,650623
5390,179,8841,650622,650801
5777,225,8841,1420921,1421146
7921,234,8841,1420923,1421157
2471,245,8842,1420933,1421178
6180,137,8842,651469,651606
7296,126,8842,651606,651732
3261,92,8843,651731,651823
3723,211,8843,651823,652034
7277,128,8843,652034,652162
8837,32,8843,652162,652194
3160,232,8844,1420953,1421185
5531,55,8844,652416,652471
6634,216,8844,652471,652687
7092,278,8844,1420962,1421240
7495,2,8844,652910,652912
9119,163,8844,652912,653075
1777,166,8845,653074,653240
2077,231,8845,1421016,1421247
4912,182,8845,653463,653645
6276,168,8845,653645,653813
6769,137,8845,653813,653950
7072,106,8845,653950,654056
7361,275,8845,1421024,1421299
5090,289,8846,1472829,1473118
7378,243,8846,1421133,1421376
8204,220,8846,654724,654944
1237,171,8847,654943,655114
2907,246,8847,1421152,1421398
5018,298,8847,1476065,1476363
6621,293,8847,1472850,1473143
7826,136,8847,655783,655919
8296,263,8847,1421291,1421554
9679,120,8847,656142,656262
1105,56,8848,656261,656317
4113,12,8848,656317,656329
4947,202,8848,656329,656531
7069,212,8848,656531,656743
8047,9,8848,656743,656752
8920,80,8848,656752,656832
8053,192,8849,656831,657023
8757,34,8849,657023,657057
9945,100,8849,657057,657157
4784,145,8850,657156,657301
5616,233,8850,1421328,1421561
8125,235,8850,1421338,1421573
9856,40,8850,657747,657787
4783,217,8851,657786,658003
7358,11,8851,658003,658014
8002,288,8851,1472858,1473146
1217,78,8852,658236,658314
3161,28,8852,658314,658342
3972,222,8852,658342,658564
4139,59,8852,658564,658623
5536,200,8852,658623,658823
3525,157,8853,658822,658979
8496,46,8853,658979,659025
1600,15,8854,659024,659039
2900,296,8854,1476061,1476357
4043,11,8854,659262,659273
5369,275,8854,1421462,1421737
6309,206,8854,659496,659702
7196,300,8854,1476315,1476615
9768,297,8854,1476066,1476363
1623,50,8855,660147,660197
2010,27,8855,660197,660224
2310,164,8855,660224,660388
9808,53,8855,660388,660441
9955,120,8855,660441,660561
2916,47,8856,660560,660607
5794,76,8856,660607,660683
2472,102,8857,660682,660784
2779,286,8857,1472901,1473187
4118,168,8857,661007,661175
6278,218,8857,661175,661393
6288,53,8857,661393,661446
9292,66,8857,661446,661512
1091,41,8858,661511,661552
2489,243,8858,1421684,1421927
2844,64,8858,661775,661839
2957,31,8858,661839,661870
5094,112,8858,661870,661982
8246,234,8858,1421704,1421938
3792,285,8859,1472904,1473189
5446,81,8859,662427,662508
6735,232,8859,1421772,1422004
6754,188,8859,662731,662919
7460,132,8859,662919,663051
8794,77,8859,663051,663128
6567,163,8860,663127,663290
8233,299,8860,1476062,1476361
1617,50,8861,663512,663562
3051,29,8861,663562,663591
5277,278,8861,1421837,1422115
8094,86,8861,663814,663900
1532,167,8862,663899,664066
6263,54,8862,664066,664120
8185,260,8862,1421891,1422151
3642,11,8863,664342,664353
3668,203,8863,664353,664556
7555,150,8863,664556,664706
7975,266,8863,1421927,1422193
9369,58,8863,664929,664987
2289,239,8864,1421969,1422208
4739,270,8864,1421985,1422255
7076,13,8864,665432,665445
7200,53,8864,665445,665498
8439,203,8864,665498,665701
9315,79,8864,665701,665780
6189,291,8865,1472916,1473207
7073,78,8865,666002,666080
7591,18,8865,666080,666098
7969,100,8865,666098,666198
9461,186,8865,666198,666384
2194,71,8866,666383,666454
8576,109,8866,666454,666563
1263,23,8867,666562,666585
1809,10,8867,666585,666595
2302,245,8867,1422087,1422332
3173,166,8867,666818,666984
4325,100,8867,666984,667084
5046,177,8867,667084,667261
1351,7,8868,667260,667267
2293,196,8868,667267,667463
2690,211,8868,667463,667674
3976,55,8868,667674,667729
6962,78,8868,667729,667807
2789,256,8869,1422107,1422363
5003,288,8869,1472922,1473210
7485,179,8869,668252,668431
8110,219,8869,668431,668650
4020,90,8870,668649,668739
4307,193,8870,668739,668932
5016,52,8870,668932,668984
6415,46,8870,668984,669030
9146,49,8870,669030,669079
1152,42,8871,669078,669120
3551,47,8871,669120,669167
4466,97,8871,669167,669264
5050,54,8871,669264,669318
6982,153,8871,669318,669471
8751,258,8871,1422196,1422454
9402,105,8872,669693,669798
5608,204,8873,669797,670001
7538,37,8873,670001,670038
1333,11,8874,670037,670048
1336,199,8874,670048,670247
3064,190,8874,670247,670437
5434,243,8874,1422228,1422471
7179,268,8874,1422248,1422516
6370,122,8875,670882,671004
2085,41,8876,671003,671044
4072,29,8876,671044,671073
6257,81,8876,671073,671154
7108,160,8876,671154,671314
8873,91,8876,671314,671405
9796,144,8876,671405,671549
1691,10,8877,671548,671558
3472,2,8877,671558,671560
4216,112,8877,671560,671672
5843,107,8877,671672,671779
2214,273,8878,1422289,1422562
2458,4,8878,672001,672005
3526,288,8878,1472920,1473208
3901,32,8878,672228,672260
5548,125,8878,672260,672385
7189,246,8878,1422397,1422643
7632,32,8878,672608,672640
9717,274,8878,1422420,1422694
2151,34,8879,672862,672896
3509,96,8879,672896,672992
4546,4,8879,672992,672996
8394,153,8879,672996,673149
9482,220,8879,673149,673369
9942,200,8879,673369,673569
5530,283,8880,1472925,1473208
8145,234,8880,1422527,1422761
8787,191,8880,674014,674205
9240,147,8880,674205,674352
1192,288,8881,1472926,1473214
1634,202,8881,674574,674776
4263,23,8881,674776,674799
5463,132,8881,674799,674931
5866,148,8881,674931,675079
7118,95,8881,675079,675174
7883,252,8881,1422595,1422847
9100,182,8881,675397,675579
2133,37,8882,675578,675615
2508,126,8882,675615,675741
2796,14,8882,675741,675755
9130,224,8882,1422623,1422847
1369,189,8883,675977,676166
2831,125,8883,676166,676291
3113,81,8883,676291,676372
3885,207,8883,676372,676579
8952,243,8883,1422623,1422866
9781,265,8883,1422643,1422908
9882,247,8883,1422685,1422932
2533,87,8884,677247,677334
2948,256,8884,1422708,1422964
5615,244,8884,1422741,1422985
5719,43,8884,677780,677823
8550,97,8884,677823,677920
2317,283,8885,1472929,1473212
2682,276,8885,1422819,1423095
5122,28,8885,678365,678393
3514,214,8886,678392,678606
3732,87,8886,678606,678693
4760,46,8886,678693,678739
6679,28,8886,678739,678767
1983,273,8887,1422870,1423143
2466,53,8887,678989,679042
2495,30,8887,679042,679072
4000,38,8887,679072,679110
5231,177,8887,679110,679287
5845,4,8887,679287,679291
6480,31,8887,679291,679322
7440,19,8887,679322,679341
7610,175,8887,679341,679516
1925,166,8888,679515,679681
2224,33,8888,679681,679714
4009,79,8888,679714,679793
4996,102,8888,679793,679895
5402,271,8888,1422919,1423190
6799,220,8888,680118,680338
2048,41,8889,680337,680378
7312,103,8889,680378,680481
9037,154,8889,680481,680635
6475,187,8890,680634,680821
5047,189,8891,680820,681009
5973,245,8891,1422964,1423209
7761,246,8891,1422986,1423232
8461,95,8891,681455,681550
3518,2,8892,681549,681551
4397,136,8892,681551,681687
5273,273,8892,1423008,1423281
1960,91,8893,681909,682000
4640,182,8893,682000,682182
5177,207,8893,682182,682389
2839,244,8894,1423056,1423300
6316,60,8894,682611,682671
6980,261,8894,1423077,1423338
9755,200,8894,682894,683094
1754,21,8895,683093,683114
1907,126,8895,683114,683240
3921,209,8895,683240,683449
7806,140,8895,683449,683589
1392,287,8896,1472920,1473207
3967,274,8896,1423171,1423445
4555,286,8896,1472926,1473212
4636,285,8896,1472931,1473216
5139,4,8896,684480,684484
7997,18,8896,684484,684502
8551,297,8896,1476030,1476327
4387,165,8897,684724,684889
6875,161,8897,684889,685050
9142,243,8897,1423395,1423638
2112,252,8898,1423414,1423666
3246,241,8898,1423443,1423684
9006,59,8898,685718,685777
9642,161,8898,685777,685938
1075,88,8899,685937,686025
1327,286,8899,1472946,1473232
3647,87,8899,686248,686335
5876,129,8899,686335,686464
8026,187,8899,686464,686651
8682,28,8899,686651,686679
9136,300,8899,1476271,1476571
9156,155,8899,686902,687057
9514,43,8899,687057,687100
9845,79,8899,687100,687179
2154,129,8900,687178,687307
2301,104,8900,687307,687411
2450,283,8901,1472963,1473246
2955,208,8901,687633,687841
3919,103,8901,687841,687944
5528,131,8901,687944,688075
8356,281,8901,1423632,1423913
1350,259,8902,1423689,1423948
1712,108,8902,688520,688628
3716,186,8902,688628,688814
5005,87,8902,688814,688901
5042,47,8902,688901,688948
7240,6,8902,688948,688954
7842,292,8902,1472964,1473256
8369,20,8902,689177,689197
8594,30,8902,689197,689227
1591,125,8903,689226,689351
2790,22,8903,689351,689373
4804,16,8903,689373,689389
6802,25,8903,689389,689414
5360,96,8904,689413,689509
8028,124,8904,689509,689633
9180,259,8904,1423781,1424040
9747,297,8904,1476028,1476325
1452,37,8905,690078,690115
2247,283,8905,1472986,1473269
6686,18,8905,690338,690356
6766,14,8905,690356,690370
6881,42,8905,690370,690412
6971,213,8905,690412,690625
9501,257,8905,1423932,1424189
2122,126,8906,690847,690973
3488,242,8906,1423965,1424207
3493,186,8906,691196,691382
3624,265,8906,1423984,1424249
6811,88,8906,691605,691693
7141,123,8906,691693,691816
9233,254,8906,1424026,1424280
9413,231,8906,1424057,1424288
9853,173,8906,692262,692435
5738,209,8907,692434,692643
7578,253,8907,1424064,1424317
9971,48,8907,692866,692914
1927,122,8908,692913,693035
2562,228,8908,1424093,1424321
3198,138,8908,693258,693396
3287,39,8908,693396,693435
3458,127,8908,693435,693562
6701,156,8908,693562,693718
9052,1,8908,693718,693719
1346,169,8909,693718,693887
2716,79,8909,693887,693966
4552,291,8909,1472984,1473275
4670,219,8909,694189,694408
1251,184,8910,694407,694591
2390,213,8910,694591,694804
3273,72,8910,694804,694876
3793,91,8910,694876,694967
3829,212,8910,694967,695179
6384,18,8910,695179,695197
6585,201,8910,695197,695398
8741,179,8910,695398,695577
7491,124,8911,695576,695700
8546,222,8911,695700,695922
8660,113,8911,695922,696035
9964,5,8911,696035,696040
1704,183,8912,696039,696222
5387,244,8912,1424152,1424396
4390,232,8913,1424172,1424404
5265,202,8913,696667,696869
9994,180,8913,696869,697049
2053,31,8914,697048,697079
4203,285,8914,1472989,1473274
9495,117,8914,697302,697419
1525,165,8915,697418,697583
4034,216,8915,697583,697799
4086,18,8915,697799,697817
4275,30,8915,697817,697847
4527,65,8915,697847,697912
4718,220,8915,697912,698132
6074,39,8915,698132,698171
8154,126,8915,698171,698297
1938,97,8916,698296,698393
3902,127,8916,698393,698520
5775,108,8916,698520,698628
6272,52,8916,698628,698680
6842,155,8916,698680,698835
8114,83,8916,698835,698918
8758,143,8916,698918,699061
8775,218,8916,699061,699279
9380,109,8916,699279,699388
9515,215,8916,699388,699603
9970,249,8916,1424236,1424485
1948,203,8917,699825,700028
3139,87,8917,700028,700115
3764,205,8917,700115,700320
3984,246,8917,1424261,1424507
4487,92,8917,700543,700635
8383,296,8917,1476017,1476313
1493,82,8918,700857,700939
1540,156,8918,700939,701095
4807,195,8918,701095,701290
5210,14,8918,701290,701304
6119,1,8918,701304,701305
3664,108,8919,701304,701412
3838,39,8919,701412,701451
6113,163,8919,701451,701614
8260,27,8919,701614,701641
1260,239,8920,1424339,1424578
5295,45,8920,701863,701908
5906,21,8920,701908,701929
7624,248,8920,1424355,1424603
8382,34,8920,702152,702186
9412,252,8920,1424380,1424632
9556,284,8920,1473001,1473285
1555,93,8921,702631,702724
1936,55,8921,702724,702779
2676,101,8921,702779,702880
3044,44,8921,702880,702924
3693,217,8921,702924,703141
4498,242,8921,1424466,1424708
4975,64,8921,703364,703428
3422,44,8922,703427,703471
8689,195,8922,703471,703666
2568,47,8923,703665,703712
3278,113,8923,703712,703825
5970,192,8923,703825,704017
7970,284,8923,1473001,1473285
8945,257,8923,1424541,1424798
3521,51,8924,704462,704513
4074,79,8924,704513,704592
6163,85,8924,704592,704677
1633,184,8925,704676,704860
5910,257,8925,1424573,1424830
5930,167,8925,705083,705250
7230,239,8925,1424607,1424846
8459,264,8925,1424623,1424887
8691,162,8925,705696,705858
9593,221,8925,705858,706079
9648,128,8925,706079,706207
9938,194,8925,706207,706401
9992,23,8925,706401,706424
2577,111,8926,706423,706534
4766,220,8926,706534,706754
7779,31,8926,706754,706785
4204,44,8927,706784,706828
6080,89,8927,706828,706917
3945,34,8928,706916,706950
6209,62,8928,706950,707012
7168,15,8928,707012,707027
1353,254,8929,1424660,1424914
2381,279,8929,1424691,1424970
4623,8,8929,707472,707480
6632,198,8929,707480,707678
8940,84,8929,707678,707762
9427,55,8929,707762,707817
1999,57,8930,707816,707873
5054,269,8930,1424746,1425015
9541,77,8930,708096,708173
3138,288,8931,1472996,1473284
7314,193,8931,708395,708588
2049,9,8932,708587,708596
4242,221,8932,708596,708817
4438,228,8932,1424848,1425076
5379,88,8932,709040,709128
6102,253,8932,1424853,1425106
6342,298,8932,1476003,1476301
7576,218,8932,709574,709792
9334,233,8932,1424941,1425174
2004,228,8933,1424950,1425178
2805,181,8933,710237,710418
8582,253,8933,1424955,1425208
9846,79,8933,710641,710720
2258,139,8934,710719,710858
7770,150,8934,710858,711008
9251,216,8934,711008,711224
1047,258,8935,1424983,1425241
5216,135,8935,711446,711581
7497,8,8935,711581,711589
1206,158,8936,711588,711746
1965,266,8936,1425017,1425283
2812,2,8936,711969,711971
7995,164,8936,711971,712135
8840,235,8936,1425060,1425295
9134,277,8936,1425072,1425349
1202,222,8937,712580,712802
1504,25,8937,712802,712827
4840,173,8937,712827,713000
5057,172,8937,713000,713172
5886,112,8937,713172,713284
3248,114,8938,713283,713397
4506,76,8938,713397,713473
6051,130,8938,713473,713603
4079,208,8940,713601,713809
4795,279,8940,1425122,1425401
7183,36,8940,714032,714068
8752,89,8940,714068,714157
1900,283,8941,1473007,1473290
4054,214,8941,714379,714593
6428,175,8941,714593,714768
6611,139,8941,714768,714907
9736,29,8941,714907,714936
2915,104,8942,714935,715039
3095,149,8942,715039,715188
7766,284,8942,1473008,1473292
9014,196,8942,715411,715607
9210,32,8942,715607,715639
2140,127,8943,715638,715765
2646,274,8943,1425291,1425565
3024,222,8943,715988,716210
4337,243,8943,1425342,1425585
6107,52,8943,716433,716485
6515,132,8943,716485,716617
7598,247,8943,1425362,1425609
8086,15,8943,716840,716855
8814,196,8943,716855,717051
1151,297,8944,1475994,1476291
1596,130,8944,717273,717403
4400,17,8944,717403,717420
5271,250,8944,1425443,1425693
5666,240,8944,1425470,1425710
7808,283,8944,1473023,1473306
7878,280,8944,1425545,1425825
9783,168,8944,718312,718480
1404,200,8945,718479,718679
5249,222,8945,718679,718901
5625,54,8945,718901,718955
5758,198,8945,718955,719153
5258,259,8946,1425600,1425859
6171,247,8946,1425636,1425883
6427,133,8946,719598,719731
6514,3,8946,719731,719734
8842,121,8946,719734,719855
3150,295,8947,1473022,1473317
6742,198,8947,720077,720275
2572,137,8948,720274,720411
4372,48,8948,720411,720459
6142,263,8948,1425716,1425979
4977,231,8949,1425755,1425986
6513,246,8949,1425763,1426009
6872,59,8949,721127,721186
7055,17,8949,721186,721203
7162,294,8949,1473034,1473328
8134,89,8949,721426,721515
1215,40,8950,721514,721554
2512,242,8950,1425843,1426085
4962,96,8950,721777,721873
4979,163,8950,721873,722036
7985,249,8950,1425862,1426111
8387,249,8950,1425888,1426137
1646,263,8951,1425913,1426176
3676,287,8951,1473045,1473332
4360,293,8951,1473051,1473344
5582,66,8951,723150,723216
6135,143,8951,723216,723359
3966,99,8952,723358,723457
4782,285,8952,1473062,1473347
8348,33,8952,723680,723713
1500,240,8953,1426125,1426365
3557,63,8953,723935,723998
4240,223,8953,723998,724221
5549,102,8953,724221,724323
6935,164,8953,724323,724487
7722,72,8953,724487,724559
7971,118,8953,724559,724677
9304,109,8953,724677,724786
1782,32,8954,724785,724817
2146,249,8954,1426141,1426390
2269,214,8954,725040,725254
6106,46,8954,725254,725300
6181,14,8954,725300,725314
6882,238,8954,1426167,1426405
9761,230,8954,1426182,1426412
2865,89,8955,725759,725848
3495,51,8955,725848,725899
3712,24,8955,725899,725923
4095,51,8955,725923,725974
4391,140,8955,725974,726114
5365,121,8955,726114,726235
6314,256,8955,1426188,1426444
7394,29,8955,726458,726487
1956,32,8956,726486,726518
3737,72,8956,726518,726590
3430,172,8957,726589,726761
5785,50,8957,726761,726811
6375,242,8957,1426219,1426461
7053,191,8957,727034,727225
8004,157,8957,727225,727382
2665,41,8958,727381,727422
3115,149,8958,727422,727571
4737,208,8958,727571,727779
6133,254,8958,1426237,1426491
7354,116,8958,728002,728118
1039,112,8959,728117,728229
1187,205,8959,728229,728434
2662,131,8959,728434,728565
6832,113,8959,728565,728678
8624,296,8959,1475981,1476277
1015,185,8960,728900,729085
3749,46,8960,729085,729131
3561,134,8961,729130,729264
8033,85,8961,729264,729349
9752,91,8961,729349,729440
9124,90,8962,729439,729529
1074,100,8963,729528,729628
1811,253,8963,1426321,1426574
2961,255,8963,1426351,1426606
3794,21,8963,730074,730095
4675,251,8963,1426383,1426634
5021,19,8963,730318,730337
8968,256,8963,1426411,1426667
1388,158,8964,730559,730717
2062,160,8964,730717,730877
3036,174,8964,730877,731051
3357,229,8964,1426443,1426672
5711,240,8964,1426449,1426689
7057,1,8964,731497,731498
2602,55,8965,731497,731552
3929,151,8965,731552,731703
4972,231,8965,1426465,1426696
5255,32,8965,731926,731958
5511,48,8965,731958,732006
8298,135,8965,732006,732141
8406,47,8965,732141,732188
1371,204,8966,732187,732391
2150,274,8966,1426472,1426746
2821,92,8966,732614,732706
4373,78,8966,732706,732784
4971,70,8966,732784,732854
7239,223,8966,732854,733077
1490,166,8967,733076,733242
2467,34,8968,733241,733275
4614,179,8968,733275,733454
7827,15,8968,733454,733469
1282,156,8969,733468,733624
2913,161,8969,733624,733785
6792,66,8969,733785,733851
3895,2,8970,733850,733852
4140,144,8970,733852,733996
4751,47,8970,733996,734043
5234,3,8970,734043,734046
5395,28,8970,734046,734074
9168,30,8970,734074,734104
1305,218,8971,734103,734321
1857,218,8971,734321,734539
3596,174,8971,734539,734713
4456,223,8971,734713,734936
5917,76,8971,734936,735012
6057,192,8971,735012,735204
9806,154,8971,735204,735358
1530,160,8972,735357,735517
4318,250,8972,1426517,1426767
4604,243,8972,1426544,1426787
6453,203,8972,735963,736166
7344,18,8972,736166,736184
1855,152,8973,736183,736335
2005,39,8973,736335,736374
2626,65,8973,736374,736439
3016,288,8973,1473059,1473347
4776,34,8973,736662,736696
9023,65,8973,736696,736761
1821,80,8974,736760,736840
2093,174,8974,736840,737014
4453,295,8974,1473065,1473360
7506,295,8974,1473079,1473374
9165,280,8974,1426736,1427016
2013,11,8975,737682,737693
4050,128,8975,737693,737821
4417,210,8975,737821,738031
5574,231,8975,1426792,1427023
5667,149,8975,738254,738403
6176,214,8975,738403,738617
6242,150,8975,738617,738767
7564,48,8975,738767,738815
8203,244,8975,1426800,1427044
1572,39,8976,739037,739076
2521,113,8976,739076,739189
2849,235,8976,1426820,1427055
4036,157,8976,739412,739569
8327,171,8976,739569,739740
3689,277,8977,1426831,1427108
3825,292,8977,1473090,1473382
5091,283,8977,1473101,1473384
6035,68,8977,740408,740476
6900,157,8977,740476,740633
6036,55,8978,740632,740687
7045,289,8978,1473102,1473391
2943,125,8979,740909,741034
6765,119,8979,741034,741153
7508,288,8979,1473109,1473397
9471,166,8979,741376,741542
1934,121,8980,741541,741662
3239,123,8980,741662,741785
3787,61,8980,741785,741846
5196,85,8980,741846,741931
2139,232,8981,1427113,1427345
2981,93,8981,742153,742246
3376,165,8981,742246,742411
4427,247,8981,1427122,1427369
6768,203,8981,742634,742837
8606,283,8981,1473114,1473397
3930,90,8982,743059,743149
4486,183,8982,743149,743332
7025,282,8982,1473115,1473397
8845,161,8982,743555,743716
1391,125,8983,743715,743840
8005,197,8983,743840,744037
9076,96,8983,744037,744133
9253,132,8983,744133,744265
1386,151,8984,744264,744415
2248,211,8984,744415,744626
2734,155,8984,744626,744781
3677,277,8984,1427259,1427536
5013,177,8984,745004,745181
9056,27,8984,745181,745208
2518,1,8985,745207,745208
3789,299,8985,1475956,1476255
8633,234,8986,1427369,1427603
8876,269,8986,1427380,1427649
2380,37,8987,745875,745912
5673,170,8987,745912,746082
8069,70,8987,746082,746152
2231,20,8988,746151,746171
2480,205,8988,746171,746376
2856,299,8988,1475957,1476256
3077,116,8988,746599,746715
3101,131,8988,746715,746846
4138,7,8988,746846,746853
6897,180,8988,746853,747033
8471,285,8988,1473138,1473423
8944,80,8988,747256,747336
1338,245,8989,1427539,1427784
5386,220,8989,747558,747778
6443,95,8989,747778,747873
6659,276,8989,1427561,1427837
6140,54,8990,748095,748149
6540,79,8990,748149,748228
7125,127,8990,748228,748355
8249,293,8990,1473140,1473433
3109,165,8991,748577,748742
3617,88,8991,748742,748830
9665,137,8991,748830,748967
2609,79,8992,748966,749045
5697,281,8992,1427669,1427950
4728,151,8993,749267,749418
6584,298,8993,1475956,1476254
7860,108,8993,749641,749749
7944,181,8993,749749,749930
2322,158,8995,749928,750086
2361,29,8995,750086,750115
4460,75,8995,750115,750190
6724,63,8995,750190,750253
1689,134,8996,750252,750386
3807,263,8996,1427781,1428044
5119,181,8996,750609,750790
9332,278,8996,1427821,1428099
1945,232,8997,1427875,1428107
3913,36,8997,751235,751271
4347,278,8997,1427884,1428162
4915,57,8997,751494,751551
7051,99,8997,751551,751650
9019,47,8997,751650,751697
2992,149,8998,751696,751845
3529,127,8998,751845,751972
4310,16,8998,751972,751988
8540,22,8998,751988,752010
3144,244,8999,1427937,1428181
3195,68,8999,752232,752300
4132,46,8999,752300,752346
5786,202,8999,752346,752548
6628,283,8999,1473157,1473440
1883,236,9000,1428015,1428251
3582,27,9000,752993,753020
4740,84,9000,753020,753104
7247,106,9000,753104,753210
7326,225,9000,1428028,1428253
9704,159,9000,753433,753592
4224,144,9001,753591,753735
5493,230,9001,1428029,1428259
8425,207,9001,753958,754165
1604,233,9002,1428035,1428268
2485,234,9002,1428045,1428279
3184,40,9002,754610,754650
3218,127,9002,754650,754777
3650,111,9002,754777,754888
3798,125,9002,754888,755013
7903,162,9002,755013,755175
9805,182,9002,755175,755357
3423,126,9003,755356,755482
8128,235,9003,1428055,1428290
2174,300,9004,1476167,1476467
3313,129,9004,755927,756056
6976,247,9004,1428124,1428371
7717,30,9004,756279,756309
1299,134,9005,756308,756442
2617,145,9005,756442,756587
2672,160,9005,756587,756747
2881,290,9005,1473167,1473457
3482,73,9005,756970,757043
5087,151,9005,757043,757194
7964,164,9005,757194,757358
8693,183,9005,757358,757541
5010,187,9006,757540,757727
5202,83,9007,757726,757809
6416,66,9007,757809,757875
7759,126,9007,757875,758001
8655,140,9007,758001,758141
1134,293,9008,1473173,1473466
4271,277,9008,1428260,1428537
4611,268,9008,1428314,1428582
5002,192,9008,758809,759001
5801,247,9008,1428359,1428606
7834,235,9008,1428383,1428618
1314,236,9009,1428394,1428630
1564,290,9009,1473184,1473474
3147,29,9009,759892,759921
4122,227,9009,1428465,1428692
5987,43,9010,760143,760186
6069,159,9010,760186,760345
2379,73,9011,760344,760417
2400,97,9011,760417,760514
2541,60,9011,760514,760574
5690,72,9011,760574,760646
7881,195,9011,760646,760841
8673,121,9011,760841,760962
5133,118,9012,760961,761079
6403,119,9012,761079,761198
1933,160,9013,761197,761357
2126,142,9013,761357,761499
4822,96,9013,761499,761595
6687,112,9013,761595,761707
6839,129,9013,761707,761836
7526,81,9013,761836,761917
8225,281,9013,1428465,1428746
9362,278,9013,1428523,1428801
9680,20,9013,762363,762383
1463,52,9014,762382,762434
6631,274,9014,1428577,1428851
6973,65,9014,762657,762722
8248,249,9014,1428628,1428877
4647,65,9015,762944,763009
6237,162,9015,763009,763171
8285,215,9015,763171,763386
2643,125,9016,763385,763510
4749,252,9016,1428652,1428904
7018,229,9016,1428681,1428910
8900,49,9016,763956,764005
1930,221,9017,764004,764225
2745,216,9017,764225,764441
4601,84,9017,764441,764525
6987,136,9017,764525,764661
7541,72,9017,764661,764733
8122,54,9017,764733,764787
8137,150,9017,764787,764937
1815,111,9018,764936,765047
4200,55,9018,765047,765102
8974,47,9018,765102,765149
3037,285,9019,1473183,1473468
5481,212,9019,765371,765583
5965,99,9019,765583,765682
7194,207,9019,765682,765889
1315,15,9020,765888,765903
2829,128,9020,765903,766031
7161,24,9020,766031,766055
8389,181,9020,766055,766236
8414,94,9020,766236,766330
1717,235,9021,1428740,1428975
1792,56,9021,766552,766608
2564,158,9021,766608,766766
8079,233,9021,1428752,1428985
5298,81,9022,766988,767069
6378,126,9022,767069,767195
8062,212,9022,767195,767407
8316,35,9022,767407,767442
9045,73,9022,767442,767515
9499,222,9022,767515,767737
1416,236,9023,1428760,1428996
4954,44,9023,767959,768003
5304,206,9023,768003,768209
5309,24,9023,768209,768233
5540,233,9023,1428773,1429006
9060,10,9023,768456,768466
2403,31,9024,768465,768496
2550,22,9024,768496,768518
4931,155,9024,768518,768673
5835,39,9024,768673,768712
5981,142,9024,768712,768854
6460,215,9024,768854,769069
7668,73,9024,769069,769142
1424,282,9025,1473181,1473463
4392,271,9025,1428839,1429110
6238,43,9025,769587,769630
7957,48,9025,769630,769678
8111,171,9025,769678,769849
8638,179,9025,769849,770028
9569,55,9025,770028,770083
9912,290,9025,1473182,1473472
9913,162,9025,770306,770468
5751,271,9026,1428944,1429215
6664,72,9026,770690,770762
7917,26,9026,770762,770788
1110,149,9027,770787,770936
1423,205,9027,770936,771141
8549,253,9027,1428991,1429244
8929,282,9027,1473189,1473471
9437,238,9027,1429079,1429317
2478,175,9028,771809,771984
3527,245,9028,1429093,1429338
8562,3,9028,772207,772210
8678,108,9028,772210,772318
8718,285,9028,1473189,1473474
9065,134,9028,772541,772675
9183,47,9028,772675,772722
4051,223,9029,772721,772944
4834,110,9029,772944,773054
6661,131,9030,773053,773184
7551,246,9030,1429171,1429417
2535,247,9031,1429193,1429440
8831,29,9031,773629,773658
3050,98,9032,773657,773755
4233,296,9032,1475924,1476220
7186,176,9032,773978,774154
8595,174,9032,774154,774328
1753,207,9033,774327,774534
7562,91,9033,774534,774625
9640,113,9033,774625,774738
1012,264,9034,1429272,1429536
6601,128,9034,774960,775088
6672,247,9034,1429313,1429560
8207,130,9034,775311,775441
9034,214,9034,775441,775655
1033,251,9035,1429336,1429587
3388,126,9035,775877,776003
5285,151,9036,776002,776153
7297,98,9036,776153,776251
9208,135,9037,776250,776385
3090,152,9038,776384,776536
3394,22,9038,776536,776558
4929,285,9038,1473197,1473482
5335,213,9038,776781,776994
6042,97,9038,776994,777091
7080,197,9038,777091,777288
7952,19,9038,777288,777307
8805,67,9038,777307,777374
8971,170,9038,777374,777544
1276,244,9039,1429418,1429662
2339,16,9039,777766,777782
9681,26,9039,777782,777808
9801,45,9039,777808,777853
1520,198,9040,777852,778050
2649,213,9040,778050,778263
4596,182,9040,778263,778445
6164,187,9040,778445,778632
8342,39,9040,778632,778671
9050,216,9040,778671,778887
9722,117,9040,778887,779004
9951,169,9040,779004,779173
2431,21,9041,779172,779193
2487,203,9041,779193,779396
3071,107,9041,779396,779503
5168,127,9041,779503,779630
6523,269,9041,1429437,1429706
2778,132,9042,779852,779984
3920,142,9042,779984,780126
7431,83,9042,780126,780209
8851,1,9042,780209,780210
2852,17,9043,780209,780226
2885,280,9043,1429481,1429761
3962,284,9043,1473196,1473480
4210,288,9043,1473199,1473487
1433,197,9044,780894,781091
4343,74,9044,781091,781165
7338,71,9044,781165,781236
7784,135,9044,781236,781371
8777,133,9044,781371,781504
9583,20,9044,781504,781524
6235,26,9045,781523,781549
6431,197,9045,781549,781746
9686,53,9045,781746,781799
1084,281,9046,1429651,1429932
2376,139,9046,782021,782160
5526,210,9046,782160,782370
5563,57,9046,782370,782427
9148,152,9046,782427,782579
9436,168,9046,782579,782747
1363,281,9047,1429708,1429989
2976,162,9047,782969,783131
3565,93,9047,783131,783224
7304,31,9047,783224,783255
8556,13,9047,783255,783268
9001,254,9047,1429766,1430020
2594,53,9048,783490,783543
5883,118,9048,783543,783661
7795,246,9048,1429796,1430042
8235,103,9048,783884,783987
9530,178,9048,783987,784165
1258,140,9049,784164,784304
2076,273,9049,1429818,1430091
7117,295,9049,1473200,1473495
8322,288,9049,1473214,1473502
7005,123,9050,784972,785095
7980,185,9050,785095,785280
3578,295,9051,1473219,1473514
4145,86,9051,785502,785588
4818,247,9051,1430040,1430287
5179,213,9051,785811,786024
5183,202,9051,786024,786226
5491,150,9051,786226,786376
6206,87,9051,786376,786463
7121,8,9051,786463,786471
9644,279,9051,1430064,1430343
1751,5,9052,786693,786698
2620,295,9052,1473232,1473527
5400,39,9052,786921,786960
6373,105,9052,786960,787065
8747,159,9052,787065,787224
9415,206,9052,787224,787430
3165,298,9053,1475904,1476202
3818,202,9053,787652,787854
4258,152,9053,787854,788006
8748,121,9053,788006,788127
5239,89,9054,788126,788215
6077,94,9054,788215,788309
9811,101,9054,788309,788410
1987,269,9055,1430232,1430501
3586,285,9055,1473257,1473542
4148,12,9055,788855,788867
6365,182,9055,788867,789049
8220,33,9055,789049,789082
3310,169,9056,789081,789250
7715,216,9056,789250,789466
8281,13,9056,789466,789479
9658,19,9056,789479,789498
5489,250,9057,1430334,1430584
3439,86,9058,789719,789805
4961,243,9058,1430360,1430603
5033,210,9058,790028,790238
6910,155,9058,790238,790393
8890,88,9058,790393,790481
3407,155,9059,790480,790635
8668,59,9059,790635,790694
1736,201,9060,790693,790894
1231,210,9061,790893,791103
3187,71,9061,791103,791174
4048,122,9061,791174,791296
6398,277,9061,1430377,1430654
6641,278,9061,1430431,1430709
7961,236,9061,1430486,1430722
9898,139,9061,791965,792104
7085,123,9062,792103,792226
7574,170,9062,792226,792396
1032,208,9063,792395,792603
6530,219,9063,792603,792822
9496,202,9063,792822,793024
1266,178,9064,793023,793201
2030,72,9064,793201,793273
5704,143,9064,793273,793416
6323,62,9064,793416,793478
7282,233,9064,1430496,1430729
7364,272,9064,1430506,1430778
9462,268,9064,1430555,1430823
2788,212,9065,794146,794358
3717,107,9065,794358,794465
4918,289,9065,1473251,1473540
2965,214,9066,794687,794901
5908,171,9066,794901,795072
1183,155,9067,795071,795226
2055,271,9067,1430655,1430926
3572,69,9067,795449,795518
6972,193,9067,795518,795711
7135,62,9067,795711,795773
1421,132,9068,795772,795904
2027,177,9068,795904,796081
6619,156,9068,796081,796237
9336,69,9068,796237,796306
9616,138,9068,796306,796444
1544,202,9069,796443,796645
3579,173,9069,796645,796818
4288,62,9069,796818,796880
2625,193,9070,796879,797072
5543,17,9070,797072,797089
6605,269,9070,1430700,1430969
6771,298,9071,1475889,1476187
7500,172,9071,797534,797706
8347,65,9071,797706,797771
8629,153,9071,797771,797924
1784,225,9072,1430802,1431027
2470,230,9072,1430804,1431034
2875,165,9072,798369,798534
3999,51,9072,798534,798585
4609,51,9072,798585,798636
6850,134,9072,798636,798770
7208,91,9072,798770,798861
7607,223,9072,798861,799084
9126,194,9072,799084,799278
9421,298,9072,1475891,1476189
9598,62,9072,799501,799563
2707,11,9074,799561,799572
3120,136,9074,799572,799708
3389,128,9074,799708,799836
4645,20,9074,799836,799856
7563,70,9074,799856,799926
7703,198,9074,799926,800124
7899,118,9074,800124,800242
8273,245,9074,1430867,1431112
8796,246,9074,1430889,1431135
2392,26,9075,800687,800713
5218,276,9075,1430911,1431187
5723,56,9075,800936,800992
8410,208,9075,800992,801200
2580,83,9076,801199,801282
3240,82,9076,801282,801364
3451,242,9076,1430963,1431205
6763,1,9076,801587,801588
7404,290,9076,1473276,1473566
9192,98,9076,801811,801909
1778,33,9077,801908,801941
3648,52,9077,801941,801993
4535,108,9077,801993,802101
6522,26,9077,802101,802127
9397,262,9077,1431039,1431301
5561,274,9078,1431077,1431351
6451,203,9078,802572,802775
9939,234,9078,1431128,1431362
2611,90,9079,802997,803087
2389,73,9080,803086,803159
4171,49,9080,803159,803208
8852,253,9080,1431137,1431390
9596,160,9080,803431,803591
3008,133,9081,803590,803723
6551,101,9081,803723,803824
9420,256,9081,1431166,1431422
9466,111,9081,804047,804158
2468,279,9082,1431198,1431477
5088,25,9082,804380,804405
6111,206,9082,804405,804611
6426,298,9082,1475884,1476182
2427,73,9083,804833,804906
4846,10,9083,804906,804916
6560,146,9083,804916,805062
9352,249,9083,1431311,1431560
6412,229,9084,1431336,1431565
7954,252,9084,1431342,1431594
2460,249,9085,1431370,1431619
2736,120,9085,805952,806072
4743,202,9085,806072,806274
5452,250,9085,1431396,1431646
7974,113,9085,806497,806610
7982,91,9085,806610,806701
8505,243,9085,1431423,1431666
9676,277,9085,1431443,1431720
4385,73,9086,807146,807219
5783,133,9086,807219,807352
6300,185,9086,807352,807537
8017,159,9086,807537,807696
4533,76,9087,807695,807771
7176,126,9087,807771,807897
3277,104,9088,807896,808000
7544,228,9088,1431494,1431722
8109,49,9088,808223,808272
8707,70,9088,808272,808342
9375,139,9088,808342,808481
2924,217,9089,808480,808697
3729,30,9089,808697,808727
4141,81,9089,808727,808808
6808,30,9089,808808,808838
7395,72,9089,808838,808910
9608,239,9089,1431498,1431737
1357,202,9090,809132,809334
1474,200,9090,809334,809534
4298,145,9090,809534,809679
7100,109,9090,809679,809788
1148,108,9091,809787,809895
2586,172,9091,809895,810067
3293,144,9091,810067,810211
5167,204,9091,810211,810415
5900,99,9091,810415,810514
7374,50,9091,810514,810564
7396,104,9091,810564,810668
1850,195,9092,810667,810862
2832,179,9092,810862,811041
4934,54,9092,811041,811095
5670,28,9092,811095,811123
6250,126,9092,811123,811249
2481,95,9093,811248,811343
3856,265,9093,1431510,1431775
4483,49,9093,811566,811615
5497,296,9093,1475876,1476172
6085,10,9093,811838,811848
6681,116,9093,811848,811964
6966,214,9093,811964,812178
7340,151,9093,812178,812329
4087,171,9094,812328,812499
5187,160,9094,812499,812659
6622,224,9094,1431609,1431833
7016,125,9094,812882,813007
7518,116,9094,813007,813123
7463,163,9095,813122,813285
8730,300,9095,1476077,1476377
4806,40,9096,813507,813547
6851,190,9096,813547,813737
8774,299,9096,1475878,1476177
2869,243,9097,1431723,1431966
4005,15,9097,814182,814197
6262,20,9097,814197,814217
6726,244,9097,1431743,1431987
6809,88,9097,814440,814528
2329,135,9098,814527,814662
6774,206,9098,814662,814868
9282,105,9098,814868,814973
6049,248,9099,1431762,1432010
8813,57,9099,815195,815252
9553,202,9099,815252,815454
3563,186,9100,815453,815639
3644,45,9100,815639,815684
4968,279,9100,1431786,1432065
8140,44,9100,815907,815951
8791,54,9100,815951,816005
1977,125,9101,816004,816129
2782,298,9101,1475877,1476175
9976,219,9101,816352,816571
1916,118,9102,816570,816688
2464,254,9102,1431898,1432152
6065,97,9102,816911,817008
8705,172,9102,817008,817180
2696,275,9103,1431928,1432203
2803,245,9103,1431980,1432225
4093,28,9103,817625,817653
4933,185,9103,817653,817838
5343,234,9103,1432002,1432236
8266,141,9103,818061,818202
9371,203,9103,818202,818405
9394,43,9103,818405,818448
2794,166,9104,818447,818613
3878,206,9104,818613,818819
4710,242,9104,1432012,1432254
6145,113,9104,819042,819155
8975,277,9104,1432031,1432308
9270,206,9104,819378,819584
1027,221,9105,819583,819804
1765,207,9106,819803,820010
8171,225,9106,1432083,1432308
8894,125,9106,820233,820358
3417,75,9107,820357,820432
4061,88,9107,820432,820520
5413,146,9107,820520,820666
6956,271,9107,1432084,1432355
7708,80,9107,820889,820969
7725,173,9107,820969,821142
7888,216,9107,821142,821358
9388,150,9107,821358,821508
4361,268,9108,1432131,1432399
5712,23,9108,821730,821753
6579,197,9108,821753,821950
8995,34,9108,821950,821984
9123,289,9108,1473323,1473612
1843,280,9109,1432233,1432513
3250,115,9109,822429,822544
5038,176,9109,822544,822720
5166,260,9109,1432290,1432550
7345,211,9109,822943,823154
9463,38,9109,823154,823192
9789,93,9109,823192,823285
1197,114,9110,823284,823398
2295,219,9110,823398,823617
5189,62,9110,823617,823679
9289,36,9110,823679,823715
1004,231,9111,1432325,1432556
4732,109,9111,823937,824046
9772,283,9111,1473328,1473611
3914,106,9112,824268,824374
5105,5,9112,824374,824379
5623,92,9112,824379,824471
6488,260,9112,1432390,1432650
7315,242,9112,1432427,1432669
9919,274,9112,1432446,1432720
2847,166,9113,825139,825305
2998,122,9113,825305,825427
3300,124,9113,825427,825551
8175,229,9113,1432496,1432725
3670,12,9115,825772,825784
3641,158,9116,825783,825941
9036,249,9116,1432499,1432748
2060,227,9117,1432524,1432751
2187,123,9117,826386,826509
4085,232,9117,1432528,1432760
5092,249,9117,1432537,1432786
5739,291,9117,1473324,1473615
7043,266,9117,1432621,1432887
1974,121,9118,827400,827521
2282,10,9118,827521,827531
2721,296,9118,1475863,1476159
6942,269,9118,1432721,1432990
8311,248,9118,1432767,1433015
4705,47,9119,828199,828246
5288,174,9119,828246,828420
6538,18,9119,828420,828438
6974,46,9119,828438,828484
9653,89,9119,828484,828573
3674,101,9120,828572,828673
4966,266,9121,1432789,1433055
5455,275,9121,1432832,1433107
6479,241,9121,1432884,1433125
2313,252,9122,1432901,1433153
2691,154,9122,829563,829717
3998,157,9122,829717,829874
6156,152,9122,829874,830026
2430,34,9123,830025,830059
7402,287,9123,1473342,1473629
7501,192,9123,830282,830474
8565,195,9123,830474,830669
5274,230,9124,1432986,1433216
7869,233,9124,1432993,1433226
8838,164,9124,831114,831278
2442,121,9125,831277,831398
2667,140,9125,831398,831538
5909,205,9125,831538,831743
6298,66,9125,831743,831809
7258,201,9125,831809,832010
7729,91,9125,832010,832101
1056,157,9126,832100,832257
7764,88,9126,832257,832345
9095,88,9126,832345,832433
9632,264,9126,1433001,1433265
2180,283,9127,1473344,1473627
8989,285,9127,1473346,1473631
9330,97,9127,833101,833198
1639,147,9128,833197,833344
5337,16,9128,833344,833360
7720,299,9128,1475854,1476153
2220,295,9129,1473362,1473657
3176,84,9129,833805,833889
9905,178,9129,833889,834067
2902,260,9130,1433270,1433530
3730,171,9130,834289,834460
9881,179,9130,834460,834639
2453,19,9131,834638,834657
2554,279,9131,1433306,1433585
3496,112,9131,834880,834992
3937,93,9131,834992,835085
5290,295,9131,1473374,1473669
3593,260,9132,1433419,1433679
4082,170,9132,835530,835700
4853,275,9132,1433456,1433731
6274,288,9132,1473387,1473675
7289,155,9132,836146,836301
8032,217,9133,836300,836517
1255,208,9134,836516,836724
2234,258,9134,1433564,1433822
2763,59,9134,836947,837006
3001,25,9134,837006,837031
3301,129,9134,837031,837160
7960,22,9134,837160,837182
9057,2,9134,837182,837184
2558,236,9135,1433598,1433834
2692,262,9135,1433611,1433873
3285,248,9135,1433650,1433898
3799,226,9135,1433675,1433901
4299,185,9135,838075,838260
8141,181,9135,838260,838441
2280,222,9136,838440,838662
4634,206,9136,838662,838868
4769,46,9136,838868,838914
5474,201,9136,838914,839115
6210,59,9136,839115,839174
8121,286,9136,1473390,1473676
8720,114,9136,839397,839511
4898,260,9137,1433734,1433994
6006,197,9137,839733,839930
9546,292,9137,1473394,1473686
1277,203,9138,840152,840355
1546,3,9138,840355,840358
1980,193,9138,840358,840551
2196,9,9138,840551,840560
2294,293,9138,1473404,1473697
2850,120,9138,840783,840903
2873,244,9138,1433886,1434130
3743,154,9138,841126,841280
8713,242,9138,1433907,1434149
8783,242,9138,1433926,1434168
9053,206,9138,841726,841932
1065,20,9139,841931,841951
1961,128,9139,841951,842079
2095,122,9139,842079,842201
2970,215,9139,842201,842416
4011,292,9139,1473415,1473707
4622,226,9139,1434002,1434228
1829,292,9140,1473425,1473717
1899,35,9140,843084,843119
5217,75,9140,843119,843194
6343,195,9140,843194,843389
9876,255,9140,1434062,1434317
9957,219,9140,843612,843831
1937,192,9141,843830,844022
3019,69,9141,844022,844091
4068,29,9141,844091,844120
4584,127,9141,844120,844247
4713,279,9141,1434093,1434372
5806,125,9141,844470,844595
9291,271,9141,1434149,1434420
1430,182,9142,844817,844999
1923,3,9142,844999,845002
4550,177,9142,845002,845179
8468,167,9142,845179,845346
9610,93,9142,845346,845439
9857,108,9142,845439,845547
5342,163,9143,845546,845709
5459,62,9143,845709,845771
9917,37,9143,845771,845808
1685,291,9144,1473432,1473723
8802,180,9144,846030,846210
6858,161,9145,846209,846370
1146,125,9146,846369,846494
7774,93,9146,846494,846587
3427,264,9147,1434249,1434513
5431,187,9147,846809,846996
9758,150,9147,846996,847146
3045,5,9148,847145,847150
4045,202,9148,847150,847352
5873,131,9148,847352,847483
8501,129,9148,847483,847612
4621,8,9149,847611,847619
5820,15,9149,847619,847634
5979,60,9149,847634,847694
6747,278,9149,1434288,1434566
7713,295,9149,1473437,1473732
8259,242,9149,1434401,1434643
8690,116,9149,848363,848479
8795,56,9149,848479,848535
1037,40,9150,848534,848574
6020,59,9150,848574,848633
6994,160,9150,848633,848793
9355,283,9150,1473450,1473733
1180,73,9151,849015,849088
3345,20,9151,849088,849108
4279,249,9151,1434476,1434725
4407,108,9151,849331,849439
6162,226,9151,1434502,1434728
7316,32,9151,849662,849694
8080,227,9151,1434505,1434732
1348,65,9152,849916,849981
4430,151,9152,849981,850132
5805,255,9152,1434508,1434763
1325,101,9153,850354,850455
1529,237,9153,1434539,1434776
3865,5,9153,850678,850683
4798,78,9153,850683,850761
5412,223,9153,850761,850984
6289,289,9153,1473449,1473738
7366,272,9153,1434611,1434883
2360,292,9154,1473456,1473748
9672,49,9154,851652,851701
1191,285,9155,1473466,1473751
1787,243,9155,1434774,1435017
4130,54,9155,852146,852200
2355,274,9156,1434793,1435067
3757,11,9156,852422,852433
4420,71,9156,852433,852504
7099,268,9156,1434844,1435112
5877,291,9157,1473468,1473759
7355,177,9157,852949,853126
8442,296,9157,1475829,1476125
9756,220,9157,853349,853569
4965,258,9158,1435003,1435261
5467,164,9158,853791,853955
9272,181,9158,853955,854136
9697,119,9158,854136,854255
1157,64,9159,854254,854318
9113,271,9159,1435037,1435308
2483,53,9160,854540,854593
5004,142,9160,854593,854735
1016,90,9161,854734,854824
1345,54,9161,854824,854878
2316,24,9161,854878,854902
5499,144,9161,854902,855046
5529,236,9161,1435083,1435319
6255,107,9161,855269,855376
6725,121,9161,855376,855497
9645,254,9161,1435096,1435350
1408,199,9162,855719,855918
2328,165,9162,855918,856083
3923,250,9162,1435126,1435376
7173,27,9162,856306,856333
9041,40,9162,856333,856373
9712,16,9162,856373,856389
9888,172,9162,856389,856561
3532,222,9163,856560,856782
4472,40,9163,856782,856822
5283,38,9163,856822,856860
5545,130,9163,856860,856990
9446,263,9163,1435152,1435415
1170,173,9164,857212,857385
3672,175,9164,857385,857560
5297,299,9165,1475822,1476121
6528,129,9165,857782,857911
1125,266,9166,1435247,1435513
4589,242,9166,1435290,1435532
5326,175,9166,858356,858531
5454,127,9166,858531,858658
8448,100,9166,858658,858758
8984,1,9166,858758,858759
9886,120,9166,858759,858879
2175,213,9167,858878,859091
3419,138,9167,859091,859229
3658,140,9167,859229,859369
5644,176,9167,859369,859545
7769,200,9167,859545,859745
3175,246,9168,1435307,1435553
4692,268,9168,1435330,1435598
6600,142,9168,860190,860332
6829,82,9168,860332,860414
1740,193,9169,860413,860606
1825,271,9169,1435374,1435645
5256,49,9169,860829,860878
9839,65,9169,860878,860943
5566,218,9170,860942,861160
7221,20,9170,861160,861180
8789,279,9170,1435421,1435700
9940,169,9170,861403,861572
5515,111,9171,861571,861682
5934,192,9171,861682,861874
6844,65,9171,861874,861939
7089,154,9171,861939,862093
7765,248,9171,1435476,1435724
9485,65,9171,862316,862381
2106,283,9173,1473490,1473773
2536,231,9173,1435557,1435788
6234,254,9173,1435565,1435819
6804,81,9173,863048,863129
2731,17,9174,863128,863145
7649,194,9174,863145,863339
8771,210,9174,863339,863549
3821,223,9175,863548,863771
9162,245,9175,1435594,1435839
3360,113,9176,863993,864106
7918,118,9176,864106,864224
9493,37,9176,864224,864261
2956,87,9177,864260,864347
5955,226,9177,1435614,1435840
7978,62,9177,864570,864632
5812,183,9178,864631,864814
4152,291,9179,1473486,1473777
5553,192,9179,865036,865228
5620,169,9179,865228,865397
7833,11,9179,865397,865408
9924,46,9179,865408,865454
1728,218,9180,865453,865671
6346,189,9180,865671,865860
6348,177,9180,865860,866037
9226,144,9180,866037,866181
3339,154,9181,866180,866334
2148,210,9182,866333,866543
2363,134,9182,866543,866677
2681,218,9182,866677,866895
3104,69,9182,866895,866964
4301,256,9182,1435670,1435926
4512,64,9182,867187,867251
4534,290,9182,1473493,1473783
5663,148,9182,867474,867622
8571,72,9182,867622,867694
8973,96,9182,867694,867790
9024,76,9182,867790,867866
9211,63,9182,867866,867929
9216,130,9182,867929,868059
5368,68,9183,868058,868126
6602,40,9183,868126,868166
8415,32,9183,868166,868198
9306,115,9183,868198,868313
1763,153,9184,868312,868465
7306,178,9184,868465,868643
9051,84,9184,868643,868727
1184,289,9185,1473499,1473788
1320,213,9185,868949,869162
1380,17,9185,869162,869179
2817,106,9185,869179,869285
7678,93,9185,869285,869378
8536,78,9185,869378,869456
9141,198,9185,869456,869654
9301,99,9185,869654,869753
1831,272,9186,1435815,1436087
2393,98,9186,869975,870073
2530,37,9186,870073,870110
3548,88,9186,870110,870198
5292,298,9186,1475805,1476103
6570,107,9186,870421,870528
9738,28,9186,870528,870556
1267,114,9187,870555,870669
1352,283,9187,1473519,1473802
3072,163,9187,870892,871055
4676,66,9187,871055,871121
4892,36,9187,871121,871157
5679,183,9187,871157,871340
5790,204,9187,871340,871544
7461,71,9187,871544,871615
8570,292,9187,1473521,1473813
2633,214,9188,871837,872051
6470,136,9188,872051,872187
7267,184,9188,872187,872371
7731,170,9188,872371,872541
2465,25,9189,872540,872565
3852,250,9189,1436035,1436285
6914,60,9189,872788,872848
9621,228,9189,1436062,1436290
2988,40,9190,873070,873110
2336,81,9191,873109,873190
3055,114,9191,873190,873304
3354,227,9191,1436065,1436292
3759,159,9191,873527,873686
9027,156,9191,873686,873842
9154,48,9191,873842,873890
3438,18,9192,873889,873907
6173,138,9192,873907,874045
6580,127,9192,874045,874172
6723,11,9192,874172,874183
9823,185,9192,874183,874368
2967,72,9193,874367,874439
5964,205,9193,874439,874644
3620,195,9194,874643,874838
4010,210,9194,874838,875048
5032,55,9194,875048,875103
5583,232,9194,1436066,1436298
7922,227,9194,1436075,1436302
9122,99,9194,875549,875648
9536,112,9194,875648,875760
5870,31,9195,875759,875790
1607,156,9196,875789,875945
2712,214,9196,875945,876159
3649,154,9196,876159,876313
4406,107,9196,876313,876420
5067,79,9196,876420,876499
6737,163,9196,876499,876662
2177,240,9197,1436076,1436316
2469,210,9197,876884,877094
5630,17,9197,877094,877111
5779,193,9197,877111,877304
6308,252,9197,1436093,1436345
8765,124,9197,877527,877651
9841,218,9197,877651,877869
9852,279,9197,1436122,1436401
3241,157,9198,878091,878248
6028,144,9198,878248,878392
6916,140,9198,878392,878532
7367,95,9198,878532,878627
8915,72,9198,878627,878699
9150,107,9198,878699,878806
1102,271,9199,1436176,1436447
4950,215,9199,879028,879243
9039,162,9199,879243,879405
1447,29,9200,879404,879433
6598,206,9200,879433,879639
7139,45,9200,879639,879684
7675,68,9200,879684,879752
9189,190,9200,879752,879942
2922,52,9201,879941,879993
3126,17,9201,879993,880010
4525,24,9201,880010,880034
8329,145,9201,880034,880179
9490,268,9201,1436222,1436490
9643,25,9201,880402,880427
2668,102,9202,880426,880528
5912,76,9202,880528,880604
7236,219,9202,880604,880823
8440,109,9202,880823,880932
8820,189,9202,880932,881121
1250,146,9203,881120,881266
4503,147,9203,881266,881413
9184,123,9203,881413,881536
2202,230,9204,1436264,1436494
4133,135,9204,881758,881893
5733,261,9204,1436271,1436532
6018,43,9204,882116,882159
6268,185,9204,882159,882344
6385,201,9204,882344,882545
8344,184,9204,882545,882729
8411,50,9204,882729,882779
8490,136,9204,882779,882915
5212,110,9205,882914,883024
6594,244,9205,1436308,1436552
8474,259,9205,1436329,1436588
2785,264,9206,1436364,1436628
7170,103,9206,883692,883795
7669,107,9206,883795,883902
7148,43,9207,883901,883944
7933,53,9207,883944,883997
8829,280,9207,1436404,1436684
9813,183,9207,884220,884403
3883,300,9208,1475965,1476265
4143,105,9208,884625,884730
5502,273,9208,1436518,1436791
5716,79,9208,884953,885032
5992,201,9208,885032,885233
6995,205,9208,885233,885438
8081,194,9208,885438,885632
9447,97,9208,885632,885729
1683,157,9209,885728,885885
2183,281,9209,1436567,1436848
3445,81,9209,886108,886189
4980,262,9209,1436625,1436887
6503,13,9209,886412,886425
7743,191,9209,886425,886616
9245,248,9209,1436664,1436912
1594,59,9210,886838,886897
2861,143,9210,886897,887040
3916,178,9210,887040,887218
5685,68,9210,887218,887286
5857,233,9210,1436688,1436921
6369,27,9210,887509,887536
7992,262,9210,1436698,1436960
2526,131,9211,887758,887889
2834,210,9211,887889,888099
3208,50,9211,888099,888149
3708,210,9211,888149,888359
4823,227,9211,1436736,1436963
5377,147,9211,888582,888729
6265,23,9211,888729,888752
7091,284,9211,1473522,1473806
9683,192,9211,888975,889167
9698,257,9211,1436798,1437055
2724,126,9212,889389,889515
2820,186,9212,889515,889701
5952,54,9212,889701,889755
6615,253,9212,1436831,1437084
9239,74,9212,889978,890052
1209,130,9213,890051,890181
3573,161,9213,890181,890342
5095,58,9213,890342,890400
5469,229,9213,1436860,1437089
1117,54,9214,890622,890676
1464,169,9214,890676,890845
7478,195,9214,890845,891040
9850,212,9214,891040,891252
1556,91,9215,891251,891342
2937,252,9215,1436864,1437116
7138,121,9215,891565,891686
8328,284,9215,1473521,1473805
8797,112,9215,891909,892021
3484,193,9216,892020,892213
4504,109,9216,892213,892322
6903,19,9216,892322,892341
1876,245,9217,1436949,1437194
4411,9,9217,892563,892572
7006,188,9217,892572,892760
9896,258,9217,1436971,1437229
4815,116,9218,892982,893098
5048,283,9218,1473521,1473804
5316,83,9218,893321,893404
2191,12,9219,893403,893415
5656,74,9219,893415,893489
7270,54,9219,893489,893543
8020,161,9219,893543,893704
9166,82,9219,893704,893786
9478,77,9219,893786,893863
6877,289,9220,1473521,1473810
1370,201,9221,894084,894285
4816,293,9221,1473528,1473821
5748,277,9221,1437176,1437453
6407,267,9221,1437230,1437497
7530,71,9221,894954,895025
8620,6,9221,895025,895031
1261,252,9222,1437273,1437525
1869,73,9222,895253,895326
2705,240,9222,1437302,1437542
6048,21,9222,895549,895570
6578,17,9222,895570,895587
7990,183,9222,895587,895770
8310,64,9222,895770,895834
8642,72,9222,895834,895906
9927,200,9222,895906,896106
4042,192,9223,896105,896297
4433,9,9223,896297,896306
4459,126,9223,896306,896432
6411,72,9223,896432,896504
6958,195,9223,896504,896699
1087,116,9224,896698,896814
3080,118,9224,896814,896932
3379,294,9224,1473537,1473831
5329,64,9224,897155,897219
6392,278,9225,1437374,1437652
7753,36,9225,897441,897477
2498,172,9226,897476,897648
6296,136,9226,897648,897784
6728,272,9226,1437428,1437700
7816,167,9226,898007,898174
6483,46,9227,898173,898219
1401,288,9228,1473546,1473834
2699,261,9228,1437533,1437794
3307,228,9228,1437571,1437799
4306,283,9228,1473553,1473836
6019,271,9228,1437634,1437905
7123,59,9228,899333,899392
9229,278,9228,1437682,1437960
9714,254,9228,1437737,1437991
5985,201,9229,899837,900038
6067,97,9229,900038,900135
6366,19,9229,900135,900154
8981,167,9229,900154,900321
9299,36,9229,900321,900357
1526,206,9230,900356,900562
1547,126,9230,900562,900688
2884,290,9230,1473553,1473843
5240,242,9230,1437824,1438066
5999,72,9230,901134,901206
7962,117,9230,901206,901323
7996,192,9230,901323,901515
1156,118,9231,901514,901632
1412,155,9231,901632,901787
3137,63,9231,901787,901850
5372,192,9231,901850,902042
7435,58,9231,902042,902100
4699,41,9232,902099,902140
4863,92,9232,902140,902232
5101,102,9232,902232,902334
2704,56,9233,902333,902389
3763,277,9233,1437840,1438117
6376,237,9233,1437894,1438131
7873,6,9233,902835,902841
3590,157,9234,902840,902997
6695,299,9234,1475764,1476063
3813,1,9235,903219,903220
4753,50,9235,903220,903270
5885,196,9235,903270,903466
6477,59,9235,903466,903525
6500,66,9235,903525,903591
9673,111,9235,903591,903702
9862,176,9235,903702,903878
2894,96,9236,903877,903973
3266,94,9236,903973,904067
3858,102,9236,904067,904169
4334,295,9236,1473570,1473865
4641,180,9236,904392,904572
6202,2,9236,904572,904574
8130,63,9236,904574,904637
3673,181,9237,904636,904817
4691,167,9237,904817,904984
5823,31,9237,904984,905015
6738,137,9237,905015,905152
7928,281,9237,1438020,1438301
8493,167,9237,905375,905542
9581,133,9237,905542,905675
9695,284,9237,1473583,1473867
5332,265,9238,1438135,1438400
4445,185,9239,906119,906304
7166,280,9239,1438176,1438456
1662,45,9240,906526,906571
4158,4,9240,906571,906575
6167,224,9240,1438232,1438456
9359,281,9240,1438233,1438514
9993,57,9240,907021,907078
1262,186,9241,907077,907263
2349,149,9241,907263,907412
3702,156,9241,907412,907568
4124,24,9241,907568,907592
5860,50,9241,907592,907642
3403,72,9242,907641,907713
5622,75,9242,907713,907788
6712,128,9242,907788,907916
8054,84,9242,907916,908000
8083,192,9242,908000,908192
3092,170,9243,908191,908361
3754,178,9243,908361,908539
4642,131,9243,908539,908670
4660,228,9243,1438288,1438516
7639,34,9243,908893,908927
4693,295,9244,1473579,1473874
7803,60,9244,909149,909209
1545,76,9245,909208,909284
3264,184,9245,909284,909468
3845,220,9245,909468,909688
5651,178,9245,909688,909866
6397,293,9245,1473592,1473885
6052,49,9246,910088,910137
8354,123,9246,910137,910260
1175,131,9247,910259,910390
2663,36,9247,910390,910426
4102,260,9247,1438405,1438665
5494,191,9247,910649,910840
5982,170,9247,910840,911010
7457,214,9247,911010,911224
8856,249,9247,1438442,1438691
9965,48,9247,911447,911495
6105,40,9248,911494,911534
6888,115,9248,911534,911649
2215,297,9249,1475753,1476050
3583,55,9249,911871,911926
2041,67,9250,911925,911992
3038,259,9250,1438523,1438782
3860,262,9250,1438559,1438821
4787,174,9250,912438,912612
9068,170,9250,912612,912782
9262,122,9250,912782,912904
9267,70,9250,912904,912974
1875,36,9251,912973,913009
9573,295,9251,1473612,1473907
1301,155,9252,913231,913386
1469,66,9252,913386,913452
2630,254,9252,1438654,1438908
2693,268,9252,1438685,1438953
3442,186,9252,913898,914084
6304,144,9252,914084,914228
7175,213,9252,914228,914441
1718,277,9253,1438729,1439006
2110,206,9253,914663,914869
2713,166,9253,914869,915035
5126,29,9253,915035,915064
5188,214,9253,915064,915278
7024,289,9253,1473624,1473913
7026,89,9253,915501,915590
8215,276,9253,1438841,1439117
1445,266,9254,1438893,1439159
5899,195,9254,916035,916230
5936,123,9254,916230,916353
4175,231,9255,1438935,1439166
6617,294,9255,1473630,1473924
6894,98,9255,916798,916896
1924,255,9256,1439000,1439255
6487,104,9256,917118,917222
8527,186,9256,917222,917408
2092,212,9257,917407,917619
3209,11,9257,917619,917630
4598,125,9257,917630,917755
4662,50,9257,917755,917805
6246,27,9257,917805,917832
6593,284,9257,1473641,1473925
7049,29,9257,918055,918084
3862,241,9258,1439088,1439329
4909,156,9258,918306,918462
6565,14,9258,918462,918476
8397,58,9258,918476,918534
3382,144,9259,918533,918677
5376,14,9259,918677,918691
1678,206,9260,918690,918896
9140,180,9260,918896,919076
1332,175,9261,919075,919250
3237,175,9261,919250,919425
5990,124,9261,919425,919549
6213,147,9261,919549,919696
6395,143,9261,919696,919839
7695,199,9261,919839,920038
8506,172,9261,920038,920210
2229,86,9262,920209,920295
3308,64,9262,920295,920359
7663,36,9262,920359,920395
2300,222,9263,920394,920616
6469,122,9263,920616,920738
1446,123,9264,920737,920860
4672,300,9264,1475910,1476210
5976,41,9264,921083,921124
6655,13,9264,921124,921137
8165,67,9264,921137,921204
8891,32,9264,921204,921236
2454,292,9265,1473650,1473942
9986,116,9265,921458,921574
6788,212,9266,921573,921785
6800,181,9266,921785,921966
8027,7,9266,921966,921973
2172,120,9267,921972,922092
4581,224,9267,1439213,1439437
7088,131,9267,922315,922446
9531,10,9267,922446,922456
1620,152,9268,922455,922607
5852,2,9268,922607,922609
9026,9,9268,922609,922618
2216,13,9269,922617,922630
6537,197,9269,922630,922827
7741,65,9269,922827,922892
8588,178,9269,922892,923070
1099,136,9270,923069,923205
3361,172,9270,923205,923377
5418,227,9270,1439211,1439438
3791,261,9271,1439214,1439475
4402,110,9271,923822,923932
6284,82,9271,923932,924014
6489,63,9271,924014,924077
6886,241,9271,1439252,1439493
7212,62,9271,924300,924362
3096,187,9272,924361,924548
4450,27,9272,924548,924575
5302,139,9272,924575,924714
3682,283,9273,1473653,1473936
6777,56,9273,924936,924992
9594,108,9273,924992,925100
9757,3,9273,925100,925103
1403,213,9274,925102,925315
2291,250,9274,1439325,1439575
2808,70,9274,925538,925608
4978,159,9274,925608,925767
5980,262,9274,1439352,1439614
7863,94,9274,925990,926084
3174,226,9275,1439390,1439616
6347,68,9275,926306,926374
6666,104,9275,926374,926478
8828,86,9275,926478,926564
9224,258,9275,1439393,1439651
9489,9,9275,926787,926796
9687,201,9275,926796,926997
2111,12,9276,926996,927008
4785,149,9276,927008,927157
4817,133,9276,927157,927290
7044,211,9276,927290,927501
9300,277,9276,1439427,1439704
8946,143,9277,927723,927866
9201,298,9277,1475731,1476029
1046,228,9278,1439537,1439765
1172,135,9278,928311,928446
3982,168,9278,928446,928614
4289,234,9278,1439542,1439776
4566,195,9278,928837,929032
5209,213,9278,929032,929245
5945,5,9278,929245,929250
7032,300,9278,1475897,1476197
1789,98,9279,929472,929570
5588,180,9279,929570,929750
8481,255,9279,1439610,1439865
1435,175,9280,929972,930147
5450,115,9280,930147,930262
6899,161,9280,930262,930423
8124,292,9280,1473676,1473968
8716,255,9280,1439699,1439954
2372,9,9281,930868,930877
2866,232,9281,1439730,1439962
5082,276,9281,1439739,1440015
6155,149,9281,931323,931472
6291,2,9281,931472,931474
8517,130,9281,931474,931604
3366,86,9282,931603,931689
5776,22,9282,931689,931711
6330,75,9282,931711,931786
7442,211,9282,931786,931997
7994,2,9282,931997,931999
9767,287,9282,1473685,1473972
3507,109,9283,932221,932330
3932,59,9283,932330,932389
6630,28,9283,932389,932417
6678,190,9283,932417,932607
8970,51,9283,932607,932658
9003,2,9283,932658,932660
1505,155,9284,932659,932814
2399,166,9284,932814,932980
4890,127,9284,932980,933107
3272,161,9285,933106,933267
5599,263,9286,1439845,1440108
1791,266,9287,1439884,1440150
3481,16,9287,933711,933727
4159,123,9287,933727,933850
4560,197,9287,933850,934047
5184,53,9287,934047,934100
5724,33,9287,934100,934133
5933,49,9287,934133,934182
6961,22,9287,934182,934204
7237,46,9287,934204,934250
3519,63,9288,934249,934312
1107,146,9289,934311,934457
1713,265,9289,1439925,1440190
3833,241,9289,1439967,1440208
6287,67,9289,934903,934970
6714,176,9289,934970,935146
9818,76,9289,935146,935222
1910,282,9290,1473683,1473965
2384,125,9290,935444,935569
4121,215,9290,935569,935784
7793,135,9290,935784,935919
1304,105,9291,935918,936023
3375,172,9291,936023,936195
3874,134,9291,936195,936329
4262,114,9291,936329,936443
4470,158,9291,936443,936601
4831,210,9291,936601,936811
8214,224,9291,1440041,1440265
2741,248,9292,1440041,1440289
3454,225,9292,1440066,1440291
4866,233,9292,1440068,1440301
5219,12,9292,937702,937714
7352,267,9292,1440078,1440345
7400,252,9292,1440122,1440374
8292,265,9292,1440151,1440416
8637,59,9292,938383,938442
9825,254,9292,1440193,1440447
1297,191,9293,938664,938855
5349,107,9293,938855,938962
5824,164,9293,938962,939126
7389,262,9293,1440223,1440485
7796,55,9294,939348,939403
8025,254,9294,1440261,1440515
9092,224,9294,1440292,1440516
9323,160,9294,939849,940009
1575,118,9295,940008,940126
1615,58,9295,940126,940184
2402,90,9295,940184,940274
6396,159,9295,940274,940433
6536,40,9295,940433,940473
8888,293,9295,1473679,1473972
8895,220,9295,940696,940916
2266,68,9296,940915,940983
3334,67,9296,940983,941050
4396,283,9296,1473690,1473973
5649,147,9296,941273,941420
9261,105,9296,941420,941525
2843,81,9297,941524,941605
3221,260,9297,1440406,1440666
3348,228,9297,1440443,1440671
3983,294,9297,1473691,1473985
4192,248,9297,1440506,1440754
4974,216,9297,942497,942713
5121,252,9297,1440531,1440783
7815,215,9297,942936,943151
1162,209,9298,943150,943359
1236,77,9298,943359,943436
2806,49,9298,943436,943485
5215,274,9298,1440559,1440833
5573,158,9298,943708,943866
1906,201,9299,943865,944066
3263,250,9299,1440609,1440859
5185,10,9299,944289,944299
6050,61,9299,944299,944360
8129,223,9299,944360,944583
1417,166,9300,944582,944748
3922,281,9300,1440635,1440916
8177,41,9300,944971,945012
8581,289,9300,1473701,1473990
8923,89,9300,945235,945324
5458,17,9301,945323,945340
5781,296,9301,1475714,1476010
1358,195,9302,945562,945757
1603,214,9302,945757,945971
2046,39,9302,945971,946010
3289,132,9302,946010,946142
5077,298,9302,1475714,1476012
3180,187,9303,946364,946551
3303,290,9303,1473734,1474024
6920,252,9303,1440922,1441174
9799,40,9303,946997,947037
4989,115,9304,947036,947151
7290,198,9304,947151,947349
9048,199,9304,947349,947548
9125,105,9304,947548,947653
2898,174,9305,947652,947826
4308,80,9306,947825,947905
1274,280,9307,1440947,1441227
2652,213,9307,948127,948340
3068,197,9307,948340,948537
5165,134,9307,948537,948671
8232,97,9307,948671,948768
9069,176,9307,948768,948944
1711,86,9308,948943,949029
5680,127,9308,949029,949156
6432,34,9308,949156,949190
7242,172,9308,949190,949362
1161,141,9309,949361,949502
2011,76,9309,949502,949578
2199,249,9309,1441002,1441251
3634,190,9309,949801,949991
4154,279,9309,1441028,1441307
8677,98,9309,950214,950312
8679,156,9309,950312,950468
8836,84,9309,950468,950552
9963,54,9309,950552,950606
2256,152,9310,950605,950757
7864,150,9310,950757,950907
8098,292,9310,1473736,1474028
8914,278,9310,1441141,1441419
1106,171,9311,951352,951523
2333,59,9311,951523,951582
3217,178,9311,951582,951760
7017,201,9311,951760,951961
8150,239,9311,1441195,1441434
3182,131,9312,952183,952314
4208,272,9312,1441210,1441482
7144,274,9312,1441259,1441533
7384,65,9312,952760,952825
9274,291,9312,1473745,1474036
2462,164,9313,953047,953211
5331,33,9313,953211,953244
6880,205,9313,953244,953449
4618,172,9314,953448,953620
4629,12,9314,953620,953632
5301,110,9314,953632,953742
9265,36,9314,953742,953778
9444,50,9314,953778,953828
1986,144,9315,953827,953971
2236,264,9315,1441365,1441629
3342,243,9315,1441406,1441649
8010,44,9315,954417,954461
9555,154,9315,954461,954615
1851,192,9316,954614,954806
2409,11,9316,954806,954817
3679,186,9316,954817,955003
4300,76,9316,955003,955079
5125,137,9316,955079,955216
5853,248,9316,1441425,1441673
2669,101,9317,955438,955539
4284,143,9317,955539,955682
4908,251,9317,1441449,1441700
7565,227,9317,1441477,1441704
2684,88,9318,956127,956215
3942,132,9318,956215,956347
3951,252,9318,1441480,1441732
4661,4,9318,956570,956574
6380,156,9318,956574,956730
6791,202,9318,956730,956932
8091,266,9318,1441509,1441775
8910,222,9318,957155,957377
9539,31,9318,957377,957408
1279,104,9319,957407,957511
1308,61,9319,957511,957572
2910,256,9319,1441551,1441807
4297,3,9319,957795,957798
4467,115,9319,957798,957913
6569,281,9319,1441584,1441865
7310,267,9319,1441642,1441909
8231,300,9319,1475857,1476157
5584,239,9320,1441743,1441982
9327,65,9320,958804,958869
6297,219,9321,958868,959087
6834,229,9321,1441758,1441987
8358,29,9321,959310,959339
1245,133,9322,959338,959471
5134,257,9322,1441763,1442020
5950,8,9322,959694,959702
6673,222,9322,959702,959924
7229,290,9322,1473759,1474049
7704,110,9322,960147,960257
2492,232,9323,1441854,1442086
3385,61,9323,960479,960540
3630,294,9323,1473767,1474061
4304,22,9323,960763,960785
5834,113,9323,960785,960898
1171,264,9324,1441920,1442184
2952,14,9324,961120,961134
9626,143,9324,961134,961277
1457,242,9325,1441960,1442202
1958,84,9325,961499,961583
4115,56,9325,961583,961639
4777,73,9325,961639,961712
5169,137,9325,961712,961849
1570,239,9326,1441978,1442217
2171,243,9326,1441994,1442237
2211,185,9326,962294,962479
5581,131,9326,962479,962610
8366,191,9326,962610,962801
9784,279,9326,1442014,1442293
2195,122,9327,963023,963145
3820,216,9327,963145,963361
4949,181,9327,963361,963542
4987,191,9327,963542,963733
6273,22,9327,963733,963755
6608,174,9327,963755,963929
8764,230,9327,1442069,1442299
3740,186,9328,964151,964337
6409,165,9328,964337,964502
6559,299,9328,1475695,1475994
1746,101,9329,964724,964825
1797,240,9329,1442132,1442372
3963,147,9329,965048,965195
9627,149,9329,965195,965344
2245,50,9330,965343,965393
5086,202,9330,965393,965595
5591,283,9330,1473787,1474070
3511,164,9331,965817,965981
6838,61,9331,965981,966042
8193,192,9331,966042,966234
9094,103,9331,966234,966337
9215,241,9331,1442205,1442446
3864,231,9333,1442221,1442452
7549,120,9333,966781,966901
7771,89,9333,966901,966990
8173,174,9333,966990,967164
9625,87,9333,967164,967251
2099,210,9334,967250,967460
3336,12,9334,967460,967472
5929,16,9334,967472,967488
1518,300,9335,1475842,1476142
4508,3,9335,967710,967713
7573,68,9335,967713,967781
3993,92,9336,967780,967872
4649,159,9337,967871,968030
8223,138,9337,968030,968168
9467,264,9337,1442283,1442547
3392,77,9338,968390,968467
5160,144,9338,968467,968611
5282,280,9338,1442323,1442603
6267,119,9338,968834,968953
6873,172,9338,968953,969125
7791,261,9338,1442380,1442641
8087,283,9338,1473795,1474078
1405,38,9339,969570,969608
3265,90,9339,969608,969698
3281,8,9339,969698,969706
7075,8,9339,969706,969714
7238,159,9339,969714,969873
2176,177,9340,969872,970049
4745,142,9340,970049,970191
4764,92,9340,970191,970283
7399,185,9340,970283,970468
1324,251,9341,1442473,1442724
1524,201,9341,970690,970891
7249,228,9341,1442501,1442729
7886,121,9341,971114,971235
8388,64,9341,971235,971299
8921,53,9341,971299,971352
5547,70,9342,971351,971421
6789,193,9342,971421,971614
8241,168,9342,971614,971782
8561,31,9342,971782,971813
9973,88,9342,971813,971901
2052,129,9343,971900,972029
2374,132,9344,972028,972160
4464,224,9344,1442503,1442727
5986,204,9344,972383,972587
6716,192,9344,972587,972779
7284,156,9344,972779,972935
9246,48,9344,972935,972983
1036,11,9345,972982,972993
6032,222,9345,972993,973215
9706,86,9345,973215,973301
3618,262,9346,1442502,1442764
5205,107,9346,973523,973630
6391,214,9346,973630,973844
1503,80,9347,973843,973923
3974,225,9347,1442540,1442765
6947,49,9347,974146,974195
8090,80,9347,974195,974275
8908,62,9347,974275,974337
9073,3,9347,974337,974340
1517,9,9348,974339,974348
6283,52,9348,974348,974400
6727,189,9348,974400,974589
7802,145,9348,974589,974734
7877,260,9348,1442541,1442801
9926,259,9348,1442578,1442837
5862,33,9349,975179,975212
7912,107,9349,975212,975319
7987,230,9349,1442613,1442843
2087,233,9350,1442619,1442852
2899,154,9350,975764,975918
5804,111,9350,975918,976029
5881,283,9350,1473785,1474068
7705,68,9350,976252,976320
8577,191,9350,976320,976511
1205,77,9351,976510,976587
3352,36,9351,976587,976623
7659,296,9351,1475680,1475976
9854,222,9351,976846,977068
2556,196,9352,977067,977263
3801,54,9352,977263,977317
6917,74,9352,977317,977391
7692,9,9352,977391,977400
8792,46,9352,977400,977446
8932,178,9352,977446,977624
9116,73,9352,977624,977697
2801,7,9353,977696,977703
4465,253,9353,1442742,1442995
5757,71,9353,977926,977997
6669,35,9353,977997,978032
9357,81,9353,978032,978113
1959,7,9354,978112,978119
2947,3,9354,978119,978122
3459,180,9354,978122,978302
3992,274,9354,1442771,1443045
5318,24,9354,978525,978549
5533,179,9354,978549,978728
8391,223,9354,978728,978951
8656,257,9354,1442822,1443079
1511,185,9355,979173,979358
3269,40,9355,979358,979398
3585,11,9355,979398,979409
6499,280,9355,1442855,1443135
7656,150,9355,979632,979782
2522,256,9356,1442911,1443167
4752,7,9356,980004,980011
5099,64,9356,980011,980075
5461,41,9356,980075,980116
5810,234,9356,1442944,1443178
9902,71,9356,980339,980410
2768,209,9357,980409,980618
5162,260,9357,1442954,1443214
5437,25,9357,980841,980866
7529,248,9357,1442991,1443239
8823,194,9357,981089,981283
8892,158,9357,981283,981441
1058,270,9358,1443015,1443285
2312,133,9358,981663,981796
5225,206,9358,981796,982002
6907,73,9358,982002,982075
7584,260,9358,1443062,1443322
7682,187,9358,982298,982485
2941,43,9359,982484,982527
3034,85,9359,982527,982612
6934,242,9359,1443098,1443340
8737,253,9359,1443117,1443370
1127,298,9360,1475672,1475970
1321,214,9360,983280,983494
3892,79,9360,983494,983573
8832,194,9360,983573,983767
1368,42,9361,983766,983808
2386,87,9361,983808,983895
3538,84,9361,983895,983979
4309,64,9361,983979,984043
6707,268,9361,1443203,1443471
7655,185,9361,984266,984451
9217,232,9361,1443248,1443480
1886,286,9362,1473803,1474089
2841,171,9362,984896,985067
4779,170,9362,985067,985237
5026,136,9362,985237,985373
5995,252,9362,1443314,1443566
1312,164,9363,985595,985759
1477,81,9363,985759,985840
3556,224,9363,1443342,1443566
8072,251,9363,1443343,1443594
9337,108,9363,986286,986394
5328,252,9364,1443370,1443622
3377,69,9365,986615,986684
5291,189,9365,986684,986873
6954,139,9365,986873,987012
7101,237,9365,1443398,1443635
8431,148,9365,987235,987383
8955,162,9365,987383,987545
5308,31,9366,987544,987575
1738,178,9367,987574,987752
3576,6,9367,987752,987758
5066,99,9367,987758,987857
5175,159,9367,987857,988016
8652,23,9367,988016,988039
9507,40,9367,988039,988079
1313,36,9368,988078,988114
1817,264,9368,1443409,1443673
1929,66,9368,988337,988403
2448,165,9368,988403,988568
3610,74,9368,988568,988642
6115,59,9368,988642,988701
9339,94,9368,988701,988795
5568,207,9369,988794,989001
7524,247,9370,1443448,1443695
8034,199,9371,989222,989421
1271,30,9372,989420,989450
4463,265,9372,1443470,1443735
7728,154,9372,989673,989827
9987,94,9372,989827,989921
1240,131,9373,989920,990051
3062,42,9373,990051,990093
3350,241,9373,1443511,1443752
3786,234,9373,1443529,1443763
4997,206,9373,990539,990745
7248,34,9373,990745,990779
1116,77,9374,990778,990855
2569,23,9374,990855,990878
1631,69,9375,990877,990946
3571,33,9375,990946,990979
5336,3,9375,990979,990982
1599,82,9376,990981,991063
5928,211,9376,991063,991274
2584,191,9377,991273,991464
2823,213,9377,991464,991677
2982,246,9377,1443536,1443782
4507,76,9377,991900,991976
5072,44,9377,991976,992020
9264,65,9377,992020,992085
9534,39,9377,992085,992124
1966,252,9378,1443558,1443810
2504,103,9378,992346,992449
2830,143,9378,992449,992592
8770,224,9378,1443587,1443811
3669,174,9379,992814,992988
4681,33,9379,992988,993021
4967,89,9379,993021,993110
7246,55,9380,993109,993164
7339,176,9380,993164,993340
8644,266,9380,1443586,1443852
9552,111,9380,993563,993674
1178,83,9381,993673,993756
7783,76,9381,993756,993832
9008,172,9381,993832,994004
3616,280,9382,1443627,1443907
5532,151,9382,994226,994377
5811,238,9382,1443684,1443922
1009,30,9383,994599,994629
1571,136,9383,994629,994765
3418,190,9383,994765,994955
3780,175,9383,994955,995130
2871,61,9384,995129,995190
3751,211,9384,995190,995401
8206,157,9384,995401,995558
1207,196,9385,995557,995753
2259,8,9385,995753,995761
2835,57,9385,995761,995818
3500,189,9385,995818,996007
5263,30,9385,996007,996037
8951,37,9385,996037,996074
2658,47,9386,996073,996120
4119,108,9386,996120,996228
4437,31,9386,996228,996259
5100,37,9386,996259,996296
2764,284,9387,1473783,1474067
6613,222,9387,996518,996740
7583,205,9387,996740,996945
8454,123,9387,996945,997068
9465,73,9387,997068,997141
7979,166,9388,997140,997306
1186,10,9389,997305,997315
4543,278,9389,1443750,1444028
5586,23,9389,997538,997561
7074,121,9389,997561,997682
1051,16,9390,997681,997697
1769,10,9390,997697,997707
2156,153,9390,997707,997860
2761,223,9390,997860,998083
3155,188,9390,998083,998271
7594,14,9390,998271,998285
8403,192,9390,998285,998477
2783,19,9391,998476,998495
5475,170,9391,998495,998665
1846,107,9392,998664,998771
4346,292,9392,1473781,1474073
7785,285,9392,1473792,1474077
1989,283,9393,1473795,1474078
9209,147,9393,999439,999586
9452,208,9393,999586,999794
1549,141,9394,999793,999934
3279,229,9394,1443974,1444203
5257,109,9394,1000157,1000266
6424,234,9394,1443980,1444214
7424,230,9394,1443991,1444221
8343,168,9394,1000712,1000880
8398,219,9394,1000880,1001099
8573,124,9394,1001099,1001223
9207,122,9394,1001223,1001345
1673,251,9395,1443997,1444248
6096,299,9395,1475640,1475939
1155,203,9396,1001789,1001992
1470,44,9396,1001992,1002036
6753,176,9396,1002036,1002212
7552,274,9396,1444082,1444356
9358,111,9396,1002435,1002546
1208,147,9397,1002545,1002692
3489,160,9397,1002692,1002852
5596,236,9397,1444132,1444368
6781,41,9397,1003075,1003116
7217,145,9397,1003116,1003261
9177,183,9397,1003261,1003444
3683,78,9398,1003443,1003521
4856,87,9398,1003521,1003608
5674,223,9398,1003608,1003831
7474,279,9398,1444144,1444423
8166,275,9398,1444200,1444475
8743,225,9398,1444252,1444477
2449,292,9399,1473805,1474097
3398,224,9399,1444311,1444535
7110,104,9399,1004945,1005049
7521,208,9399,1005049,1005257
1249,268,9400,1444311,1444579
1653,67,9400,1005479,1005546
2642,229,9400,1444356,1444585
5399,100,9400,1005769,1005869
6134,145,9400,1005869,1006014
6743,22,9400,1006014,1006036
7895,151,9400,1006036,1006187
8674,218,9400,1006187,1006405
9054,33,9400,1006405,1006438
3997,291,9401,1473814,1474105
5107,150,9401,1006660,1006810
3468,141,9402,1006809,1006950
4585,223,9402,1006950,1007173
5891,48,9402,1007173,1007221
6761,112,9402,1007221,1007333
4964,188,9403,1007332,1007520
6996,271,9403,1444417,1444688
7817,60,9403,1007743,1007803
8070,207,9403,1007803,1008010
1247,150,9404,1008009,1008159
3516,222,9404,1008159,1008381
3936,258,9404,1444464,1444722
7845,261,9404,1444499,1444760
5017,171,9405,1008826,1008997
8324,113,9405,1008997,1009110
2606,129,9406,1009109,1009238
4303,1,9406,1009238,1009239
2934,103,9407,1009238,1009341
4049,131,9407,1009341,1009472
4625,151,9407,1009472,1009623
6519,193,9407,1009623,1009816
2919,238,9408,1444533,1444771
6410,223,9408,1010038,1010261
6531,129,9408,1010261,1010390
8065,294,9408,1473817,1474111
1273,263,9409,1444605,1444868
2444,272,9411,1444643,1444915
2925,157,9411,1011056,1011213
3102,122,9411,1011213,1011335
3934,295,9411,1473827,1474122
5749,45,9411,1011558,1011603
7235,174,9411,1011603,1011777
8725,68,9411,1011777,1011845
9439,65,9411,1011845,1011910
9479,26,9411,1011910,1011936
9579,277,9411,1444750,1445027
6467,223,9412,1012158,1012381
2189,43,9413,1012380,1012423
2525,252,9413,1444802,1445054
7697,247,9413,1444831,1445078
9475,123,9413,1012869,1012992
5468,177,9414,1012991,1013168
2591,248,9415,1444853,1445101
5525,185,9415,1013390,1013575
5875,29,9415,1013575,1013604
6126,142,9415,1013604,1013746
9028,57,9415,1013746,1013803
4793,238,9416,1444877,1445115
1832,264,9417,1444891,1445155
1863,177,9417,1014247,1014424
5554,242,9417,1444932,1445174
9893,271,9417,1444951,1445222
5128,176,9418,1014869,1015045
5901,291,9418,1473834,1474125
7755,156,9418,1015268,1015424
8238,233,9418,1445056,1445289
9684,219,9418,1015647,1015866
2565,202,9419,1015865,1016067
5721,215,9419,1016067,1016282
7131,294,9419,1473843,1474137
8627,128,9419,1016505,1016633
1465,101,9420,1016632,1016733
1968,97,9420,1016733,1016830
4285,239,9420,1445122,1445361
8467,92,9420,1017053,1017145
9966,124,9420,1017145,1017269
1145,245,9421,1445137,1445382
1176,298,9421,1475618,1475916
7540,219,9421,1017714,1017933
7588,297,9421,1475621,1475918
8554,252,9421,1445275,1445527
8807,214,9421,1018379,1018593
4052,148,9422,1018592,1018740
6241,87,9422,1018740,1018827
6796,232,9422,1445303,1445535
7109,296,9422,1475622,1475918
8302,117,9422,1019273,1019390
8567,68,9422,1019390,1019458
3274,94,9423,1019457,1019551
3613,53,9423,1019551,1019604
6172,200,9423,1019604,1019804
6705,190,9423,1019804,1019994
6924,158,9423,1019994,1020152
8959,189,9423,1020152,1020341
9764,33,9423,1020341,1020374
2659,5,9424,1020373,1020378
4610,283,9424,1473893,1474176
9875,2,9424,1020601,1020603
1616,84,9425,1020602,1020686
7222,53,9425,1020686,1020739
9585,112,9425,1020739,1020851
9904,264,9425,1445425,1445689
3128,16,9426,1021073,1021089
6526,236,9426,1445465,1445701
6756,234,9426,1445478,1445712
8212,91,9426,1021535,1021626
9088,129,9426,1021626,1021755
5049,51,9427,1021754,1021805
4697,198,9429,1021803,1022001
9110,133,9429,1022001,1022134
5300,165,9430,1022133,1022298
7330,267,9430,1445485,1445752
2226,237,9431,1445528,1445765
2463,76,9431,1022743,1022819
3026,193,9431,1022819,1023012
8318,153,9431,1023012,1023165
1645,273,9432,1445541,1445814
5012,14,9432,1023387,1023401
5097,249,9432,1445591,1445840
5774,114,9432,1023624,1023738
6060,140,9432,1023738,1023878
6194,205,9432,1023878,1024083
6936,200,9432,1024083,1024283
8913,51,9432,1024283,1024334
9220,231,9432,1445617,1445848
2613,53,9433,1024556,1024609
3817,128,9433,1024609,1024737
4195,270,9433,1445624,1445894
5648,75,9433,1024960,1025035
8293,133,9433,1025035,1025168
9488,191,9433,1025168,1025359
1568,295,9434,1473885,1474180
6053,14,9434,1025581,1025595
7677,274,9434,1445728,1446002
8671,169,9434,1025818,1025987
9248,71,9434,1025987,1026058
9428,211,9434,1026058,1026269
1219,109,9435,1026268,1026377
1758,176,9435,1026377,1026553
3947,209,9435,1026553,1026762
8427,120,9435,1026762,1026882
1793,13,9436,1026881,1026894
2647,8,9436,1026894,1026902
4375,275,9436,1445777,1446052
7233,37,9436,1027125,1027162
9404,182,9437,1027161,1027343
2980,152,9438,1027342,1027494
3151,93,9438,1027494,1027587
5884,35,9438,1027587,1027622
6720,74,9438,1027622,1027696
7040,239,9438,1445827,1446066
7482,280,9438,1445843,1446123
8706,266,9438,1445900,1446166
9991,71,9438,1028365,1028436
7811,155,9440,1028434,1028589
2412,95,9441,1028588,1028683
3369,215,9441,1028683,1028898
8353,95,9441,1028898,1028993
5284,298,9442,1475603,1475901
7788,295,9442,1473905,1474200
7963,75,9442,1029438,1029513
9795,229,9442,1446055,1446284
1226,103,9443,1029735,1029838
2165,240,9443,1446060,1446300
3191,229,9443,1446077,1446306
3546,105,9443,1030284,1030389
3675,228,9443,1446083,1446311
6610,18,9443,1030612,1030630
6863,178,9443,1030630,1030808
8352,11,9443,1030808,1030819
3022,181,9444,1030818,1030999
6643,201,9444,1030999,1031200
6893,272,9444,1446087,1446359
8994,192,9444,1031423,1031615
9396,164,9444,1031615,1031779
9618,120,9444,1031779,1031899
1094,275,9445,1446135,1446410
4536,200,9445,1032121,1032321
7140,169,9445,1032321,1032490
7403,248,9445,1446187,1446435
8041,180,9445,1032713,1032893
8557,265,9445,1446212,1446477
5874,239,9446,1446253,1446492
7908,179,9446,1033338,1033517
9221,242,9446,1446269,1446511
2145,243,9447,1446287,1446530
5551,256,9447,1446307,1446563
9007,11,9447,1034185,1034196
3283,136,9448,1034195,1034331
6233,83,9448,1034331,1034414
7446,205,9448,1034414,1034619
8289,250,9448,1446339,1446589
2451,116,9449,1034841,1034957
3254,26,9449,1034957,1034983
8477,280,9449,1446365,1446645
3515,112,9450,1035205,1035317
8085,150,9450,1035317,1035467
1759,249,9451,1446420,1446669
4648,91,9451,1035689,1035780
3040,115,9452,1035779,1035894
3859,260,9452,1446445,1446705
4374,181,9452,1036117,1036298
7861,22,9452,1036298,1036320
8052,138,9452,1036320,1036458
8162,235,9452,1446482,1446717
8985,146,9452,1036681,1036827
3512,20,9453,1036826,1036846
7419,266,9453,1446493,1446759
1722,256,9454,1446535,1446791
2065,56,9454,1037291,1037347
3504,99,9454,1037347,1037446
6000,138,9454,1037446,1037584
4403,214,9455,1037583,1037797
5714,226,9455,1446567,1446793
8665,2,9455,1038020,1038022
2137,227,9456,1446569,1446796
3054,239,9456,1446573,1446812
5096,271,9456,1446589,1446860
5111,163,9456,1038690,1038853
5611,102,9456,1038853,1038955
5827,224,9456,1446637,1446861
8127,38,9456,1039178,1039216
8604,46,9456,1039216,1039262
6108,287,9457,1473904,1474191
6812,41,9457,1039484,1039525
9451,4,9457,1039525,1039529
4075,61,9458,1039528,1039589
6612,129,9458,1039589,1039718
6758,111,9458,1039718,1039829
7269,121,9458,1039829,1039950
9589,89,9458,1039950,1040039
1019,257,9459,1446693,1446950
3185,200,9459,1040261,1040461
4885,275,9459,1446727,1447002
9164,221,9459,1040684,1040905
3075,226,9460,1446778,1447004
4666,5,9460,1041127,1041132
7397,73,9460,1041132,1041205
8897,9,9460,1041205,1041214
5132,241,9461,1446780,1447021
7124,36,9461,1041436,1041472
1064,154,9462,1041471,1041625
4480,2,9462,1041625,1041627
6124,192,9462,1041627,1041819
1043,10,9463,1041818,1041828
4094,27,9463,1041828,1041855
4386,104,9463,1041855,1041959
4544,71,9463,1041959,1042030
8379,40,9463,1042030,1042070
9481,26,9463,1042070,1042096
2038,242,9464,1446795,1447037
2590,156,9464,1042318,1042474
7597,106,9464,1042474,1042580
1592,180,9465,1042579,1042759
6266,171,9465,1042759,1042930
7000,114,9465,1042930,1043044
9661,258,9465,1446813,1447071
1364,12,9466,1043266,1043278
7266,172,9466,1043278,1043450
7805,231,9466,1446847,1447078
1730,281,9467,1446854,1447135
9884,128,9467,1043895,1044023
2425,170,9468,1044022,1044192
3550,80,9468,1044192,1044272
2769,118,9469,1044271,1044389
3349,116,9469,1044389,1044505
4650,17,9469,1044505,1044522
5672,175,9469,1044522,1044697
6592,67,9469,1044697,1044764
7751,99,9469,1044764,1044863
2780,242,9470,1446909,1447151
3452,261,9470,1446928,1447189
6204,223,9470,1045308,1045531
6319,25,9470,1045531,1045556
7023,164,9470,1045556,1045720
9870,233,9470,1446966,1447199
1664,173,9471,1045942,1046115
3086,186,9471,1046115,1046301
4315,274,9471,1446975,1447249
9980,60,9471,1046524,1046584
3736,55,9472,1046583,1046638
5947,108,9472,1046638,1046746
6450,111,9472,1046746,1046857
8592,7,9472,1046857,1046864
9709,102,9472,1046864,1046966
5278,234,9473,1447024,1447258
7906,210,9473,1047188,1047398
9235,45,9473,1047398,1047443
9259,94,9473,1047443,1047537
9590,208,9473,1047537,1047745
2318,174,9474,1047744,1047918
3065,182,9474,1047918,1048100
4127,256,9474,1447034,1447290
4425,2,9474,1048323,1048325
6146,234,9474,1447067,1447301
6708,148,9474,1048548,1048696
6524,101,9475,1048695,1048796
8043,248,9475,1447077,1447325
9605,71,9475,1049019,1049090
2032,165,9476,1049089,1049254
4899,51,9476,1049254,1049305
8300,61,9476,1049305,1049366
9348,113,9476,1049366,1049479
3017,2,9478,1049477,1049479
3953,176,9478,1049479,1049655
4981,272,9478,1447099,1447371
6790,293,9478,1473889,1474182
7472,113,9478,1050101,1050214
1905,120,9479,1050213,1050333
4163,117,9479,1050333,1050450
6898,81,9479,1050450,1050531
3704,183,9480,1050530,1050713
3761,124,9480,1050713,1050837
3927,297,9480,1475568,1475865
6363,62,9480,1051060,1051122
6902,72,9480,1051122,1051194
8826,204,9480,1051194,1051398
9547,102,9480,1051398,1051500
4880,76,9481,1051499,1051575
8602,231,9481,1447261,1447492
2009,34,9482,1051797,1051831
3533,117,9482,1051831,1051948
3643,54,9482,1051948,1052002
4694,243,9482,1447268,1447511
5896,224,9482,1447288,1447512
7550,61,9482,1052448,1052509
9519,102,9482,1052509,1052611
2346,258,9483,1447288,1447546
2674,41,9483,1052833,1052874
3371,252,9483,1447323,1447575
4383,158,9483,1053097,1053255
5222,255,9483,1447352,1447607
8719,286,9483,1473910,1474196
4500,204,9484,1053700,1053904
6352,238,9484,1447441,1447679
1414,35,9485,1054126,1054161
2019,174,9485,1054161,1054335
4562,209,9485,1054335,1054544
5361,69,9486,1054543,1054612
6055,5,9486,1054612,1054617
6402,125,9486,1054617,1054742
1406,242,9487,1447453,1447695
3611,282,9487,1473911,1474193
4101,263,9487,1447530,1447793
4802,96,9487,1055410,1055506
5436,261,9487,1447570,1447831
7143,93,9487,1055729,1055822
1932,202,9488,1055821,1056023
5763,158,9488,1056023,1056181
8044,285,9488,1473911,1474196
9867,70,9488,1056404,1056474
9947,224,9488,1447665,1447889
5516,226,9489,1447665,1447891
5769,140,9489,1056919,1057059
8101,218,9490,1057058,1057276
9276,88,9491,1057275,1057363
1808,50,9492,1057362,1057412
2210,15,9492,1057412,1057427
3255,255,9492,1447665,1447920
5015,136,9492,1057650,1057786
5207,38,9492,1057786,1057824
5371,207,9492,1057824,1058031
6700,283,9492,1473911,1474194
7645,256,9492,1447755,1448011
8313,230,9492,1447788,1448018
8869,142,9492,1058700,1058842
5339,242,9493,1447794,1448036
6306,175,9493,1059064,1059239
7169,172,9493,1059239,1059411
8597,243,9493,1447813,1448056
2230,212,9494,1059633,1059845
4002,53,9494,1059845,1059898
5238,71,9494,1059898,1059969
5321,145,9494,1059969,1060114
5325,56,9494,1060114,1060170
6711,128,9494,1060170,1060298
7039,62,9494,1060298,1060360
9040,219,9494,1060360,1060579
3042,242,9495,1447831,1448073
8116,189,9495,1060801,1060990
9258,80,9495,1060990,1061070
9810,78,9495,1061070,1061148
1233,161,9496,1061147,1061308
2931,26,9496,1061308,1061334
3252,171,9496,1061334,1061505
3887,139,9496,1061505,1061644
4215,292,9496,1473909,1474201
4413,6,9496,1061867,1061873
4791,28,9496,1061873,1061901
6331,272,9496,1447907,1448179
7079,112,9496,1062124,1062236
7469,11,9496,1062236,1062247
9309,30,9496,1062247,1062277
9511,63,9496,1062277,1062340
1375,183,9497,1062339,1062522
2971,191,9497,1062522,1062713
5717,281,9497,1447955,1448236
6007,205,9497,1062936,1063141
9316,219,9497,1063141,1063360
9723,78,9497,1063360,1063438
4567,230,9498,1448012,1448242
5089,62,9498,1063660,1063722
5129,295,9498,1473918,1474213
6964,146,9498,1063945,1064091
5083,268,9499,1448076,1448344
8132,218,9499,1064313,1064531
8881,245,9499,1448121,1448366
6041,147,9500,1064753,1064900
7153,45,9500,1064900,1064945
2096,261,9501,1448141,1448402
2143,66,9501,1065167,1065233
2706,173,9501,1065233,1065406
4078,210,9501,1065406,1065616
9907,54,9501,1065616,1065670
3555,44,9502,1065669,1065713
4513,281,9502,1448178,1448459
7907,51,9502,1065936,1065987
1820,3,9503,1065986,1065989
3088,20,9503,1065989,1066009
5787,183,9503,1066009,1066192
7885,142,9503,1066192,1066334
8744,132,9503,1066334,1066466
8800,132,9503,1066466,1066598
4644,245,9504,1448234,1448479
5641,28,9504,1066820,1066848
8523,122,9504,1066848,1066970
1335,270,9505,1448255,1448525
2261,67,9505,1067192,1067259
5204,110,9505,1067259,1067369
5345,294,9505,1473925,1474219
8977,183,9505,1067592,1067775
9159,211,9505,1067775,1067986
2524,136,9506,1067985,1068121
7385,231,9506,1448359,1448590
7662,87,9506,1068344,1068431
9455,60,9506,1068431,1068491
1185,92,9507,1068490,1068582
2628,146,9507,1068582,1068728
6104,196,9507,1068728,1068924
1229,7,9508,1068923,1068930
2929,211,9508,1068930,1069141
5798,188,9508,1069141,1069329
2542,4,9509,1069328,1069332
4238,99,9509,1069332,1069431
6521,80,9509,1069431,1069511
7884,166,9509,1069511,1069677
8301,57,9509,1069677,1069734
8404,26,9509,1069734,1069760
8574,45,9509,1069760,1069805
9487,271,9509,1448364,1448635
1322,220,9510,1070027,1070247
1757,250,9510,1448411,1448661
2184,114,9510,1070470,1070584
7158,245,9510,1448438,1448683
9241,203,9510,1070807,1071010
8466,239,9511,1448459,1448698
8593,243,9511,1448475,1448718
8699,225,9511,1448495,1448720
9778,30,9511,1071678,1071708
1629,245,9512,1448496,1448741
7617,37,9512,1071930,1071967
9693,249,9512,1448518,1448767
2097,137,9513,1072189,1072326
6258,153,9513,1072326,1072479
7015,94,9513,1072479,1072573
1715,107,9514,1072572,1072679
3295,106,9514,1072679,1072785
4991,5,9514,1072785,1072790
1034,30,9515,1072789,1072819
4046,255,9515,1448541,1448796
8228,230,9515,1448573,1448803
8475,153,9515,1073265,1073418
9083,224,9515,1448580,1448804
1359,141,9516,1073640,1073781
2164,64,9516,1073781,1073845
2250,52,9516,1073845,1073897
2994,8,9516,1073897,1073905
3541,260,9516,1448580,1448840
9314,298,9516,1475534,1475832
9508,51,9516,1074351,1074402
1655,62,9517,1074401,1074463
2516,267,9517,1448674,1448941
4717,98,9517,1074686,1074784
6393,182,9517,1074784,1074966
8533,105,9517,1074966,1075071
9503,14,9517,1075071,1075085
4212,102,9518,1075084,1075186
8402,295,9518,1473939,1474234
8420,46,9518,1075409,1075455
1584,294,9519,1473952,1474246
2732,296,9519,1475534,1475830
4998,256,9519,1448890,1449146
6702,148,9519,1076123,1076271
8016,183,9519,1076271,1076454
3826,218,9520,1076453,1076671
3837,201,9520,1076671,1076872
6225,87,9520,1076872,1076959
6663,159,9520,1076959,1077118
8495,12,9520,1077118,1077130
1468,171,9521,1077129,1077300
1684,56,9521,1077300,1077356
6063,95,9521,1077356,1077451
9969,232,9521,1448921,1449153
1641,256,9522,1448929,1449185
2378,29,9522,1077896,1077925
4563,218,9522,1077925,1078143
5243,137,9522,1078143,1078280
7063,188,9522,1078280,1078468
7901,290,9522,1473976,1474266
9770,72,9522,1078691,1078763
1135,176,9523,1078762,1078938
3135,34,9523,1078938,1078972
3783,194,9523,1078972,1079166
4531,134,9523,1079166,1079300
8430,39,9523,1079300,1079339
9512,68,9523,1079339,1079407
1800,147,9524,1079406,1079553
3623,53,9524,1079553,1079606
5443,251,9524,1449018,1449269
8222,134,9524,1079829,1079963
9509,31,9524,1079963,1079994
9510,206,9524,1079994,1080200
1632,147,9525,1080199,1080346
2461,288,9525,1473982,1474270
3194,125,9525,1080569,1080694
6950,45,9525,1080694,1080739
4090,131,9526,1080738,1080869
1328,10,9527,1080868,1080878
1502,274,9527,1449101,1449375
4345,292,9527,1473987,1474279
4558,63,9527,1081324,1081387
7295,269,9527,1449210,1449479
9803,237,9527,1449256,1449493
1045,124,9528,1081832,1081956
1153,253,9528,1449269,1449522
1970,300,9528,1475650,1475950
5695,71,9528,1082402,1082473
5765,233,9528,1449357,1449590
7309,173,9528,1082696,1082869
9085,37,9528,1082869,1082906
2081,265,9529,1449366,1449631
2996,219,9529,1083128,1083347
3800,180,9529,1083347,1083527
4362,64,9529,1083527,1083591
5144,199,9529,1083591,1083790
5267,111,9529,1083790,1083901
5429,23,9529,1083901,1083924
5916,98,9529,1083924,1084022
1444,75,9530,1084021,1084096
3692,185,9530,1084096,1084281
5348,282,9530,1474009,1474291
2457,240,9531,1449464,1449704
2751,257,9531,1449481,1449738
4018,284,9531,1474009,1474293
6090,297,9531,1475527,1475824
6940,206,9531,1085395,1085601
6986,211,9531,1085601,1085812
8194,168,9531,1085812,1085980
4457,186,9532,1085979,1086165
6097,29,9532,1086165,1086194
6505,192,9533,1086193,1086385
8108,148,9533,1086385,1086533
4781,273,9534,1449628,1449901
7762,194,9534,1086755,1086949
9405,158,9534,1086949,1087107
9464,9,9534,1087107,1087116
2614,293,9535,1474022,1474315
2759,70,9535,1087338,1087408
3697,293,9535,1474034,1474327
4551,292,9535,1474046,1474338
5334,37,9535,1087854,1087891
8030,282,9535,1474057,1474339
1316,48,9536,1088113,1088161
2491,43,9536,1088161,1088204
6321,287,9536,1474057,1474344
8157,29,9536,1088427,1088456
9286,178,9536,1088456,1088634
8202,104,9537,1088633,1088737
9734,29,9537,1088737,1088766
1458,237,9538,1449964,1450201
3012,240,9538,1449978,1450218
3134,31,9538,1089211,1089242
5681,3,9538,1089242,1089245
8224,276,9538,1449995,1450271
8384,224,9538,1450048,1450272
3276,104,9539,1089690,1089794
3977,278,9539,1450048,1450326
6486,60,9539,1090017,1090077
7113,178,9539,1090077,1090255
9324,121,9539,1090255,1090376
9887,262,9539,1450103,1450365
4201,120,9540,1090598,1090718
7320,181,9540,1090718,1090899
8270,256,9540,1450141,1450397
1651,228,9541,1450173,1450401
5904,260,9541,1450178,1450438
6221,204,9541,1091567,1091771
9387,194,9541,1091771,1091965
9408,4,9541,1091965,1091969
9453,230,9541,1450215,1450445
4001,94,9542,1092191,1092285
6058,138,9542,1092285,1092423
7889,103,9542,1092423,1092526
8773,154,9542,1092526,1092680
8822,102,9542,1092680,1092782
1010,23,9543,1092781,1092804
1119,93,9543,1092804,1092897
2398,211,9543,1092897,1093108
4462,211,9543,1093108,1093319
5503,199,9543,1093319,1093518
6377,186,9543,1093518,1093704
7362,231,9543,1450220,1450451
8009,287,9543,1474056,1474343
8039,152,9543,1094150,1094302
9353,80,9543,1094302,1094382
3560,218,9544,1094381,1094599
4873,27,9544,1094599,1094626
6448,227,9544,1450285,1450512
8031,177,9544,1094849,1095026
8704,211,9544,1095026,1095237
4418,122,9545,1095236,1095358
4794,178,9546,1095357,1095535
6054,99,9546,1095535,1095634
8063,138,9546,1095634,1095772
9753,205,9546,1095772,1095977
3244,138,9547,1095976,1096114
4716,79,9547,1096114,1096193
7539,288,9547,1474058,1474346
3332,13,9548,1096415,1096428
3476,135,9548,1096428,1096563
6327,221,9548,1096563,1096784
9077,202,9548,1096784,1096986
4857,268,9549,1450342,1450610
5484,201,9549,1097208,1097409
6830,103,9549,1097409,1097512
7174,14,9549,1097512,1097526
1381,118,9550,1097525,1097643
1644,106,9550,1097643,1097749
1838,54,9550,1097749,1097803
5357,95,9550,1097803,1097898
5692,196,9550,1097898,1098094
5887,193,9550,1098094,1098287
6751,81,9550,1098287,1098368
8284,159,9550,1098368,1098527
9816,70,9550,1098527,1098597
2551,94,9551,1098596,1098690
4226,280,9551,1450385,1450665
6302,47,9551,1098913,1098960
6417,193,9551,1098960,1099153
1976,208,9552,1099152,1099360
4491,72,9552,1099360,1099432
4600,210,9552,1099432,1099642
8939,150,9552,1099642,1099792
5084,6,9553,1099791,1099797
8147,282,9553,1474059,1474341
8646,70,9553,1100020,1100090
1093,95,9554,1100089,1100184
2740,3,9554,1100184,1100187
3446,91,9554,1100187,1100278
8941,188,9554,1100278,1100466
1076,161,9555,1100465,1100626
1224,215,9555,1100626,1100841
1663,12,9555,1100841,1100853
3954,206,9555,1100853,1101059
4320,177,9555,1101059,1101236
5557,157,9555,1101236,1101393
6478,24,9555,1101393,1101417
1818,204,9556,1101416,1101620
2069,179,9556,1101620,1101799
2723,84,9556,1101799,1101883
6182,14,9556,1101883,1101897
6388,260,9556,1450495,1450755
7133,154,9556,1102120,1102274
9923,127,9556,1102274,1102401
1008,87,9557,1102400,1102487
5683,245,9557,1450531,1450776
5968,51,9557,1102710,1102761
7640,189,9557,1102761,1102950
9540,91,9557,1102950,1103041
9564,260,9557,1450553,1450813
1198,272,9558,1450589,1450861
2447,258,9558,1450638,1450896
4040,159,9558,1103709,1103868
4837,202,9558,1103868,1104070
3367,158,9559,1104069,1104227
4855,220,9559,1104227,1104447
5127,244,9559,1450672,1450916
2253,102,9560,1104669,1104771
3462,231,9560,1450692,1450923
4371,125,9560,1104994,1105119
4571,145,9560,1105119,1105264
6383,146,9560,1105264,1105410
4286,151,9561,1105409,1105560
9996,292,9561,1474052,1474344
7561,196,9562,1105782,1105978
9097,67,9562,1105978,1106045
5962,181,9563,1106044,1106225
6554,32,9563,1106225,1106257
7730,56,9563,1106257,1106313
8096,205,9563,1106313,1106518
9932,180,9563,1106518,1106698
2766,93,9564,1106697,1106790
4635,143,9564,1106790,1106933
8243,250,9564,1450754,1451004
1456,121,9565,1107155,1107276
2747,35,9565,1107276,1107311
2893,122,9565,1107311,1107433
3444,110,9565,1107433,1107543
4419,203,9565,1107543,1107746
5170,75,9565,1107746,1107821
8833,2,9565,1107821,1107823
3213,16,9566,1107822,1107838
5640,5,9566,1107838,1107843
5994,244,9566,1450779,1451023
8983,31,9566,1108066,1108097
9741,35,9566,1108097,1108132
2108,38,9567,1108131,1108169
5023,291,9567,1474057,1474348
6003,123,9567,1108392,1108515
7392,235,9567,1450857,1451092
8135,264,9567,1450869,1451133
9175,218,9567,1108961,1109179
2503,181,9568,1109178,1109359
4180,89,9568,1109359,1109448
5007,248,9568,1450909,1451157
5319,12,9568,1109671,1109683
5957,266,9568,1450934,1451200
6828,291,9568,1474066,1474357
8516,42,9568,1110129,1110171
5062,62,9569,1110170,1110232
6684,49,9569,1110232,1110281
7062,109,9569,1110281,1110390
8400,141,9569,1110390,1110531
8510,150,9569,1110531,1110681
1543,159,9570,1110680,1110839
9506,230,9570,1451033,1451263
2639,190,9571,1111061,1111251
3824,286,9571,1474073,1474359
6482,183,9571,1111474,1111657
7328,105,9571,1111657,1111762
7436,280,9571,1451097,1451377
3492,38,9572,1111984,1112022
4514,253,9572,1451153,1451406
9873,207,9572,1112245,1112452
1580,200,9573,1112451,1112651
3722,48,9573,1112651,1112699
6071,128,9573,1112699,1112827
8338,94,9573,1112827,1112921
3171,14,9574,1112920,1112934
5430,64,9574,1112934,1112998
6455,166,9574,1112998,1113164
8504,108,9574,1113164,1113272
9935,45,9574,1113272,1113317
1601,29,9575,1113316,1113345
4447,39,9575,1113345,1113384
6216,109,9575,1113384,1113493
6818,223,9575,1113493,1113716
7444,136,9575,1113716,1113852
1242,240,9576,1451179,1451419
4735,113,9576,1114074,1114187
5700,93,9576,1114187,1114280
5971,274,9576,1451196,1451470
6372,66,9576,1114503,1114569
7691,15,9576,1114569,1114584
8924,272,9576,1451247,1451519
9906,206,9576,1114807,1115013
2523,264,9577,1451295,1451559
2876,33,9577,1115235,1115268
5244,153,9577,1115268,1115421
5253,192,9577,1115421,1115613
5604,122,9577,1115613,1115735
5972,23,9577,1115735,1115758
6212,138,9577,1115758,1115896
1448,273,9578,1451335,1451608
2406,18,9578,1116118,1116136
4185,61,9578,1116136,1116197
7156,283,9578,1474071,1474354
1963,286,9579,1474072,1474358
4062,2,9579,1116642,1116644
4451,266,9579,1451500,1451766
7037,172,9579,1116867,1117039
7880,252,9579,1451543,1451795
1822,11,9580,1117261,1117272
3031,204,9580,1117272,1117476
8274,131,9581,1117475,1117606
8958,45,9581,1117606,1117651
2323,144,9582,1117650,1117794
2641,181,9582,1117794,1117975
3543,174,9582,1117975,1118149
6901,53,9582,1118149,1118202
8312,126,9582,1118202,1118328
1159,259,9583,1451568,1451827
4272,56,9583,1118550,1118606
7022,137,9583,1118606,1118743
9250,156,9583,1118743,1118899
1810,49,9584,1118898,1118947
2338,294,9584,1474072,1474366
3386,168,9584,1119170,1119338
3756,19,9584,1119338,1119357
4381,173,9584,1119357,1119530
6165,164,9584,1119530,1119694
7449,141,9584,1119694,1119835
3107,257,9585,1451660,1451917
4469,179,9585,1120057,1120236
4780,164,9585,1120236,1120400
1337,163,9586,1120399,1120562
2094,289,9586,1474083,1474372
5951,232,9586,1451751,1451983
7081,143,9586,1121008,1121151
7657,54,9586,1121151,1121205
9004,65,9586,1121205,1121270
9859,66,9586,1121270,1121336
3431,282,9587,1474090,1474372
4561,289,9587,1474091,1474380
7813,67,9587,1121781,1121848
8368,191,9587,1121848,1122039
8912,239,9587,1451875,1452114
1849,98,9588,1122261,1122359
2936,71,9588,1122359,1122430
4790,89,9589,1122429,1122518
4800,221,9589,1122518,1122739
5025,207,9589,1122739,1122946
8458,160,9589,1122946,1123106
1772,189,9590,1123105,1123294
2315,268,9590,1451888,1452156
3009,109,9590,1123517,1123626
3296,300,9590,1475589,1475889
3544,267,9590,1451991,1452258
4225,108,9590,1124072,1124180
4251,265,9590,1452035,1452300
4587,297,9590,1475474,1475771
6652,63,9590,1124626,1124689
1773,188,9591,1124688,1124876
3742,163,9591,1124876,1125039
4557,271,9591,1452134,1452405
5684,47,9591,1125262,1125309
9728,1,9591,1125309,1125310
1841,141,9592,1125309,1125450
2807,28,9592,1125450,1125478
4084,40,9592,1125478,1125518
4405,195,9592,1125518,1125713
6706,41,9592,1125713,1125754
7210,66,9592,1125754,1125820
9920,274,9592,1452181,1452455
2074,227,9593,1452231,1452458
5627,76,9593,1126265,1126341
6892,219,9593,1126341,1126560
8040,150,9593,1126560,1126710
8064,205,9593,1126710,1126915
1538,220,9594,1126914,1127134
2975,270,9594,1452234,1452504
4196,138,9594,1127357,1127495
4994,30,9594,1127495,1127525
8092,33,9594,1127525,1127558
3168,148,9595,1127557,1127705
5961,239,9595,1452280,1452519
8295,133,9595,1127928,1128061
1023,115,9596,1128060,1128175
1491,123,9596,1128175,1128298
1741,89,9596,1128298,1128387
2560,241,9596,1452295,1452536
3918,227,9596,1452313,1452540
4951,74,9596,1128833,1128907
7532,61,9596,1128907,1128968
4952,243,9597,1452316,1452559
9237,257,9597,1452336,1452593
9558,25,9597,1129413,1129438
9591,12,9597,1129438,1129450
1235,125,9598,1129449,1129574
2193,26,9598,1129574,1129600
5051,152,9598,1129600,1129752
5230,26,9598,1129752,1129778
5438,169,9598,1129778,1129947
5652,140,9598,1129947,1130087
2331,200,9599,1130086,1130286
2622,143,9599,1130286,1130429
2983,218,9599,1130429,1130647
3337,18,9599,1130647,1130665
4859,214,9599,1130665,1130879
5764,145,9599,1130879,1131024
6509,295,9599,1474115,1474410
1847,125,9600,1131246,1131371
3785,293,9600,1474128,1474421
1834,83,9601,1131593,1131676
5247,186,9601,1131676,1131862
7308,85,9601,1131862,1131947
7835,48,9601,1131947,1131995
8662,22,9601,1131995,1132017
9312,2,9601,1132017,1132019
3316,75,9602,1132018,1132093
7365,173,9602,1132093,1132266
1113,184,9603,1132265,1132449
3739,135,9603,1132449,1132584
5080,166,9603,1132584,1132750
7925,195,9603,1132750,1132945
9729,239,9603,1452480,1452719
3078,55,9604,1133167,1133222
4643,211,9604,1133222,1133433
7452,155,9604,1133433,1133588
8077,270,9604,1452495,1452765
8784,153,9604,1133811,1133964
8850,237,9604,1452542,1452779
2637,31,9605,1134186,1134217
3123,287,9605,1474135,1474422
2883,40,9606,1134439,1134479
6651,122,9606,1134479,1134601
8615,80,9606,1134601,1134681
2490,119,9607,1134680,1134799
3149,255,9607,1452611,1452866
4919,116,9607,1135022,1135138
7547,206,9607,1135138,1135344
9361,98,9607,1135344,1135442
9376,15,9607,1135442,1135457
3552,262,9608,1452642,1452904
8889,292,9608,1474138,1474430
3268,77,9609,1135901,1135978
3931,216,9609,1135978,1136194
7559,38,9609,1136194,1136232
9021,172,9609,1136232,1136404
2270,36,9610,1136403,1136439
3163,10,9610,1136439,1136449
4845,167,9610,1136449,1136616
8877,130,9610,1136616,1136746
2100,164,9611,1136745,1136909
3441,119,9611,1136909,1137028
4295,251,9611,1452736,1452987
5022,231,9611,1452764,1452995
6129,189,9611,1137474,1137663
8998,246,9611,1452772,1453018
1985,88,9612,1137885,1137973
4421,299,9612,1475454,1475753
9102,102,9612,1138196,1138298
1466,140,9613,1138297,1138437
7386,78,9613,1138437,1138515
9730,179,9613,1138515,1138694
9899,274,9613,1452851,1453125
2689,142,9614,1138916,1139058
4341,100,9614,1139058,1139158
6355,110,9614,1139158,1139268
8048,156,9614,1139268,1139424
8286,8,9614,1139424,1139432
8916,154,9614,1139432,1139586
9234,175,9614,1139586,1139761
9930,264,9614,1452901,1453165
4110,228,9615,1452941,1453169
7468,232,9615,1452946,1453178
9093,150,9615,1140429,1140579
9197,212,9615,1140579,1140791
4108,199,9616,1140790,1140989
5181,123,9616,1140989,1141112
8444,147,9616,1141112,1141259
8867,122,9616,1141259,1141381
9238,121,9616,1141381,1141502
9572,282,9616,1474155,1474437
1946,81,9617,1141724,1141805
2101,288,9617,1474155,1474443
2635,46,9617,1142028,1142074
3320,37,9617,1142074,1142111
3755,258,9617,1453069,1453327
5701,116,9617,1142334,1142450
6271,78,9617,1142450,1142528
8363,237,9617,1453104,1453341
2836,17,9619,1142749,1142766
3491,218,9619,1142766,1142984
3828,110,9619,1142984,1143094
3587,226,9620,1453115,1453341
6066,225,9620,1453118,1453343
8636,15,9620,1143539,1143554
9031,162,9620,1143554,1143716
1253,154,9621,1143715,1143869
3292,206,9621,1143869,1144075
7334,31,9621,1144075,1144106
3351,186,9622,1144105,1144291
5713,234,9622,1453118,1453352
5894,268,9622,1453129,1453397
6889,81,9622,1144737,1144818
8190,265,9622,1453174,1453439
8607,112,9622,1145041,1145153
1879,106,9623,1145152,1145258
5076,297,9623,1475447,1475744
7875,89,9623,1145481,1145570
1671,48,9624,1145569,1145617
4789,247,9624,1453272,1453519
5830,212,9624,1145840,1146052
7606,41,9624,1146052,1146093
7709,169,9624,1146093,1146262
9343,282,9624,1474169,1474451
5882,232,9625,1453353,1453585
6166,78,9625,1146707,1146785
7086,9,9625,1146785,1146794
7430,264,9625,1453362,1453626
8073,161,9625,1147017,1147178
4928,161,9626,1147177,1147338
7932,149,9626,1147338,1147487
9174,152,9626,1147487,1147639
7234,44,9627,1147638,1147682
8126,42,9627,1147682,1147724
2851,20,9628,1147723,1147743
5490,272,9628,1453400,1453672
6439,223,9628,1147966,1148189
7329,298,9628,1475444,1475742
7754,106,9628,1148412,1148518
3119,279,9629,1453506,1453785
5226,168,9629,1148740,1148908
9260,4,9629,1148908,1148912
1060,61,9630,1148911,1148972
4494,84,9630,1148972,1149056
6023,289,9630,1474178,1474467
8853,246,9630,1453619,1453865
8899,109,9630,1149502,1149611
1472,53,9631,1149610,1149663
2040,24,9631,1149663,1149687
3961,244,9631,1453641,1453885
5223,268,9631,1453662,1453930
5809,173,9631,1150133,1150306
3840,152,9632,1150305,1150457
5472,167,9632,1150457,1150624
9204,45,9632,1150624,1150669
3869,58,9633,1150668,1150726
6094,91,9633,1150726,1150817
6815,159,9633,1150817,1150976
7494,254,9633,1453705,1453959
7634,263,9633,1453736,1453999
9624,170,9633,1151422,1151592
4003,266,9634,1453775,1454041
7466,195,9634,1151814,1152009
7858,31,9634,1152009,1152040
9532,260,9634,1453818,1454078
3170,55,9635,1152262,1152317
4626,35,9635,1152317,1152352
1467,223,9636,1152351,1152574
4161,47,9636,1152574,1152621
4404,5,9636,1152621,1152626
4924,110,9636,1152626,1152736
6813,52,9636,1152736,1152788
7635,266,9636,1453853,1454119
7837,230,9636,1453896,1454126
1668,69,9637,1153233,1153302
4088,36,9637,1153302,1153338
4439,178,9637,1153338,1153516
5391,129,9637,1153516,1153645
9111,37,9637,1153645,1153682
5120,255,9638,1453901,1454156
6458,82,9638,1153904,1153986
7680,175,9638,1153986,1154161
1283,212,9639,1154160,1154372
1309,148,9639,1154372,1154520
2949,38,9639,1154520,1154558
3888,295,9639,1474177,1474472
4416,222,9639,1154781,1155003
4914,184,9639,1155003,1155187
5031,46,9639,1155187,1155233
5354,107,9639,1155233,1155340
1088,136,9640,1155339,1155475
2544,160,9640,1155475,1155635
4282,102,9640,1155635,1155737
4580,294,9640,1474190,1474484
4943,70,9640,1155960,1156030
5963,115,9640,1156030,1156145
9787,167,9640,1156145,1156312
1638,201,9641,1156311,1156512
5658,157,9641,1156512,1156669
7127,121,9641,1156669,1156790
8507,290,9641,1474202,1474492
6008,208,9642,1157012,1157220
7324,228,9642,1454103,1454331
9400,261,9642,1454108,1454369
9851,176,9642,1157666,1157842
2600,143,9643,1157841,1157984
2891,191,9643,1157984,1158175
6089,211,9643,1158175,1158386
8688,29,9643,1158386,1158415
5815,267,9644,1454144,1454411
6201,239,9644,1454188,1454427
5659,31,9645,1158859,1158890
6970,99,9645,1158890,1158989
7920,224,9645,1454203,1454427
8268,289,9645,1474207,1474496
2867,254,9646,1454261,1454515
8168,49,9646,1159657,1159706
9000,175,9646,1159706,1159881
1495,130,9647,1159880,1160010
4489,101,9647,1160010,1160111
6757,262,9647,1454291,1454553
6943,171,9647,1160334,1160505
7332,224,9647,1454330,1454554
2006,258,9648,1454330,1454588
7503,229,9648,1454365,1454594
8169,176,9648,1161173,1161349
9331,73,9648,1161349,1161422
1548,244,9649,1454370,1454614
1654,229,9649,1454391,1454620
1801,265,9649,1454397,1454662
3177,192,9649,1162090,1162282
3228,171,9649,1162282,1162453
3502,152,9649,1162453,1162605
5203,58,9649,1162605,1162663
7413,128,9649,1162663,1162791
8151,98,9649,1162791,1162889
4444,211,9650,1162888,1163099
8074,119,9650,1163099,1163218
9525,300,9650,1475530,1475830
9879,299,9650,1475429,1475728
2091,41,9651,1163663,1163704
5460,278,9651,1454553,1454831
5956,35,9651,1163927,1163962
6337,258,9651,1454608,1454866
6998,197,9651,1164185,1164382
8287,300,9651,1475530,1475830
3231,119,9652,1164604,1164723
4369,56,9652,1164723,1164779
5755,114,9652,1164779,1164893
6408,101,9652,1164893,1164994
7036,202,9652,1164994,1165196
7758,257,9652,1454700,1454957
1656,72,9653,1165418,1165490
4938,173,9653,1165490,1165663
5932,278,9653,1454733,1455011
6588,247,9653,1454788,1455035
6660,228,9653,1454812,1455040
6752,289,9653,1474249,1474538
8572,252,9653,1454875,1455127
9385,90,9653,1166778,1166868
9834,9,9653,1166868,1166877
4992,137,9654,1166876,1167013
5931,85,9654,1167013,1167098
2238,277,9655,1454902,1455179
8265,14,9655,1167320,1167334
8511,194,9655,1167334,1167528
3721,147,9656,1167527,1167674
6928,275,9656,1454955,1455230
7525,263,9656,1455007,1455270
8264,105,9656,1168120,1168225
1804,42,9657,1168224,1168266
7298,193,9657,1168266,1168459
7600,281,9657,1455046,1455327
7787,159,9657,1168682,1168841
8131,215,9657,1168841,1169056
8351,270,9657,1455104,1455374
8530,288,9657,1474253,1474541
8778,190,9657,1169502,1169692
8788,225,9657,1455209,1455434
9070,4,9657,1169915,1169919
1949,273,9658,1455210,1455483
4542,250,9658,1455260,1455510
4559,282,9658,1474259,1474541
7422,164,9658,1170587,1170751
7651,23,9658,1170751,1170774
8598,107,9658,1170774,1170881
8628,276,9658,1455345,1455621
1676,20,9659,1171103,1171123
4291,25,9659,1171123,1171148
5482,6,9659,1171148,1171154
5922,102,9659,1171154,1171256
4690,279,9660,1455396,1455675
5287,242,9660,1455452,1455694
7116,266,9660,1455471,1455737
4921,228,9661,1455513,1455741
6923,142,9661,1172146,1172288
6960,231,9661,1455518,1455749
9498,295,9661,1474257,1474552
3192,255,9662,1455583,1455838
4033,104,9662,1172956,1173060
5822,141,9662,1173060,1173201
1101,54,9663,1173200,1173254
2155,134,9663,1173254,1173388
4189,1,9663,1173388,1173389
5541,277,9663,1455614,1455891
6640,48,9663,1173612,1173660
7084,293,9663,1474269,1474562
9749,191,9663,1173883,1174074
1030,32,9664,1174073,1174105
2124,221,9664,1174105,1174326
4805,106,9664,1174326,1174432
8255,283,9664,1474280,1474563
8457,163,9664,1174655,1174818
8911,164,9664,1174818,1174982
1533,87,9665,1174981,1175068
4606,206,9665,1175068,1175274
6932,182,9665,1175274,1175456
7427,101,9665,1175456,1175557
2123,131,9666,1175556,1175687
2582,90,9666,1175687,1175777
2728,4,9666,1175777,1175781
6195,160,9666,1175781,1175941
6207,96,9666,1175941,1176037
7522,4,9666,1176037,1176041
8733,94,9666,1176041,1176135
5664,16,9667,1176134,1176150
9662,204,9667,1176150,1176354
2296,142,9668,1176353,1176495
3635,124,9668,1176495,1176619
3784,100,9668,1176619,1176719
6582,300,9668,1475514,1475814
8195,156,9668,1176942,1177098
8909,87,9668,1177098,1177185
3059,221,9669,1177184,1177405
6658,279,9669,1455836,1456115
6745,4,9669,1177628,1177632
7942,26,9669,1177632,1177658
2870,151,9670,1177657,1177808
3827,74,9670,1177808,1177882
2033,45,9671,1177881,1177926
5560,84,9671,1177926,1178010
5958,235,9671,1455890,1456125
6125,193,9671,1178233,1178426
1223,217,9672,1178425,1178642
1954,123,9672,1178642,1178765
6816,224,9672,1455901,1456125
7745,103,9672,1178988,1179091
7752,202,9672,1179091,1179293
1103,168,9673,1179292,1179460
4882,168,9673,1179460,1179628
7812,70,9673,1179628,1179698
7853,150,9673,1179698,1179848
1293,232,9674,1455900,1456132
1565,60,9674,1180070,1180130
3153,207,9674,1180130,1180337
4293,57,9674,1180337,1180394
6457,101,9674,1180394,1180495
8059,85,9674,1180495,1180580
1476,204,9675,1180579,1180783
6449,269,9675,1455908,1456177
7738,234,9675,1455954,1456188
1590,68,9676,1181228,1181296
1719,88,9676,1181296,1181384
6232,209,9676,1181384,1181593
6938,87,9676,1181593,1181680
9351,9,9676,1181680,1181689
9366,217,9676,1181689,1181906
1522,102,9677,1181905,1182007
3103,60,9677,1182007,1182067
3897,137,9677,1182067,1182204
4053,160,9677,1182204,1182364
2995,217,9678,1182363,1182580
4109,154,9678,1182580,1182734
4134,25,9678,1182734,1182759
7693,50,9678,1182759,1182809
9804,209,9678,1182809,1183018
1951,206,9679,1183017,1183223
2012,25,9679,1183223,1183248
4759,295,9679,1474281,1474576
7211,260,9679,1456019,1456279
9390,33,9679,1183694,1183727
4698,247,9680,1456055,1456302
8049,156,9680,1183949,1184105
4983,17,9681,1184104,1184121
6247,254,9681,1456078,1456332
6859,193,9681,1184344,1184537
1001,204,9682,1184536,1184740
1410,240,9682,1456108,1456348
3013,70,9682,1184963,1185033
6121,122,9682,1185033,1185155
6345,181,9682,1185155,1185336
8843,58,9682,1185336,1185394
9080,50,9682,1185394,1185444
5427,221,9683,1185443,1185664
5464,72,9683,1185664,1185736
7134,224,9683,1456124,1456348
8037,204,9683,1185959,1186163
8769,267,9683,1456125,1456392
9524,200,9683,1186386,1186586
9763,2,9683,1186586,1186588
1723,36,9684,1186587,1186623
2710,117,9684,1186623,1186740
2770,219,9684,1186740,1186959
3114,4,9684,1186959,1186963
9147,190,9684,1186963,1187153
9914,108,9684,1187153,1187261
3819,285,9685,1474289,1474574
1038,227,9686,1456224,1456451
1672,192,9686,1187705,1187897
1953,110,9686,1187897,1188007
3033,97,9686,1188007,1188104
5888,18,9686,1188104,1188122
6362,129,9686,1188122,1188251
9091,196,9686,1188251,1188447
2272,53,9687,1188446,1188499
2356,132,9687,1188499,1188631
2477,258,9687,1456227,1456485
2811,226,9687,1456262,1456488
2960,249,9687,1456265,1456514
3052,24,9687,1189300,1189324
3640,194,9687,1189324,1189518
4098,6,9687,1189518,1189524
8491,124,9687,1189524,1189648
8846,83,9687,1189648,1189731
9989,186,9687,1189731,1189917
8001,98,9688,1189916,1190014
2701,207,9689,1190013,1190220
3969,100,9689,1190220,1190320
4638,81,9689,1190320,1190401
7956,182,9689,1190401,1190583
4838,284,9690,1474288,1474572
6670,139,9690,1190805,1190944
6826,120,9690,1190944,1191064
8056,143,9690,1191064,1191207
5428,180,9691,1191206,1191386
5435,50,9691,1191386,1191436
6556,169,9691,1191436,1191605
8676,180,9691,1191605,1191785
5476,4,9692,1191784,1191788
5595,170,9692,1191788,1191958
2188,47,9693,1191957,1192004
3686,90,9693,1192004,1192094
5404,288,9693,1474288,1474576
7423,171,9693,1192317,1192488
9416,119,9693,1192488,1192607
9494,261,9693,1456401,1456662
2838,70,9694,1192829,1192899
4888,242,9694,1456438,1456680
7947,35,9694,1193122,1193157
2414,4,9695,1193156,1193160
3030,71,9695,1193160,1193231
6835,45,9695,1193231,1193276
7768,150,9695,1193276,1193426
7923,116,9695,1193426,1193542
8435,189,9695,1193542,1193731
8619,121,9695,1193731,1193852
9344,100,9695,1193852,1193952
2497,280,9696,1456455,1456735
7685,32,9696,1194174,1194206
1216,17,9697,1194205,1194222
5768,138,9697,1194222,1194360
9775,175,9697,1194360,1194535
1454,279,9698,1456510,1456789
3359,87,9698,1194757,1194844
7650,70,9698,1194844,1194914
3948,135,9699,1194913,1195048
4434,159,9699,1195048,1195207
6895,275,9699,1456565,1456840
7489,300,9699,1475484,1475784
1461,299,9700,1475395,1475694
4221,223,9700,1195875,1196098
4668,56,9700,1196098,1196154
7052,157,9700,1196154,1196311
2276,167,9701,1196310,1196477
7054,160,9701,1196477,1196637
7859,11,9701,1196637,1196648
9072,269,9701,1456731,1457000
9378,64,9701,1196871,1196935
1085,95,9702,1196934,1197029
1828,200,9702,1197029,1197229
3461,27,9702,1197229,1197256
7356,290,9702,1474314,1474604
9030,149,9702,1197479,1197628
1044,150,9703,1197627,1197777
1845,53,9703,1197777,1197830
6896,40,9703,1197830,1197870
2054,148,9704,1197869,1198017
4847,137,9704,1198017,1198154
8335,102,9704,1198154,1198256
8378,242,9704,1456832,1457074
8870,98,9704,1198479,1198577
9411,255,9704,1456851,1457106
1760,212,9705,1198799,1199011
3857,74,9705,1199011,1199085
7890,275,9705,1456882,1457157
8377,166,9705,1199308,1199474
8712,120,9705,1199474,1199594
2756,37,9706,1199593,1199630
4941,209,9706,1199630,1199839
7542,123,9706,1199839,1199962
8337,222,9706,1199962,1200184
8684,31,9706,1200184,1200215
2113,226,9707,1456932,1457158
2612,100,9707,1200437,1200537
7432,151,9707,1200537,1200688
9718,227,9707,1456935,1457162
1005,166,9708,1200910,1201076
1331,186,9708,1201076,1201262
4599,284,9708,1474317,1474601
4944,79,9708,1201485,1201564
7596,4,9708,1201564,1201568
8456,159,9708,1201568,1201727
4080,190,9709,1201726,1201916
4415,297,9709,1475390,1475687
5131,13,9709,1202139,1202152
2267,282,9710,1474332,1474614
3517,214,9710,1202374,1202588
3872,258,9710,1457110,1457368
4006,240,9710,1457145,1457385
7009,59,9710,1203034,1203093
8535,178,9710,1203093,1203271
9486,106,9710,1203271,1203377
1827,300,9711,1475473,1475773
4081,224,9711,1457219,1457443
6506,122,9711,1203822,1203944
7119,206,9711,1203944,1204150
7187,23,9711,1204150,1204173
8992,265,9711,1457220,1457485
3409,106,9712,1204395,1204501
5650,152,9712,1204501,1204653
7218,22,9712,1204653,1204675
7673,135,9712,1204675,1204810
8528,289,9712,1474345,1474634
4044,47,9713,1205032,1205079
1374,204,9714,1205078,1205282
4089,11,9714,1205282,1205293
4166,221,9714,1205293,1205514
4778,212,9714,1205514,1205726
5924,95,9714,1205726,1205821
8630,203,9714,1205821,1206024
9206,49,9714,1206024,1206073
9675,209,9714,1206073,1206282
2510,211,9715,1206281,1206492
6857,174,9715,1206492,1206666
7357,63,9715,1206666,1206729
7688,49,9715,1206729,1206778
7798,11,9715,1206778,1206789
9279,1,9715,1206789,1206790
9342,138,9715,1206790,1206928
1866,15,9716,1206927,1206942
3188,285,9716,1474349,1474634
5784,267,9716,1457373,1457640
6667,230,9716,1457417,1457647
7781,45,9716,1207611,1207656
1721,116,9717,1207655,1207771
2142,1,9717,1207771,1207772
4454,21,9717,1207772,1207793
4564,129,9717,1207793,1207922
6087,2,9717,1207922,1207924
8164,151,9717,1207924,1208075
3554,196,9718,1208074,1208270
4848,164,9718,1208270,1208434
5629,57,9718,1208434,1208491
9903,8,9718,1208491,1208499
1112,215,9719,1208498,1208713
2023,132,9719,1208713,1208845
3343,207,9719,1208845,1209052
6160,136,9719,1209052,1209188
6220,2,9719,1209188,1209190
7104,24,9719,1209190,1209214
8772,223,9719,1209214,1209437
3539,74,9720,1209436,1209510
5000,255,9720,1457420,1457675
2237,212,9721,1209732,1209944
3471,156,9721,1209944,1210100
5116,24,9721,1210100,1210124
8525,230,9721,1457451,1457681
8756,236,9721,1457458,1457694
2268,106,9722,1210569,1210675
3615,126,9722,1210675,1210801
4875,46,9722,1210801,1210847
6277,106,9722,1210847,1210953
6913,279,9722,1457470,1457749
7891,259,9722,1457526,1457785
8142,144,9722,1211399,1211543
9587,268,9722,1457562,1457830
4232,238,9723,1457606,1457844
6016,23,9723,1211988,1212011
6153,106,9723,1212011,1212117
6820,9,9723,1212117,1212126
7706,252,9723,1457621,1457873
7830,140,9723,1212349,1212489
1220,274,9724,1457649,1457923
3410,286,9724,1474345,1474631
4230,139,9724,1212934,1213073
4824,37,9724,1213073,1213110
4903,93,9724,1213110,1213203
7287,262,9724,1457758,1458020
5011,242,9725,1457796,1458038
6026,123,9725,1213648,1213771
6625,275,9725,1457815,1458090
6787,176,9725,1213994,1214170
2127,149,9726,1214169,1214318
8645,103,9726,1214318,1214421
2897,187,9727,1214420,1214607
7393,287,9727,1474347,1474634
7516,232,9727,1457923,1458155
9149,190,9727,1215053,1215243
1132,2,9728,1215242,1215244
1354,112,9728,1215244,1215356
2752,120,9728,1215356,1215476
5039,292,9728,1474352,1474644
1561,272,9729,1457988,1458260
4869,289,9729,1474362,1474651
6490,131,9729,1216144,1216275
7021,266,9729,1458095,1458361
7313,78,9729,1216498,1216576
7721,149,9729,1216576,1216725
1098,202,9730,1216724,1216926
1576,66,9730,1216926,1216992
4377,88,9730,1216992,1217080
5140,52,9730,1217080,1217132
6056,21,9730,1217132,1217153
9160,244,9730,1458137,1458381
6501,205,9731,1217375,1217580
7609,96,9731,1217580,1217676
8812,203,9731,1217676,1217879
9379,12,9731,1217879,1217891
1669,26,9732,1217890,1217916
1725,20,9732,1217916,1217936
2042,255,9732,1458156,1458411
6546,193,9732,1218159,1218352
7163,108,9732,1218352,1218460
9458,278,9732,1458188,1458466
4317,299,9733,1475372,1475671
5250,221,9733,1218905,1219126
1136,284,9734,1474379,1474663
3286,237,9734,1458357,1458594
4422,252,9734,1458371,1458623
5146,64,9734,1219794,1219858
5252,266,9734,1458400,1458666
7750,221,9734,1220081,1220302
8545,2,9734,1220302,1220304
2297,248,9735,1458442,1458690
7499,277,9735,1458467,1458744
8066,118,9735,1220749,1220867
9384,20,9735,1220867,1220887
1042,203,9736,1220886,1221089
1521,105,9736,1221089,1221194
2509,288,9736,1474380,1474668
3782,122,9736,1221417,1221539
5192,69,9736,1221539,1221608
6029,272,9736,1458578,1458850
6576,45,9736,1221831,1221876
4651,28,9737,1221875,1221903
9232,200,9737,1221903,1222103
1455,35,9738,1222102,1222137
2725,97,9738,1222137,1222234
4103,183,9738,1222234,1222417
4750,229,9738,1458625,1458854
4922,240,9738,1458631,1458871
9699,84,9738,1222863,1222947
5248,109,9739,1222946,1223055
6081,192,9739,1223055,1223247
6200,66,9739,1223247,1223313
8242,157,9739,1223313,1223470
9891,187,9739,1223470,1223657
9922,225,9739,1458647,1458872
1018,179,9740,1223879,1224058
1771,139,9740,1224058,1224197
2935,202,9740,1224197,1224399
3047,36,9741,1224398,1224434
5359,132,9741,1224434,1224566
5448,284,9741,1474382,1474666
6827,281,9741,1458705,1458986
7702,172,9741,1225012,1225184
8216,10,9741,1225184,1225194
8600,10,9741,1225194,1225204
1891,167,9742,1225203,1225370
4905,128,9742,1225370,1225498
5151,163,9742,1225498,1225661
6118,79,9742,1225661,1225740
6912,27,9742,1225740,1225767
1003,240,9743,1458761,1459001
2853,69,9743,1225989,1226058
3602,179,9743,1226058,1226237
7846,278,9743,1458778,1459056
9689,222,9743,1226460,1226682
1743,202,9744,1226681,1226883
3355,86,9744,1226883,1226969
4608,37,9744,1226969,1227006
8987,257,9744,1458832,1459089
5814,182,9745,1227228,1227410
6326,257,9745,1458865,1459122
6865,100,9745,1227633,1227733
7448,239,9745,1458899,1459138
9059,22,9745,1227956,1227978
8804,296,9746,1475363,1475659
9607,61,9746,1228200,1228261
9655,49,9746,1228261,1228310
9785,265,9746,1458972,1459237
1063,155,9747,1228532,1228687
5699,252,9747,1459013,1459265
3169,152,9748,1228909,1229061
4312,142,9748,1229061,1229203
5969,227,9748,1459041,1459268
8011,6,9748,1229426,1229432
2746,34,9749,1229431,1229465
2818,274,9749,1459044,1459318
3955,285,9749,1474391,1474676
4022,27,9749,1229911,1229938
5600,93,9749,1229938,1230031
7213,153,9749,1230031,1230184
8350,85,9749,1230184,1230269
9340,174,9749,1230269,1230443
1232,180,9750,1230442,1230622
4768,276,9750,1459152,1459428
5055,72,9750,1230845,1230917
5743,205,9750,1230917,1231122
1579,196,9751,1231121,1231317
1955,206,9751,1231317,1231523
4891,74,9751,1231523,1231597
9016,98,9751,1231597,1231695
1265,192,9752,1231694,1231886
2583,189,9752,1231886,1232075
7303,93,9752,1232075,1232168
7470,191,9752,1232168,1232359
10000,118,9752,1232359,1232477
1485,144,9753,1232476,1232620
1873,28,9753,1232620,1232648
1884,207,9753,1232648,1232855
3374,233,9753,1459202,1459435
3633,263,9753,1459212,1459475
3996,197,9753,1233301,1233498
5227,287,9753,1474391,1474678
7281,239,9753,1459310,1459549
7434,146,9753,1233944,1234090
7641,184,9753,1234090,1234274
2939,185,9754,1234273,1234458
8669,246,9754,1459325,1459571
9711,172,9754,1234681,1234853
4055,279,9755,1459347,1459626
4664,167,9755,1235075,1235242
5989,292,9755,1474395,1474687
7224,182,9755,1235465,1235647
8367,12,9755,1235647,1235659
9636,156,9755,1235659,1235815
1306,16,9756,1235814,1235830
1442,227,9756,1459460,1459687
2687,13,9756,1236053,1236066
2695,174,9756,1236066,1236240
2855,12,9756,1236240,1236252
9807,139,9756,1236252,1236391
4264,123,9757,1236390,1236513
6989,270,9757,1459463,1459733
7268,265,9757,1459510,1459775
7926,92,9757,1236959,1237051
8275,191,9757,1237051,1237242
4613,122,9758,1237241,1237363
5198,104,9758,1237363,1237467
8498,213,9758,1237467,1237680
8949,148,9758,1237680,1237828
9967,157,9758,1237828,1237985
3210,273,9759,1459550,1459823
7319,253,9759,1459600,1459853
2645,16,9760,1238429,1238445
2726,21,9760,1238445,1238466
3950,166,9760,1238466,1238632
4473,4,9760,1238632,1238636
4792,73,9760,1238636,1238709
5378,130,9760,1238709,1238839
1716,266,9761,1459628,1459894
2169,239,9761,1459671,1459910
3911,218,9761,1239284,1239502
8635,209,9761,1239502,1239711
9889,104,9761,1239711,1239815
4217,190,9762,1239814,1240004
9218,4,9762,1240004,1240008
9779,258,9762,1459686,1459944
1319,274,9763,1459720,1459994
2428,221,9763,1240453,1240674
2488,3,9763,1240674,1240677
7589,59,9763,1240677,1240736
8345,98,9763,1240736,1240834
8834,25,9763,1240834,1240859
8948,9,9763,1240859,1240868
9649,256,9763,1459771,1460027
1799,296,9764,1475346,1475642
5389,264,9764,1459861,1460125
7734,194,9764,1241536,1241730
6281,227,9765,1459901,1460128
1513,269,9766,1459904,1460173
1659,145,9766,1242174,1242319
2432,104,9766,1242319,1242423
2912,298,9766,1475345,1475643
7098,184,9766,1242646,1242830
7838,254,9766,1460008,1460262
8068,197,9766,1243053,1243250
8898,280,9766,1460039,1460319
9335,109,9766,1243473,1243582
9943,196,9766,1243582,1243778
1288,89,9767,1243777,1243866
2632,207,9767,1243866,1244073
2909,123,9767,1244073,1244196
4495,290,9767,1474422,1474712
7459,31,9767,1244419,1244450
9584,120,9767,1244450,1244570
1193,10,9768,1244569,1244579
1660,74,9768,1244579,1244653
3229,59,9768,1244653,1244712
4488,254,9768,1460152,1460406
5506,244,9768,1460183,1460427
8252,298,9768,1475346,1475644
3589,277,9769,1460261,1460538
5753,200,9769,1245603,1245803
6968,295,9769,1474443,1474738
7618,97,9769,1246026,1246123
7872,3,9769,1246123,1246126
1853,265,9770,1460372,1460637
2799,57,9770,1246348,1246405
4568,290,9770,1474456,1474746
8330,146,9770,1246628,1246774
9727,142,9770,1246774,1246916
6870,295,9771,1474464,1474759
3087,60,9772,1247137,1247197
4686,50,9772,1247197,1247247
4953,251,9772,1460528,1460779
6256,209,9772,1247470,1247679
7325,256,9772,1460556,1460812
3091,178,9773,1247901,1248079
6313,287,9773,1474476,1474763
6564,130,9773,1248302,1248432
7775,272,9773,1460646,1460918
8931,48,9773,1248655,1248703
9682,100,9773,1248703,1248803
6803,94,9774,1248802,1248896
8544,231,9774,1460694,1460925
9017,73,9774,1249119,1249192
9195,201,9774,1249192,1249393
9948,190,9774,1249393,1249583
4179,180,9775,1249582,1249762
4556,161,9775,1249762,1249923
5686,68,9775,1249923,1249991
6925,216,9775,1249991,1250207
7949,147,9775,1250207,1250354
8902,265,9775,1460701,1460966
4595,100,9776,1250576,1250676
6059,80,9776,1250676,1250756
7112,156,9776,1250756,1250912
7380,42,9776,1250912,1250954
2886,134,9777,1250953,1251087
5462,130,9777,1251087,1251217
5534,243,9777,1460741,1460984
8178,148,9777,1251440,1251588
8793,160,9777,1251588,1251748
3181,4,9778,1251747,1251751
3183,226,9778,1460760,1460986
3455,251,9778,1460763,1461014
5442,36,9778,1252197,1252233
9252,232,9778,1460791,1461023
2531,236,9780,1460798,1461034
1805,184,9781,1252676,1252860
3603,35,9781,1252860,1252895
3771,47,9781,1252895,1252942
4429,46,9781,1252942,1252988
5913,206,9781,1252988,1253194
3020,64,9782,1253193,1253257
5147,12,9782,1253257,1253269
6131,266,9782,1460809,1461075
3809,84,9783,1253491,1253575
5696,47,9783,1253575,1253622
5731,100,9783,1253622,1253722
8095,287,9783,1474472,1474759
8333,34,9783,1253945,1253979
9127,62,9783,1253979,1254041
1128,259,9784,1460908,1461167
3121,288,9784,1474477,1474765
3302,39,9784,1254486,1254525
4255,124,9784,1254525,1254649
4333,46,9784,1254649,1254695
8239,280,9784,1461002,1461282
8962,269,9784,1461059,1461328
2275,138,9785,1255140,1255278
2837,254,9785,1461104,1461358
8174,183,9785,1255501,1255684
3358,106,9786,1255683,1255789
3463,44,9786,1255789,1255833
4047,149,9786,1255833,1255982
6338,217,9786,1255982,1256199
2064,162,9787,1256198,1256360
4063,65,9787,1256360,1256425
5737,285,9787,1474481,1474766
5880,179,9787,1256648,1256827
6929,258,9787,1461191,1461449
8694,33,9787,1257050,1257083
9108,189,9787,1257083,1257272
2138,201,9788,1257271,1257472
2872,45,9788,1257472,1257517
5085,126,9788,1257517,1257643
5380,160,9788,1257643,1257803
5634,142,9788,1257803,1257945
1057,276,9789,1461224,1461500
5872,276,9789,1461277,1461553
3201,113,9790,1258389,1258502
5275,274,9790,1461329,1461603
9269,12,9790,1258725,1258737
9671,121,9790,1258737,1258858
4029,129,9791,1258857,1258986
8857,199,9791,1258986,1259185
1978,260,9792,1461378,1461638
2501,37,9792,1259407,1259444
4235,264,9792,1461415,1461679
4925,56,9792,1259667,1259723
3625,38,9793,1259722,1259760
4019,223,9793,1259760,1259983
4843,40,9793,1259983,1260023
5609,58,9793,1260023,1260081
9418,185,9793,1260081,1260266
5619,167,9794,1260265,1260432
5898,269,9794,1461454,1461723
6476,149,9794,1260655,1260804
6638,23,9794,1260804,1260827
9566,6,9794,1260827,1260833
9666,266,9794,1461500,1461766
9975,157,9794,1261056,1261213
2043,268,9795,1461542,1461810
3651,2,9795,1261435,1261437
3981,275,9795,1461587,1461862
8013,296,9795,1475322,1475618
8553,207,9795,1261883,1262090
9296,153,9795,1262090,1262243
5613,240,9796,1461696,1461936
7993,278,9796,1461713,1461991
1904,27,9797,1262687,1262714
2017,5,9797,1262714,1262719
5137,97,9797,1262719,1262816
5742,8,9797,1262816,1262824
6116,29,9797,1262824,1262853
8521,43,9797,1262853,1262896
9445,236,9797,1461767,1462003
1693,259,9798,1461779,1462038
3322,122,9798,1263341,1263463
4173,225,9798,1461815,1462040
4351,95,9798,1263686,1263781
5833,61,9798,1263781,1263842
7777,197,9798,1263842,1264039
8187,223,9798,1264039,1264262
8441,25,9798,1264262,1264287
3067,254,9799,1461816,1462070
7763,161,9799,1264509,1264670
7839,257,9799,1461847,1462104
9287,276,9799,1461881,1462157
4820,163,9800,1265115,1265278
6093,248,9800,1461933,1462181
6637,109,9800,1265501,1265610
7937,83,9800,1265610,1265693
9409,3,9800,1265693,1265696
9606,253,9800,1461958,1462211
2973,276,9801,1461987,1462263
8515,297,9801,1475317,1475614
2708,214,9803,1266362,1266576
4246,153,9803,1266576,1266729
8695,146,9803,1266729,1266875
9739,39,9803,1266875,1266914
3267,247,9804,1462095,1462342
4811,18,9804,1267136,1267154
7792,169,9804,1267154,1267323
9422,289,9804,1474496,1474785
9615,250,9804,1462177,1462427
4573,72,9805,1267768,1267840
5789,135,9805,1267840,1267975
1602,259,9806,1462202,1462461
2314,49,9806,1268197,1268246
3448,237,9806,1462238,1462475
8502,239,9806,1462252,1462491
9527,138,9806,1268692,1268830
2605,20,9807,1268829,1268849
6749,223,9807,1268849,1269072
6871,20,9807,1269072,1269092
1982,4,9808,1269091,1269095
2798,284,9808,1474500,1474784
4280,208,9808,1269318,1269526
4683,289,9808,1474503,1474792
4515,24,9809,1269748,1269772
6466,98,9809,1269772,1269870
6922,156,9809,1269870,1270026
7130,134,9809,1270026,1270160
9824,13,9809,1270160,1270173
1072,226,9810,1462380,1462606
5311,12,9810,1270395,1270407
6244,80,9810,1270407,1270487
8661,109,9810,1270487,1270596
9063,202,9810,1270596,1270798
3775,176,9811,1270797,1270973
8623,95,9811,1270973,1271068
3219,110,9812,1271067,1271177
3401,189,9812,1271177,1271366
3750,176,9812,1271366,1271542
4872,99,9812,1271542,1271641
8862,98,9812,1271641,1271739
1626,126,9813,1271738,1271864
6764,266,9813,1462380,1462646
6979,66,9813,1272087,1272153
2375,250,9814,1462422,1462672
2567,24,9814,1272375,1272399
2604,132,9814,1272399,1272531
2888,284,9814,1474505,1474789
5647,86,9814,1272754,1272840
6219,276,9814,1462507,1462783
7502,185,9814,1273063,1273248
9370,206,9814,1273248,1273454
1287,194,9815,1273453,1273647
9395,54,9815,1273647,1273701
1483,197,9816,1273700,1273897
3863,281,9816,1462558,1462839
1298,270,9817,1462615,1462885
2080,217,9817,1274342,1274559
4389,18,9817,1274559,1274577
4829,114,9817,1274577,1274691
5024,224,9817,1462662,1462886
8763,185,9817,1274914,1275099
9981,146,9817,1275099,1275245
4708,140,9818,1275244,1275384
6445,263,9819,1462661,1462924
7416,7,9819,1275606,1275613
7735,57,9819,1275613,1275670
5172,139,9820,1275669,1275808
5405,296,9820,1475300,1475596
5709,189,9820,1276031,1276220
6098,50,9820,1276220,1276270
8858,289,9820,1474516,1474805
9322,139,9820,1276493,1276632
4547,41,9821,1276631,1276672
6208,50,9821,1276672,1276722
6566,158,9821,1276722,1276880
7285,196,9821,1276880,1277076
7807,60,9821,1277076,1277136
8486,216,9821,1277136,1277352
8608,113,9821,1277352,1277465
9263,78,9821,1277465,1277543
1114,78,9822,1277542,1277620
3429,80,9822,1277620,1277700
4632,215,9822,1277700,1277915
5001,292,9822,1474522,1474814
5008,199,9822,1278138,1278337
5708,275,9822,1462872,1463147
6864,109,9822,1278560,1278669
8522,183,9822,1278669,1278852
9609,145,9822,1278852,1278997
2543,235,9823,1462923,1463158
3200,53,9823,1279219,1279272
7929,103,9823,1279272,1279375
9308,140,9823,1279375,1279515
2903,160,9824,1279514,1279674
3154,68,9824,1279674,1279742
4150,131,9824,1279742,1279873
5606,63,9824,1279873,1279936
5698,84,9824,1279936,1280020
7145,292,9824,1474531,1474823
2186,1,9825,1280242,1280243
3043,169,9825,1280243,1280412
3522,44,9825,1280412,1280456
5382,42,9825,1280456,1280498
3688,49,9826,1280497,1280546
9843,297,9826,1475295,1475592
1024,199,9827,1280768,1280967
3497,296,9827,1475296,1475592
5907,140,9827,1281190,1281330
7581,259,9827,1463105,1463364
8186,198,9827,1281553,1281751
8237,247,9827,1463141,1463388
9389,209,9827,1281974,1282183
9497,15,9827,1282183,1282198
7661,211,9828,1282197,1282408
9548,136,9828,1282408,1282544
1356,217,9829,1282543,1282760
5479,87,9829,1282760,1282847
6983,93,9829,1282847,1282940
2321,266,9830,1463162,1463428
4727,169,9830,1283162,1283331
7369,131,9830,1283331,1283462
7515,237,9830,1463205,1463442
8321,95,9830,1283685,1283780
1528,90,9831,1283779,1283869
1935,17,9831,1283869,1283886
2616,186,9831,1283886,1284072
8103,47,9831,1284072,1284119
1142,100,9832,1284118,1284218
1427,168,9832,1284218,1284386
2304,84,9832,1284386,1284470
3383,188,9832,1284470,1284658
7341,178,9832,1284658,1284836
8534,70,9832,1284836,1284906
8702,106,9832,1284906,1285012
1812,35,9833,1285011,1285046
7445,23,9833,1285046,1285069
8686,184,9833,1285069,1285253
1606,201,9834,1285252,1285453
2475,239,9834,1463215,1463454
2578,35,9834,1285676,1285711
7228,52,9834,1285711,1285763
5850,143,9835,1285762,1285905
6248,95,9835,1285905,1286000
9294,160,9835,1286000,1286160
9817,173,9835,1286160,1286333
1055,117,9836,1286332,1286449
8854,70,9836,1286449,1286519
9044,279,9836,1463229,1463508
1129,289,9837,1474557,1474846
4239,46,9837,1286964,1287010
5728,92,9837,1287010,1287102
1586,66,9838,1287101,1287167
4631,178,9838,1287167,1287345
7216,113,9838,1287345,1287458
8499,87,9838,1287458,1287545
3480,134,9839,1287544,1287678
3558,5,9839,1287678,1287683
7849,214,9839,1287683,1287897
8886,110,9839,1287897,1288007
3081,40,9840,1288006,1288046
5949,87,9840,1288046,1288133
6755,221,9841,1288132,1288353
7484,112,9841,1288353,1288465
8734,132,9841,1288465,1288597
8875,86,9841,1288597,1288683
9595,149,9841,1288683,1288832
6168,136,9842,1288831,1288967
7966,245,9842,1463337,1463582
1699,119,9843,1289189,1289308
1964,14,9843,1289308,1289322
4665,21,9843,1289322,1289343
6507,242,9843,1463358,1463600
7828,95,9843,1289566,1289661
1894,164,9844,1289660,1289824
3889,24,9844,1289824,1289848
4328,94,9844,1289848,1289942
4889,216,9844,1289942,1290158
5601,96,9844,1290158,1290254
6668,54,9844,1290254,1290308
5578,129,9845,1290307,1290436
9071,265,9845,1463375,1463640
7898,68,9846,1290658,1290726
8926,123,9846,1290726,1290849
2819,210,9847,1290848,1291058
3978,231,9847,1463415,1463646
8848,56,9847,1291281,1291337
9762,191,9847,1291337,1291528
1786,281,9848,1463422,1463703
2242,271,9848,1463480,1463751
7517,43,9848,1291973,1292016
1398,214,9849,1292015,1292229
1967,293,9849,1474553,1474846
2671,277,9849,1463585,1463862
4703,77,9849,1292675,1292752
9295,23,9849,1292752,1292775
1257,279,9850,1463638,1463917
1574,71,9850,1292997,1293068
2529,195,9850,1293068,1293263
2634,275,9850,1463694,1463969
4844,220,9850,1293486,1293706
6120,263,9850,1463746,1464009
6324,88,9851,1293928,1294016
8341,154,9851,1294016,1294170
1138,12,9852,1294169,1294181
2765,23,9852,1294181,1294204
5799,282,9852,1474562,1474844
7699,7,9852,1294427,1294434
5879,4,9853,1294433,1294437
2022,277,9854,1463840,1464117
5694,193,9854,1294659,1294852
7940,295,9854,1474561,1474856
2413,228,9855,1463951,1464179
3205,151,9855,1295297,1295448
5633,230,9855,1463956,1464186
7142,167,9855,1295671,1295838
8560,204,9855,1295838,1296042
8658,9,9855,1296042,1296051
1415,248,9856,1463962,1464210
5449,219,9856,1296273,1296492
5518,282,9856,1474573,1474855
5639,188,9856,1296715,1296903
5752,165,9856,1296903,1297068
5836,102,9856,1297068,1297170
7437,266,9856,1464045,1464311
7479,149,9856,1297393,1297542
3005,186,9857,1297541,1297727
4976,235,9857,1464087,1464322
7587,299,9858,1475266,1475565
9500,153,9858,1298172,1298325
3531,289,9859,1474585,1474874
3884,217,9859,1298547,1298764
6379,106,9859,1298764,1298870
3904,21,9860,1298869,1298890
4471,269,9860,1464212,1464481
6148,294,9860,1474592,1474886
8153,256,9860,1464316,1464572
8672,33,9860,1299559,1299592
2566,300,9861,1475324,1475624
2737,212,9861,1299814,1300026
3503,54,9861,1300026,1300080
7905,274,9861,1464406,1464680
1280,196,9862,1300302,1300498
2571,130,9862,1300498,1300628
3097,166,9862,1300628,1300794
4256,72,9862,1300794,1300866
5522,50,9862,1300866,1300916
6386,259,9862,1464456,1464715
6697,216,9862,1301139,1301355
9169,103,9862,1301355,1301458
9401,132,9862,1301458,1301590
8371,181,9863,1301589,1301770
2868,98,9864,1301769,1301867
4296,89,9864,1301867,1301956
5492,279,9864,1464490,1464769
6014,38,9864,1302179,1302217
3365,29,9865,1302216,1302245
3684,205,9865,1302245,1302450
6229,173,9865,1302450,1302623
6891,13,9865,1302623,1302636
8038,282,9865,1474614,1474896
8423,230,9865,1464603,1464833
8872,69,9865,1303082,1303151
9865,137,9865,1303151,1303288
2365,262,9866,1464609,1464871
7256,207,9866,1303510,1303717
9551,234,9866,1464648,1464882
2223,81,9867,1303939,1304020
3842,54,9867,1304020,1304074
6083,230,9867,1464658,1464888
7724,139,9867,1304297,1304436
7736,96,9867,1304436,1304532
1947,147,9868,1304531,1304678
3879,254,9868,1464664,1464918
6252,203,9868,1304901,1305104
7305,224,9868,1464695,1464919
5110,212,9869,1305326,1305538
5946,218,9869,1305538,1305756
2179,170,9870,1305755,1305925
2720,171,9870,1305925,1306096
3605,149,9870,1306096,1306245
8139,206,9870,1306245,1306451
2494,79,9871,1306450,1306529
2555,111,9871,1306529,1306640
3814,191,9871,1306640,1306831
5313,178,9871,1306831,1307009
1499,293,9872,1474608,1474901
2944,212,9872,1307231,1307443
3597,65,9872,1307443,1307508
4353,226,9872,1464750,1464976
4836,81,9872,1307731,1307812
4896,91,9872,1307812,1307903
6254,78,9872,1307903,1307981
8210,195,9872,1307981,1308176
9737,175,9872,1308176,1308351
1650,150,9873,1308350,1308500
3141,186,9873,1308500,1308686
3710,161,9873,1308686,1308847
8541,221,9873,1308847,1309068
8816,182,9873,1309068,1309250
8871,184,9873,1309250,1309434
5677,242,9874,1464751,1464993
7111,237,9874,1464770,1465007
8612,222,9874,1309879,1310101
2082,281,9875,1464783,1465064
2415,8,9875,1310323,1310331
5505,165,9875,1310331,1310496
9012,63,9875,1310496,1310559
9329,217,9875,1310559,1310776
2718,2,9876,1310775,1310777
2822,127,9876,1310777,1310904
4169,278,9876,1464840,1465118
4455,117,9876,1311127,1311244
7654,204,9876,1311244,1311448
9702,166,9876,1311448,1311614
1149,295,9877,1474615,1474910
2441,250,9877,1464952,1465202
5920,217,9877,1312059,1312276
6748,252,9877,1464979,1465231
7028,219,9877,1312499,1312718
7042,269,9877,1465008,1465277
8308,206,9877,1312941,1313147
8519,56,9877,1313147,1313203
2664,11,9878,1313202,1313213
4957,49,9878,1313213,1313262
5381,44,9878,1313262,1313306
8218,202,9878,1313306,1313508
8664,69,9878,1313508,1313577
9794,88,9878,1313577,1313665
1768,52,9879,1313664,1313716
2364,142,9879,1313716,1313858
4774,289,9879,1474627,1474916
4135,218,9880,1314080,1314298
4186,15,9880,1314298,1314313
5063,273,9880,1465109,1465382
9774,109,9880,1314536,1314645
1140,28,9881,1314644,1314672
3131,153,9882,1314671,1314824
4803,278,9882,1465157,1465435
5407,82,9882,1315047,1315129
7943,299,9882,1475250,1475549
2158,275,9883,1465269,1465544
4738,245,9883,1465321,1465566
5498,36,9883,1315797,1315833
6586,203,9883,1315833,1316036
6767,225,9883,1465343,1465568
7244,127,9883,1316259,1316386
8603,290,9883,1474645,1474935
2181,142,9884,1316608,1316750
6132,209,9884,1316750,1316959
6782,168,9884,1316959,1317127
7191,17,9884,1317127,1317144
9231,140,9884,1317144,1317284
2954,57,9885,1317283,1317340
4111,244,9885,1465401,1465645
6741,69,9885,1317563,1317632
7480,114,9885,1317632,1317746
9104,264,9885,1465422,1465686
3453,140,9886,1317968,1318108
6575,118,9886,1318108,1318226
7633,256,9886,1465462,1465718
8008,204,9886,1318449,1318653
8798,218,9886,1318653,1318871
9196,52,9886,1318871,1318923
1527,226,9887,1465494,1465720
1737,261,9888,1465496,1465757
2090,90,9888,1319367,1319457
3695,29,9888,1319457,1319486
6915,206,9888,1319486,1319692
7718,57,9888,1319692,1319749
8933,189,9888,1319749,1319938
9459,265,9888,1465534,1465799
1749,35,9889,1320160,1320195
2552,285,9889,1474648,1474933
2161,105,9890,1320417,1320522
3112,10,9890,1320522,1320532
4497,31,9890,1320532,1320563
5590,67,9890,1320563,1320630
6311,58,9890,1320630,1320688
9107,89,9890,1320688,1320777
9132,58,9890,1320777,1320835
9275,9,9890,1320835,1320844
2496,278,9891,1465631,1465909
5846,9,9891,1321066,1321075
9311,6,9891,1321075,1321081
9318,98,9891,1321081,1321179
9885,149,9891,1321179,1321328
2859,135,9892,1321327,1321462
3335,178,9892,1321462,1321640
4721,258,9892,1465685,1465943
5059,139,9892,1321863,1322002
9953,214,9892,1322002,1322216
1687,231,9893,1465719,1465950
3713,31,9893,1322438,1322469
4688,53,9893,1322469,1322522
5585,199,9893,1322522,1322721
5691,28,9893,1322721,1322749
6154,257,9893,1465727,1465984
7066,176,9893,1322972,1323148
7510,75,9893,1323148,1323223
7862,135,9893,1323223,1323358
1383,146,9894,1323357,1323503
3604,178,9894,1323503,1323681
4342,274,9894,1465760,1466034
4656,246,9894,1465811,1466057
5433,288,9894,1474647,1474935
5770,2,9894,1324350,1324352
8518,288,9894,1474654,1474942
8736,224,9894,1465950,1466174
1393,18,9895,1324797,1324815
2279,228,9895,1465950,1466178
6677,227,9895,1465955,1466182
7114,45,9895,1325261,1325306
1806,29,9896,1325305,1325334
2167,8,9896,1325334,1325342
2502,283,9896,1474659,1474942
2574,233,9896,1466016,1466249
3690,185,9896,1325788,1325973
7665,8,9896,1325973,1325981
8622,200,9896,1325981,1326181
1361,88,9897,1326180,1326268
2098,240,9897,1466025,1466265
5305,70,9897,1326491,1326561
7832,79,9897,1326561,1326640
7847,47,9897,1326640,1326687
7871,12,9897,1326687,1326699
2940,191,9898,1326698,1326889
3328,184,9898,1326889,1327073
9035,298,9898,1475238,1475536
2938,286,9899,1474672,1474958
7426,220,9899,1327518,1327738
9345,130,9899,1327738,1327868
2001,209,9900,1327867,1328076
2443,217,9900,1328076,1328293
3258,180,9900,1328293,1328473
9285,187,9900,1328473,1328660
9950,29,9900,1328660,1328689
3211,215,9901,1328688,1328903
4436,111,9901,1328903,1329014
9450,269,9901,1466154,1466423
5662,87,9902,1329236,1329323
7188,240,9902,1466199,1466439
1089,272,9903,1466215,1466487
1727,10,9903,1329768,1329778
2408,24,9903,1329778,1329802
7214,51,9903,1329802,1329853
9307,25,9903,1329853,1329878
3053,169,9904,1329877,1330046
3805,37,9904,1330046,1330083
1021,37,9905,1330082,1330119
3726,35,9905,1330119,1330154
4588,156,9905,1330154,1330310
5602,71,9905,1330310,1330381
6224,101,9905,1330381,1330482
9328,59,9905,1330482,1330541
2537,257,9906,1466261,1466518
3475,87,9906,1330763,1330850
4247,228,9906,1466295,1466523
6315,34,9906,1331073,1331107
6493,240,9906,1466300,1466540
6517,126,9906,1331330,1331456
1562,205,9907,1331455,1331660
4452,278,9907,1466316,1466594
7825,46,9907,1331883,1331929
8849,166,9907,1331929,1332095
2405,298,9908,1475231,1475529
7566,126,9908,1332317,1332443
7687,81,9908,1332443,1332524
8451,43,9908,1332524,1332567
9842,286,9908,1474682,1474968
3880,267,9909,1466485,1466752
6988,151,9909,1333012,1333163
8717,229,9909,1466529,1466758
4461,237,9910,1466534,1466771
5044,53,9910,1333608,1333661
7824,236,9910,1466548,1466784
8419,208,9910,1333884,1334092
8601,54,9910,1334092,1334146
6852,152,9911,1334145,1334297
7251,229,9911,1466560,1466789
7568,140,9911,1334520,1334660
9377,224,9911,1466566,1466790
1141,195,9912,1334882,1335077
3079,133,9912,1335077,1335210
4711,1,9912,1335210,1335211
5344,64,9912,1335211,1335275
9705,66,9912,1335275,1335341
7513,26,9913,1335340,1335366
2341,283,9914,1474681,1474964
3242,74,9914,1335588,1335662
3893,35,9914,1335662,1335697
2153,110,9915,1335696,1335806
7433,103,9915,1335806,1335909
1848,257,9916,1466620,1466877
3850,249,9916,1466654,1466903
4628,16,9916,1336354,1336370
8361,177,9916,1336370,1336547
2353,285,9917,1474680,1474965
5788,72,9917,1336769,1336841
8263,23,9917,1336841,1336864
2446,47,9918,1336863,1336910
4107,151,9918,1336910,1337061
1182,48,9919,1337060,1337108
2342,285,9919,1474682,1474967
5398,41,9919,1337331,1337372
8376,255,9919,1466793,1467048
8650,131,9919,1337595,1337726
9533,29,9919,1337726,1337755
2711,270,9920,1466824,1467094
2945,13,9920,1337977,1337990
5414,289,9920,1474685,1474974
7893,270,9920,1466929,1467199
1120,100,9921,1338435,1338535
2057,140,9921,1338535,1338675
3486,60,9921,1338675,1338735
4181,153,9921,1338735,1338888
4712,105,9921,1338888,1338993
7031,37,9921,1338993,1339030
7155,190,9921,1339030,1339220
7443,135,9921,1339220,1339355
9430,108,9921,1339355,1339463
9861,66,9921,1339463,1339529
2882,113,9922,1339528,1339641
3457,275,9922,1466974,1467249
3567,130,9922,1339864,1339994
3570,34,9922,1339994,1340028
3580,65,9922,1340028,1340093
4761,249,9922,1467026,1467275
6433,57,9922,1340316,1340373
6541,183,9922,1340373,1340556
7171,296,9922,1475220,1475516
2735,122,9923,1340778,1340900
4142,86,9923,1340900,1340986
4424,37,9923,1340986,1341023
4714,195,9923,1341023,1341218
5520,3,9923,1341218,1341221
6279,257,9923,1467109,1467366
9152,98,9923,1341444,1341542
9578,40,9923,1341542,1341582
2842,134,9924,1341581,1341715
3093,269,9924,1467142,1467411
4630,103,9924,1341938,1342041
6642,118,9924,1342041,1342159
8023,196,9924,1342159,1342355
8825,208,9924,1342355,1342563
9491,129,9925,1342562,1342691
1419,165,9926,1342690,1342855
3720,75,9926,1342855,1342930
6170,135,9926,1342930,1343065
6759,153,9926,1343065,1343218
9915,264,9927,1467185,1467449
1814,204,9928,1343439,1343643
3162,185,9928,1343643,1343828
4496,211,9928,1343828,1344039
5043,204,9929,1344038,1344242
8198,195,9929,1344242,1344437
3048,293,9930,1474697,1474990
4030,222,9930,1344659,1344881
5538,149,9930,1344881,1345030
5998,71,9930,1345030,1345101
6021,85,9930,1345101,1345186
6607,261,9930,1467281,1467542
3294,157,9931,1345408,1345565
4970,6,9931,1345565,1345571
5156,78,9931,1345571,1345649
5174,145,9931,1345649,1345794
6797,267,9931,1467318,1467585
7637,73,9931,1346017,1346090
6307,157,9932,1346089,1346246
7441,177,9932,1346246,1346423
8226,273,9932,1467361,1467634
2278,12,9933,1346645,1346657
4393,154,9933,1346657,1346811
8568,39,9933,1346811,1346850
2028,169,9934,1346849,1347018
3058,213,9934,1347018,1347231
4314,48,9934,1347231,1347279
5657,179,9934,1347279,1347458
7622,165,9934,1347458,1347623
9880,61,9934,1347623,1347684
1041,59,9935,1347683,1347742
1701,272,9935,1467408,1467680
3373,11,9935,1347965,1347976
8768,240,9935,1467457,1467697
9800,164,9935,1348199,1348363
1710,68,9936,1348362,1348430
2890,198,9936,1348430,1348628
4616,101,9936,1348628,1348729
9468,296,9936,1475207,1475503
4064,29,9937,1348951,1348980
6946,74,9937,1348980,1349054
9588,249,9937,1467530,1467779
3271,215,9938,1349276,1349491
3854,99,9938,1349491,1349590
5445,124,9938,1349590,1349714
7253,19,9938,1349714,1349733
7671,267,9938,1467555,1467822
9797,118,9938,1349956,1350074
6340,253,9939,1467598,1467851
7259,26,9939,1350296,1350322
4586,31,9940,1350321,1350352
6068,45,9940,1350352,1350397
6282,235,9940,1467627,1467862
7850,149,9940,1350620,1350769
2426,236,9941,1467638,1467874
2877,246,9941,1467651,1467897
3426,263,9941,1467674,1467937
3994,165,9941,1351437,1351602
4511,20,9941,1351602,1351622
4685,246,9941,1467714,1467960
5242,219,9941,1351845,1352064
5612,154,9941,1352064,1352218
6043,108,9941,1352218,1352326
7716,280,9941,1467737,1468017
9516,280,9941,1467794,1468074
2860,186,9942,1352771,1352957
3886,121,9942,1352957,1353078
5323,72,9942,1353078,1353150
5426,77,9942,1353150,1353227
4323,245,9943,1467849,1468094
1340,26,9944,1353448,1353474
4250,253,9944,1467870,1468123
1029,224,9945,1467899,1468123
3411,234,9945,1467900,1468134
4249,205,9945,1354142,1354347
5925,87,9945,1354347,1354434
7630,197,9945,1354434,1354631
7797,90,9945,1354631,1354721
8408,148,9945,1354721,1354869
9847,139,9945,1354869,1355008
3074,189,9946,1355007,1355196
3733,205,9946,1355196,1355401
4354,206,9946,1355401,1355607
4639,108,9946,1355607,1355715
4958,95,9946,1355715,1355810
6657,284,9946,1474707,1474991
6985,275,9946,1467968,1468243
7335,62,9946,1356256,1356318
8531,182,9946,1356318,1356500
3760,174,9947,1356499,1356673
5206,131,9947,1356673,1356804
1661,29,9948,1356803,1356832
8785,60,9948,1356832,1356892
3612,191,9949,1356891,1357082
4128,135,9949,1357082,1357217
4522,56,9949,1357217,1357273
8972,58,9949,1357273,1357331
1702,149,9950,1357330,1357479
2058,49,9950,1357479,1357528
2166,8,9950,1357528,1357536
3172,43,9950,1357536,1357579
3465,46,9950,1357579,1357625
4523,183,9950,1357625,1357808
8315,13,9950,1357808,1357821
4066,192,9951,1357820,1358012
4376,287,9951,1474705,1474992
6382,74,9951,1358235,1358309
9838,85,9951,1358309,1358394
1558,38,9952,1358393,1358431
3108,157,9952,1358431,1358588
3142,130,9952,1358588,1358718
6203,15,9952,1358718,1358733
6419,142,9952,1358733,1358875
7904,31,9952,1358875,1358906
9504,216,9952,1358906,1359122
9667,96,9952,1359122,1359218
7199,106,9953,1359217,1359323
8057,52,9953,1359323,1359375
9708,59,9953,1359375,1359434
1943,136,9954,1359433,1359569
2262,74,9954,1359569,1359643
5261,218,9954,1359643,1359861
5705,74,9954,1359861,1359935
6149,26,9954,1359935,1359961
6694,281,9954,1468070,1468351
6874,120,9954,1360184,1360304
6939,148,9954,1360304,1360452
6978,88,9954,1360452,1360540
5889,76,9955,1360539,1360615
7534,220,9955,1360615,1360835
7265,37,9956,1360834,1360871
9638,4,9956,1360871,1360875
4799,67,9957,1360874,1360941
1169,29,9958,1360940,1360969
2827,42,9958,1360969,1361011
4032,14,9958,1361011,1361025
7077,284,9958,1474704,1474988
1069,135,9959,1361247,1361382
6012,171,9959,1361382,1361553
7381,169,9959,1361553,1361722
9633,201,9959,1361722,1361923
1095,151,9960,1361922,1362073
4985,43,9961,1362072,1362115
6339,15,9961,1362115,1362130
1050,43,9962,1362129,1362172
7003,126,9962,1362172,1362298
8485,269,9962,1468178,1468447
5942,168,9963,1362520,1362688
9476,194,9963,1362688,1362882
2307,48,9964,1362881,1362929
2657,65,9964,1362929,1362994
3943,140,9964,1362994,1363134
5281,184,9964,1363134,1363318
5537,248,9964,1468222,1468470
6618,55,9964,1363541,1363596
8099,122,9964,1363596,1363718
8209,213,9964,1363718,1363931
8381,95,9964,1363931,1364026
2271,300,9965,1475221,1475521
4254,85,9965,1364248,1364333
4428,45,9965,1364333,1364378
5892,109,9965,1364378,1364487
6494,46,9965,1364487,1364533
2455,170,9966,1364532,1364702
3808,32,9966,1364702,1364734
9284,98,9966,1364734,1364832
1285,169,9967,1364831,1365000
1681,9,9967,1365000,1365009
2367,24,9967,1365009,1365033
4706,76,9967,1365033,1365109
6471,51,9967,1365109,1365160
6731,147,9967,1365160,1365307
6817,7,9967,1365307,1365314
7342,201,9967,1365314,1365515
9398,217,9967,1365515,1365732
3015,59,9968,1365731,1365790
8279,181,9968,1365790,1365971
2908,299,9969,1475179,1475478
7220,14,9969,1366193,1366207
1131,128,9970,1366206,1366334
1836,272,9970,1468357,1468629
6729,75,9970,1366557,1366632
8159,151,9970,1366632,1366783
3010,268,9971,1468405,1468673
7150,253,9971,1468450,1468703
1865,104,9972,1367227,1367331
3524,234,9972,1468479,1468713
5411,30,9972,1367554,1367584
6239,70,9972,1367584,1367654
7818,297,9972,1475180,1475477
2557,136,9973,1367876,1368012
9431,165,9973,1368012,1368177
9710,4,9973,1368177,1368181
1068,231,9975,1468545,1468776
3143,140,9975,1368402,1368542
3189,134,9975,1368542,1368676
5041,218,9975,1368676,1368894
6223,216,9975,1368894,1369110
6733,49,9975,1369110,1369159
1770,300,9976,1475211,1475511
3542,87,9976,1369381,1369468
4773,231,9976,1468610,1468841
4993,91,9976,1369691,1369782
5997,245,9976,1468618,1468863
9925,36,9976,1370005,1370041
5444,73,9977,1370040,1370113
7575,63,9977,1370113,1370176
1680,278,9978,1468638,1468916
3513,154,9978,1370398,1370552
5676,202,9978,1370552,1370754
6511,21,9978,1370754,1370775
9744,248,9978,1468693,1468941
2714,150,9979,1370997,1371147
2814,95,9979,1371147,1371242
3099,106,9979,1371242,1371348
4065,20,9979,1371348,1371368
4701,256,9979,1468717,1468973
8380,102,9979,1371591,1371693
9137,113,9979,1371693,1371806
9549,34,9979,1371806,1371840
1971,282,9980,1474741,1475023
6845,162,9981,1372061,1372223
7605,155,9981,1372223,1372378
8258,201,9981,1372378,1372579
8436,81,9981,1372579,1372660
9364,94,9981,1372660,1372754
2493,280,9982,1468805,1469085
6606,117,9982,1372976,1373093
5056,204,9983,1373092,1373296
5149,231,9983,1468861,1469092
6128,22,9983,1373519,1373541
6158,225,9983,1468869,1469094
9613,254,9983,1468871,1469125
2284,148,9984,1373986,1374134
6031,192,9984,1374134,1374326
7273,100,9984,1374326,1374426
8754,228,9984,1468901,1469129
4120,239,9985,1468905,1469144
4591,79,9985,1374871,1374950
4612,7,9985,1374950,1374957
1560,220,9986,1374956,1375176
2767,128,9986,1375176,1375304
4755,198,9986,1375304,1375502
4973,115,9986,1375502,1375617
5831,136,9986,1375617,1375753
5941,40,9986,1375753,1375793
8675,169,9986,1375793,1375962
9792,218,9986,1375962,1376180
1724,205,9987,1376179,1376384
4276,46,9987,1376384,1376430
7192,236,9987,1468919,1469155
1013,246,9988,1468931,1469177
1203,228,9988,1468954,1469182
1497,268,9988,1468959,1469227
1914,25,9988,1377321,1377346
2192,278,9988,1469004,1469282
5118,222,9988,1377569,1377791
5730,163,9988,1377791,1377954
6025,191,9988,1377954,1378145
6095,132,9988,1378145,1378277
6535,167,9988,1378277,1378444
7852,240,9988,1469059,1469299
8446,49,9988,1378667,1378716
4519,65,9989,1378715,1378780
8283,245,9989,1469075,1469320
9567,293,9989,1474733,1475026
2197,151,9990,1379225,1379376
5079,234,9990,1469154,1469388
7263,26,9990,1379599,1379625
7930,162,9990,1379625,1379787
7989,94,9990,1379787,1379881
9406,36,9990,1379881,1379917
7916,217,9991,1379916,1380133
3167,142,9992,1380132,1380274
3474,230,9992,1469163,1469393
7087,225,9992,1469170,1469395
8703,12,9992,1380720,1380732
9968,276,9992,1469172,1469448
2420,122,9993,1380954,1381076
2809,157,9993,1381076,1381233
3406,47,9993,1381233,1381280
4281,54,9993,1381280,1381334
5224,190,9993,1381334,1381524
6473,181,9993,1381524,1381705
8681,246,9993,1469224,1469470
9305,165,9993,1381928,1382093
9483,121,9993,1382093,1382214
1922,108,9994,1382213,1382321
2686,26,9994,1382321,1382347
5019,89,9994,1382347,1382436
5152,133,9994,1382436,1382569
9460,15,9994,1382569,1382584
9999,104,9994,1382584,1382688
1248,23,9995,1382687,1382710
2685,149,9995,1382710,1382859
3744,91,9995,1382859,1382950
8256,52,9995,1382950,1383002
8529,171,9995,1383002,1383173
1376,22,9996,1383172,1383194
1707,81,9996,1383194,1383275
1856,25,9996,1383275,1383300
2846,32,9996,1383300,1383332
8230,30,9996,1383332,1383362
8918,30,9996,1383362,1383392
1188,130,9997,1383391,1383521
1864,74,9997,1383521,1383595
2507,152,9997,1383595,1383747
6945,280,9997,1469243,1469523
8104,22,9997,1383970,1383992
8508,46,9997,1383992,1384038
1104,19,9998,1384037,1384056
1608,61,9998,1384056,1384117
4248,19,9998,1384117,1384136
7271,143,9998,1384136,1384279
7667,186,9998,1384279,1384465
8089,55,9998,1384465,1384520
1109,95,9999,1384519,1384614
6590,70,9999,1384614,1384684
7288,167,9999,1384684,1384851
7616,99,9999,1384851,1384950

Average Waiting Time = 843136

Average Turn Around Time = 843284
