Process,Burst Time,Arrival Time,Waiting Time,Turn Around Time
38,15,1,0,15
41,1,11,35,36
14,1,19,28,29
28,1,36,12,13
29,2,27,22,24
67,3,19,32,35
11,4,7,47,51
7,8,34,24,32
37,9,32,34,43
81,11,31,44,55
22,15,4,82,97
24,16,3,98,114
34,16,23,94,110
10,16,27,106,122
30,46,1,118,164
1,18,2,163,181
66,18,24,159,177
12,19,25,176,195
17,20,14,206,226
86,20,24,216,236
3,26,16,244,270
57,26,17,269,295
51,26,21,291,317
96,26,24,314,340
2,27,20,344,371
27,27,34,357,384
55,28,25,393,421
18,28,31,415,443
19,1,87,1115,1116
659,1,187,1016,1017
926,1,274,930,931
319,1,429,776,777
992,1,569,637,638
471,1,682,525,526
32,29,9,1171,1200
65,29,16,1165,1194
100,29,17,1165,1194
47,29,21,1162,1191
84,29,27,1157,1186
75,2,73,1140,1142
649,2,74,1141,1143
169,2,130,1087,1089
138,2,193,1026,1028
310,2,370,851,853
520,2,565,658,660
621,2,599,626,628
80,30,27,1172,1202
8,30,43,1158,1188
9,3,67,1164,1167
145,3,372,862,865
788,3,439,798,801
665,3,773,467,470
44,31,35,1180,1211
822,4,157,1089,1093
325,4,356,894,898
315,4,359,895,899
230,4,424,834,838
381,4,454,808,812
459,4,616,650,654
303,4,954,316,320
444,4,960,314,318
46,5,63,1215,1220
62,5,88,1195,1200
854,5,250,1038,1043
839,5,532,761,766
352,5,767,531,536
551,6,560,743,749
128,6,815,494,500
266,6,943,372,378
74,7,68,1253,1260
78,7,69,1259,1266
105,7,409,926,933
636,7,522,820,827
591,7,788,561,568
36,35,40,1288,1323
435,8,109,1254,1262
872,8,109,1262,1270
408,8,133,1246,1254
964,8,365,1022,1030
229,8,773,622,630
689,8,801,602,610
210,8,948,463,471
23,36,18,1373,1409
90,36,33,1366,1402
5,9,52,1383,1392
807,9,189,1255,1264
611,9,614,839,848
377,9,756,706,715
666,9,965,506,515
58,37,23,1429,1466
857,10,53,1436,1446
48,10,93,1406,1416
749,10,336,1173,1183
826,10,377,1142,1152
16,38,20,1481,1519
385,11,139,1400,1411
760,12,86,1464,1476
880,12,235,1327,1339
812,12,236,1338,1350
853,12,450,1136,1148
192,12,619,979,991
21,40,12,1570,1610
63,40,29,1565,1605
59,40,45,1561,1601
217,13,71,1575,1588
522,13,485,1174,1187
236,13,507,1165,1178
88,41,7,1650,1691
823,14,77,1621,1635
757,14,299,1413,1427
437,14,649,1077,1091
411,14,712,1028,1042
83,15,64,1690,1705
82,15,83,1686,1701
643,15,837,947,962
127,15,994,805,820
516,15,998,816,831
15,43,38,1763,1806
4,16,49,1795,1811
70,16,58,1802,1818
49,16,67,1809,1825
897,16,196,1696,1712
108,16,802,1106,1122
93,44,4,1892,1936
26,44,22,1890,1934
85,44,45,1883,1927
52,17,82,1890,1907
775,17,459,1530,1547
610,17,604,1402,1419
657,17,950,1073,1090
72,45,12,2000,2045
35,45,42,1987,2032
122,18,222,1852,1870
527,18,379,1713,1731
543,18,763,1347,1365
20,46,13,2087,2133
33,19,59,2087,2106
91,19,74,2091,2110
608,19,198,1986,2005
783,19,309,1894,1913
572,19,375,1847,1866
954,19,451,1790,1809
966,19,999,1261,1280
25,47,18,2233,2280
95,20,49,2249,2269
132,20,332,1986,2006
40,48,44,2266,2314
50,21,54,2304,2325
226,21,179,2200,2221
370,21,255,2145,2166
227,21,606,1815,1836
60,22,59,2383,2405
599,22,943,1521,1543
68,23,55,2431,2454
39,23,65,2444,2467
332,23,250,2282,2305
691,23,830,1725,1748
94,24,58,2520,2544
43,24,95,2507,2531
13,25,89,2537,2562
6,25,99,2552,2577
404,25,293,2383,2408
896,25,389,2312,2337
709,25,891,1835,1860
92,26,77,2674,2700
468,26,297,2480,2506
877,26,366,2437,2463
168,26,408,2421,2447
868,26,807,2048,2074
808,26,905,1976,2002
73,27,90,2817,2844
279,27,599,2335,2362
246,27,782,2179,2206
669,27,801,2187,2214
830,28,314,2701,2729
87,29,67,2976,3005
742,29,137,2935,2964
136,29,416,2685,2714
447,29,637,2493,2522
42,30,82,3077,3107
321,30,91,3098,3128
348,30,411,2808,2838
219,30,644,2605,2635
179,30,852,2427,2457
275,31,576,2733,2764
251,31,580,2760,2791
620,32,409,2962,2994
366,32,658,2745,2777
525,33,139,3296,3329
590,33,613,2855,2888
452,33,887,2614,2647
840,34,114,3420,3454
703,34,245,3323,3357
594,34,249,3353,3387
852,34,425,3211,3245
71,35,49,3621,3656
76,35,69,3636,3671
984,35,577,3163,3198
69,36,66,3709,3745
45,36,70,3741,3777
77,36,74,3773,3809
89,36,75,3808,3844
426,36,91,3828,3864
205,36,390,3565,3601
930,36,497,3494,3530
399,36,585,3442,3478
183,37,67,3996,4033
98,37,90,4010,4047
920,37,445,3692,3729
921,37,564,3610,3647
436,37,993,3218,3255
523,38,111,4137,4175
844,38,126,4160,4198
165,38,418,3906,3944
605,38,562,3800,3838
578,38,834,3566,3604
615,38,877,3561,3599
79,39,51,4425,4464
64,39,54,4461,4500
501,39,400,4154,4193
679,39,849,3744,3783
922,40,489,4143,4183
498,40,571,4101,4141
53,41,66,4646,4687
645,41,575,4178,4219
469,41,986,3808,3849
124,41,993,3842,3883
842,42,849,4027,4069
895,42,951,3967,4009
988,43,866,4094,4137
324,44,874,4129,4173
902,45,301,4746,4791
533,45,331,4761,4806
886,45,346,4791,4836
638,45,651,4531,4576
298,46,74,5153,5199
547,46,150,5123,5169
535,46,177,5142,5188
796,46,177,5188,5234
814,46,429,4982,5028
879,46,550,4907,4953
540,46,558,4945,4991
550,46,810,4739,4785
684,46,934,4661,4707
54,47,56,5585,5632
31,47,99,5589,5636
288,47,659,5076,5123
356,47,683,5099,5146
323,47,721,5108,5155
707,47,879,4997,5044
442,48,56,5867,5915
61,48,65,5906,5954
99,48,81,5938,5986
698,48,944,5123,5171
489,49,62,6053,6102
97,49,64,6100,6149
648,49,382,5831,5880
56,50,90,6172,6222
204,51,194,6118,6169
898,51,447,5916,5967
770,51,718,5696,5747
197,52,580,5885,5937
455,53,235,6282,6335
431,53,442,6128,6181
851,53,611,6012,6065
625,53,849,5827,5880
778,53,853,5876,5929
932,54,524,6258,6312
937,55,98,6738,6793
730,55,632,6259,6314
232,55,940,6006,6061
357,55,954,6047,6102
687,56,140,6916,6972
221,56,317,6795,6851
917,56,746,6422,6478
416,57,309,6915,6972
118,57,672,6609,6666
231,57,862,6476,6533
290,57,888,6507,6564
688,58,151,7301,7359
723,58,518,6992,7050
347,58,524,7044,7102
380,59,377,7249,7308
374,59,726,6959,7018
695,59,824,6920,6979
948,59,927,6876,6935
541,60,288,7574,7634
556,60,431,7491,7551
864,60,546,7436,7496
400,60,632,7410,7470
402,60,721,7381,7441
816,61,470,7692,7753
500,61,595,7628,7689
953,61,666,7618,7679
166,61,930,7415,7476
841,62,103,8303,8365
603,63,265,8203,8266
269,63,307,8224,8287
284,63,347,8247,8310
293,63,505,8152,8215
517,63,757,7963,8026
949,64,275,8508,8572
155,64,301,8546,8610
482,64,739,8172,8236
612,65,60,8915,8980
794,65,98,8942,9007
781,65,324,8781,8846
186,65,350,8820,8885
449,65,395,8840,8905
526,65,866,8434,8499
965,66,135,9230,9296
604,66,227,9204,9270
272,66,394,9103,9169
554,67,351,9212,9279
628,67,353,9277,9344
396,68,141,9556,9624
112,68,225,9540,9608
409,68,466,9367,9435
181,68,480,9421,9489
900,68,630,9339,9407
307,68,884,9153,9221
300,69,111,9994,10063
474,69,375,9799,9868
664,69,481,9762,9831
264,69,654,9658,9727
389,69,740,9641,9710
103,69,767,9683,9752
563,70,231,10288,10358
701,70,348,10241,10311
821,70,724,9935,10005
137,70,866,9863,9933
866,71,107,10692,10763
538,71,609,10261,10332
338,71,764,10177,10248
349,72,289,10723,10795
508,72,722,10362,10434
836,73,223,10933,11006
762,73,325,10904,10977
647,73,369,10933,11006
903,73,987,10388,10461
359,74,141,11307,11381
190,74,190,11332,11406
957,74,217,11379,11453
185,74,563,11107,11181
729,75,70,11674,11749
422,75,139,11680,11755
178,75,639,11255,11330
314,76,480,11489,11565
476,76,561,11484,11560
848,76,775,11346,11422
372,76,781,11416,11492
999,77,223,12050,12127
299,77,699,11651,11728
924,77,857,11570,11647
102,77,967,11537,11614
942,78,155,12426,12504
313,78,384,12275,12353
837,78,406,12331,12409
568,79,301,12514,12593
567,79,376,12518,12597
780,79,855,12118,12197
933,80,106,12946,13026
630,80,230,12902,12982
421,80,265,12947,13027
893,80,446,12846,12926
1000,80,671,12701,12781
309,80,759,12693,12773
106,80,826,12706,12786
609,80,975,12637,12717
968,81,354,13338,13419
346,81,427,13346,13427
626,81,860,12994,13075
470,81,948,12987,13068
295,82,643,13373,13455
745,82,996,13102,13184
998,84,906,13274,13358
832,85,314,13950,14035
845,85,680,13669,13754
368,86,693,13741,13827
970,86,813,13707,13793
717,87,70,14536,14623
116,87,620,14073,14160
375,88,58,14722,14810
943,88,344,14524,14612
509,88,478,14478,14566
247,88,881,14163,14251
326,88,917,14215,14303
673,88,962,14258,14346
159,89,985,14323,14412
616,90,431,14966,15056
884,90,923,14564,14654
682,91,116,15461,15552
774,91,507,15161,15252
927,92,341,15418,15510
593,92,513,15338,15430
486,92,544,15399,15491
182,92,865,15170,15262
699,92,999,15128,15220
362,93,357,15862,15955
735,93,429,15883,15976
789,93,495,15910,16003
919,93,600,15898,15991
117,93,861,15730,15823
916,94,109,16575,16669
395,94,400,16378,16472
656,94,412,16460,16554
909,94,631,16335,16429
950,95,223,16837,16932
199,95,248,16907,17002
119,96,224,17026,17122
650,96,707,16639,16735
585,97,319,17123,17220
154,97,343,17196,17293
164,97,839,16797,16894
705,98,375,17358,17456
584,98,667,17164,17262
596,98,716,17213,17311
559,98,965,17062,17160
328,98,994,17131,17229
353,99,475,17748,17847
566,99,851,17471,17570
134,100,299,18122,18222
925,100,545,17976,18076
245,100,618,18003,18103
773,100,840,17881,17981
731,101,196,18625,18726
195,101,669,18253,18354
904,102,311,18712,18814
555,102,624,18501,18603
537,103,116,19111,19214
129,103,317,19013,19116
855,103,714,18719,18822
663,104,211,19325,19429
392,104,331,19309,19413
286,104,774,18970,19074
955,104,795,19053,19157
294,104,950,19002,19106
834,104,973,19083,19187
302,105,782,19378,19483
405,105,994,19271,19376
793,106,266,20104,20210
979,106,465,20011,20117
360,106,481,20101,20207
539,107,67,20621,20728
238,107,206,20589,20696
850,107,469,20433,20540
384,108,352,20657,20765
858,108,849,20268,20376
577,110,70,21155,21265
510,110,206,21129,21239
281,110,240,21205,21315
358,110,617,20938,21048
502,111,106,21559,21670
451,111,314,21462,21573
644,111,478,21409,21520
739,111,739,21259,21370
975,112,599,21510,21622
619,113,714,21507,21620
882,113,738,21596,21709
125,113,924,21523,21636
177,114,257,22303,22417
748,114,812,21862,21976
973,115,419,22369,22484
285,115,454,22449,22564
849,116,88,22930,23046
460,116,124,23010,23126
329,116,386,22864,22980
936,116,574,22792,22908
747,116,577,22905,23021
485,117,656,22942,23059
336,119,340,23375,23494
982,119,366,23468,23587
759,119,857,23096,23215
335,121,152,23920,24041
248,121,903,23290,23411
746,123,418,23896,24019
833,124,209,24228,24352
147,124,936,23625,23749
632,125,161,24524,24649
800,125,991,23819,23944
734,126,416,24519,24645
843,126,683,24378,24504
153,127,352,24835,24962
677,127,359,24955,25082
607,127,362,25079,25206
496,127,623,24945,25072
726,129,311,25384,25513
971,129,902,24922,25051
410,129,946,25007,25136
623,130,63,26019,26149
674,130,280,25932,26062
534,130,708,25634,25764
343,130,797,25675,25805
874,130,871,25731,25861
809,132,60,26672,26804
629,132,135,26729,26861
367,132,254,26742,26874
289,132,949,26179,26311
552,133,227,27033,27166
417,133,239,27154,27287
817,133,277,27249,27382
790,133,334,27325,27458
244,133,453,27339,27472
776,133,863,27062,27195
120,133,882,27176,27309
351,134,263,27928,28062
580,134,476,27849,27983
627,134,492,27967,28101
243,134,597,27996,28130
752,134,686,28041,28175
378,134,727,28134,28268
878,134,730,28265,28399
978,134,785,28344,28478
740,134,839,28424,28558
947,135,142,29255,29390
634,135,164,29368,29503
135,135,354,29313,29448
891,135,563,29239,29374
532,135,568,29369,29504
161,135,964,29108,29243
952,136,193,30014,30150
5675,1,8002,87485,87486
7840,1,8073,87415,87416
2703,1,8180,87309,87310
2991,1,8433,87057,87058
3971,1,8458,87033,87034
6114,1,8509,86983,86984
2281,1,8539,86954,86955
3812,1,8597,86897,86898
3290,1,8621,86874,86875
8484,1,8733,86763,86764
7203,1,8762,86735,86736
9052,1,8908,86590,86591
6119,1,8918,86581,86582
7057,1,8964,86536,86537
2518,1,8985,86516,86517
8851,1,9042,86460,86461
6763,1,9076,86427,86428
8984,1,9166,86338,86339
3813,1,9235,86270,86271
4303,1,9406,86100,86101
9728,1,9591,85916,85917
4189,1,9663,85845,85846
9279,1,9715,85794,85795
2142,1,9717,85793,85794
2186,1,9825,85686,85687
4711,1,9912,85600,85601
786,137,170,95207,95344
795,137,534,94844,94981
257,137,745,94634,94771
123,137,999,94381,94518
8643,2,8002,87515,87517
6452,2,8022,87497,87499
8119,2,8027,87494,87496
9877,2,8074,87449,87451
9575,2,8133,87392,87394
4876,2,8194,87333,87335
5425,2,8233,87296,87298
1609,2,8328,87203,87205
2918,2,8438,87095,87097
4920,2,8586,86949,86951
9831,2,8633,86904,86906
7495,2,8844,86695,86697
3472,2,8877,86664,86666
3518,2,8892,86651,86653
2812,2,8936,86609,86611
3895,2,8970,86577,86579
9057,2,9134,86415,86417
6202,2,9236,86315,86317
5852,2,9268,86285,86287
6291,2,9281,86274,86276
7994,2,9282,86275,86277
9003,2,9283,86276,86278
9875,2,9424,86137,86139
8665,2,9455,86108,86110
4480,2,9462,86103,86105
4425,2,9474,86093,86095
3017,2,9478,86091,86093
8833,2,9565,86006,86008
4062,2,9579,85994,85996
9312,2,9601,85974,85976
9763,2,9683,85894,85896
6087,2,9717,85862,85864
6220,2,9719,85862,85864
1132,2,9728,85855,85857
8545,2,9734,85851,85853
3651,2,9795,85792,85794
2718,2,9876,85713,85715
5770,2,9894,85697,85699
149,138,290,95167,95305
974,138,702,94757,94895
2570,3,8035,87562,87565
6713,3,8048,87552,87555
9565,3,8111,87492,87495
9535,3,8178,87428,87431
8935,3,8215,87394,87397
4097,3,8254,87358,87361
7398,3,8356,87259,87262
4849,3,8473,87145,87148
6715,3,8548,87073,87076
9740,3,8555,87069,87072
6876,3,8593,87034,87037
9257,3,8602,87028,87031
6911,3,8641,86992,86995
6626,3,8665,86971,86974
7462,3,8725,86914,86917
3520,3,8787,86855,86858
6557,3,8804,86841,86844
1972,3,8810,86838,86841
6514,3,8946,86705,86708
5234,3,8970,86684,86687
8562,3,9028,86629,86632
1546,3,9138,86522,86525
1923,3,9142,86521,86524
9757,3,9273,86393,86396
4297,3,9319,86350,86353
4508,3,9335,86337,86340
9073,3,9347,86328,86331
2947,3,9354,86324,86327
5336,3,9375,86306,86309
1820,3,9503,86181,86184
5681,3,9538,86149,86152
2740,3,9554,86136,86139
2488,3,9763,85930,85933
7872,3,9769,85927,85930
9409,3,9800,85899,85902
5520,3,9923,85779,85782
7454,4,8014,87691,87695
4414,4,8050,87659,87663
7027,4,8102,87611,87615
4812,4,8118,87599,87603
8938,4,8189,87532,87536
6648,4,8208,87517,87521
6953,4,8220,87509,87513
4865,4,8238,87495,87499
1062,4,8244,87493,87497
4024,4,8416,87325,87329
2416,4,8452,87293,87297
8196,4,8546,87203,87207
9944,4,8561,87192,87196
7488,4,8621,87136,87140
3157,4,8639,87122,87126
9018,4,8676,87089,87093
8966,4,8710,87059,87063
8288,4,8739,87034,87038
2458,4,8878,86899,86903
4546,4,8879,86902,86906
5845,4,8887,86898,86902
5139,4,8896,86893,86897
4158,4,9240,86553,86557
4661,4,9318,86479,86483
9451,4,9457,86344,86348
2542,4,9509,86296,86300
9408,4,9541,86268,86272
9260,4,9629,86184,86188
9070,4,9657,86160,86164
2728,4,9666,86155,86159
7522,4,9666,86159,86163
6745,4,9669,86160,86164
3114,4,9684,86149,86153
5476,4,9692,86145,86149
2414,4,9695,86146,86150
7596,4,9708,86137,86141
4473,4,9760,86089,86093
9218,4,9762,86091,86095
3181,4,9778,86079,86083
1982,4,9808,86053,86057
5879,4,9853,86012,86016
9638,4,9956,85913,85917
9710,4,9973,85900,85904
960,140,630,95111,95251
582,140,945,94800,94940
3841,5,8068,87817,87822
8884,5,8075,87815,87820
9079,5,8085,87810,87815
4754,5,8243,87657,87662
1895,5,8339,87566,87571
2927,5,8345,87565,87570
2698,5,8399,87516,87521
9457,5,8479,87441,87446
7405,5,8566,87359,87364
2067,5,8574,87356,87361
9293,5,8609,87326,87331
1697,5,8730,87210,87215
4517,5,8760,87185,87190
4290,5,8834,87116,87121
9964,5,8911,87044,87049
1751,5,9052,86908,86913
5105,5,9112,86853,86858
3045,5,9148,86822,86827
3865,5,9153,86822,86827
5945,5,9278,86702,86707
2659,5,9424,86561,86566
4666,5,9460,86530,86535
6055,5,9486,86509,86514
4991,5,9514,86486,86491
5640,5,9566,86439,86444
4404,5,9636,86374,86379
2017,5,9797,86218,86223
3558,5,9839,86181,86186
545,141,377,95512,95653
1413,6,8023,88007,88013
1121,6,8074,87962,87968
8076,6,8082,87960,87966
9429,6,8084,87964,87970
5927,6,8244,87810,87816
1714,6,8269,87791,87797
2015,6,8425,87641,87647
6360,6,8464,87608,87614
4680,6,8488,87590,87596
7193,6,8673,87411,87417
1222,6,8753,87337,87343
9367,6,8781,87315,87321
2804,6,8805,87297,87303
7854,6,8808,87300,87306
2434,6,8831,87283,87289
7240,6,8902,87218,87224
8620,6,9221,86905,86911
7873,6,9233,86899,86905
3576,6,9367,86771,86777
4413,6,9496,86648,86654
5084,6,9553,86597,86603
5482,6,9659,86497,86503
4098,6,9687,86475,86481
8011,6,9748,86420,86426
9566,6,9794,86380,86386
9311,6,9891,86289,86295
4970,6,9931,86255,86261
271,142,188,95868,96010
131,142,645,95417,95559
660,142,810,95258,95400
4017,7,8116,88094,88101
1816,7,8145,88072,88079
3390,7,8203,88021,88028
9978,7,8226,88005,88012
9103,7,8261,87977,87984
1323,7,8339,87906,87913
8874,7,8357,87895,87902
8334,7,8421,87838,87845
6440,7,8464,87802,87809
2505,7,8505,87768,87775
2587,7,8531,87749,87756
7346,7,8545,87742,87749
5135,7,8581,87713,87720
3105,7,8710,87591,87598
9302,7,8773,87535,87542
1351,7,8868,87447,87454
4138,7,8988,87334,87341
8027,7,9266,87063,87070
2801,7,9353,86983,86990
1959,7,9354,86989,86996
4752,7,9356,86994,87001
8592,7,9472,86885,86892
1229,7,9508,86856,86863
7416,7,9819,86552,86559
7699,7,9852,86526,86533
6817,7,9967,86418,86425
4612,7,9985,86407,86414
121,143,72,96191,96334
670,143,577,95693,95836
507,143,654,95623,95766
458,143,716,95568,95711
5093,8,8031,88396,88404
6869,8,8033,88402,88410
2744,8,8066,88377,88385
4322,8,8128,88323,88331
7848,8,8203,88256,88264
3549,8,8254,88213,88221
6159,8,8353,88122,88130
2623,8,8360,88123,88131
9372,8,8398,88093,88101
1745,8,8577,87922,87930
7681,8,8612,87895,87903
6001,8,8615,87900,87908
9960,8,8691,87832,87840
4529,8,8825,87706,87714
4623,8,8929,87610,87618
7497,8,8935,87612,87620
7121,8,9051,87504,87512
4621,8,9149,87414,87422
5950,8,9322,87249,87257
3281,8,9339,87240,87248
7075,8,9339,87248,87256
2259,8,9385,87210,87218
2647,8,9436,87167,87175
2994,8,9516,87095,87103
8286,8,9614,87005,87013
9903,8,9718,86909,86917
5742,8,9797,86838,86846
2415,8,9875,86768,86776
2167,8,9896,86755,86763
7665,8,9896,86763,86771
2166,8,9950,86717,86725
473,144,409,96130,96274
9517,9,8044,88639,88648
2786,9,8086,88606,88615
5635,9,8249,88452,88461
8760,9,8255,88455,88464
5565,9,8291,88428,88437
7874,9,8354,88374,88383
7666,9,8417,88320,88329
9871,9,8583,88163,88172
9448,9,8616,88139,88148
9848,9,8736,88028,88037
8047,9,8848,87925,87934
2049,9,8932,87850,87859
2196,9,9138,87653,87662
4411,9,9217,87583,87592
4433,9,9223,87586,87595
9026,9,9268,87550,87559
9489,9,9275,87552,87561
2372,9,9281,87555,87564
1517,9,9348,87497,87506
7692,9,9352,87502,87511
8897,9,9460,87403,87412
9464,9,9534,87338,87347
7086,9,9625,87256,87265
9834,9,9653,87237,87246
9351,9,9676,87223,87232
6820,9,9723,87185,87194
8948,9,9763,87154,87163
8658,9,9855,87071,87080
9275,9,9890,87045,87054
5846,9,9891,87053,87062
1681,9,9967,86986,86995
477,145,56,96770,96915
365,145,382,96453,96598
553,145,407,96437,96582
706,145,430,96423,96568
737,145,742,96120,96265
575,145,795,96076,96221
2369,10,8118,88898,88908
8472,10,8147,88879,88889
3122,10,8172,88864,88874
3347,10,8204,88842,88852
6571,10,8221,88835,88845
7007,10,8230,88836,88846
7323,10,8401,88675,88685
3855,10,8460,88626,88636
7035,10,8469,88627,88637
4935,10,8549,88557,88567
6544,10,8732,88384,88394
7887,10,8739,88387,88397
1903,10,8760,88376,88386
2579,10,8771,88375,88385
1809,10,8867,88289,88299
1691,10,8877,88289,88299
9060,10,9023,88153,88163
4846,10,9083,88103,88113
6085,10,9093,88103,88113
2282,10,9118,88088,88098
9531,10,9267,87949,87959
5185,10,9299,87927,87937
1186,10,9389,87847,87857
1769,10,9390,87856,87866
1043,10,9463,87793,87803
1328,10,9527,87739,87749
3163,10,9610,87666,87676
8216,10,9741,87545,87555
8600,10,9741,87555,87565
1193,10,9768,87538,87548
3112,10,9890,87426,87436
1727,10,9903,87423,87433
562,146,117,97083,97229
718,146,254,96956,97102
109,146,410,96810,96956
142,146,523,96707,96853
867,146,603,96637,96783
158,146,742,96508,96654
913,146,911,96349,96495
7068,11,8105,89301,89312
8097,11,8150,89267,89278
7198,11,8195,89233,89244
6937,11,8262,89177,89188
9403,11,8389,89061,89072
5661,11,8649,88812,88823
4321,11,8653,88819,88830
6577,11,8744,88739,88750
5403,11,8786,88708,88719
7358,11,8851,88654,88665
4043,11,8854,88662,88673
3642,11,8863,88664,88675
1333,11,8874,88664,88675
2013,11,8975,88574,88585
2707,11,9074,88486,88497
3757,11,9156,88415,88426
7833,11,9179,88403,88414
6723,11,9192,88401,88412
3209,11,9257,88347,88358
2409,11,9316,88299,88310
1036,11,9345,88281,88292
3585,11,9355,88282,88293
8352,11,9443,88205,88216
9007,11,9447,88212,88223
7469,11,9496,88174,88185
1822,11,9580,88101,88112
7859,11,9701,87991,88002
4089,11,9714,87989,88000
7798,11,9715,87999,88010
2664,11,9878,87847,87858
3373,11,9935,87801,87812
676,147,677,96934,97081
754,147,849,96773,96920
7648,12,8010,89759,89771
7747,12,8030,89751,89763
8824,12,8087,89706,89718
7776,12,8185,89620,89632
8019,12,8186,89631,89643
2904,12,8409,89420,89432
5264,12,8432,89409,89421
8326,12,8488,89365,89377
6620,12,8503,89362,89374
9199,12,8527,89350,89362
9545,12,8531,89358,89370
6650,12,8576,89325,89337
4302,12,8592,89321,89333
3380,12,8680,89245,89257
9568,12,8752,89185,89197
4619,12,8780,89169,89181
2029,12,8782,89179,89191
1732,12,8823,89150,89162
4113,12,8848,89137,89149
4148,12,9055,88942,88954
3670,12,9115,88894,88906
2191,12,9219,88802,88814
2111,12,9276,88757,88769
5219,12,9292,88753,88765
4629,12,9314,88743,88755
3336,12,9334,88735,88747
1364,12,9466,88615,88627
8495,12,9520,88573,88585
1663,12,9555,88550,88562
5319,12,9568,88549,88561
9591,12,9597,88532,88544
9379,12,9731,88410,88422
8367,12,9755,88398,88410
2855,12,9756,88409,88421
5147,12,9782,88395,88407
9269,12,9790,88399,88411
5311,12,9810,88391,88403
1138,12,9852,88361,88373
7871,12,9897,88328,88340
2278,12,9933,88304,88316
8703,12,9992,88257,88269
912,148,50,98075,98223
424,148,85,98052,98200
262,148,346,97803,97951
827,148,430,97731,97879
6301,13,8026,90283,90296
4004,13,8061,90261,90274
2545,13,8095,90240,90253
5364,13,8291,90057,90070
1311,13,8331,90030,90043
4423,13,8523,89851,89864
7106,13,8525,89862,89875
7071,13,8560,89840,89853
9832,13,8606,89807,89820
8452,13,8667,89759,89772
8473,13,8737,89702,89715
9145,13,8830,89622,89635
7076,13,8864,89601,89614
8556,13,9047,89431,89444
8281,13,9056,89435,89448
6503,13,9209,89295,89308
6655,13,9264,89253,89266
2216,13,9269,89261,89274
1793,13,9436,89107,89120
3332,13,9548,89008,89021
5131,13,9709,88860,88873
2687,13,9756,88826,88839
9824,13,9809,88786,88799
6891,13,9865,88743,88756
2945,13,9920,88701,88714
8315,13,9950,88684,88697
601,149,270,98241,98390
958,149,330,98194,98343
944,149,722,97815,97964
383,149,770,97780,97929
2990,14,8004,90695,90709
7647,14,8392,90321,90335
1624,14,8632,90095,90109
1292,14,8684,90057,90071
1557,14,8706,90049,90063
3002,14,8736,90033,90047
8934,14,8761,90022,90036
2796,14,8882,89915,89929
6766,14,8905,89906,89920
5210,14,8918,89907,89921
6181,14,8954,89885,89899
6565,14,9258,89595,89609
5376,14,9259,89608,89622
2952,14,9324,89557,89571
7594,14,9390,89505,89519
5012,14,9432,89477,89491
6053,14,9434,89489,89503
9503,14,9517,89420,89434
7174,14,9549,89402,89416
6182,14,9556,89409,89423
3171,14,9574,89405,89419
8265,14,9655,89338,89352
1964,14,9843,89164,89178
4032,14,9958,89063,89077
7220,14,9969,89066,89080
595,150,154,98759,98909
908,150,221,98706,98856
428,150,689,98252,98402
819,150,895,98060,98210
5821,15,8009,91096,91111
2383,15,8035,91085,91100
4576,15,8084,91051,91066
1213,15,8132,91018,91033
6462,15,8157,91008,91023
3186,15,8294,90886,90901
3232,15,8345,90850,90865
9062,15,8419,90791,90806
1409,15,8424,90801,90816
4995,15,8482,90758,90773
9869,15,8487,90768,90783
1587,15,8510,90760,90775
7276,15,8734,90551,90566
1600,15,8854,90446,90461
7168,15,8928,90387,90402
8086,15,8943,90387,90402
7827,15,8968,90377,90392
1315,15,9020,90340,90355
4005,15,9097,90278,90293
5820,15,9149,90241,90256
2210,15,9492,89913,89928
7691,15,9576,89844,89859
9376,15,9607,89828,89843
8636,15,9620,89830,89845
1866,15,9716,89749,89764
9497,15,9827,89653,89668
4186,15,9880,89615,89630
6203,15,9952,89558,89573
6339,15,9961,89564,89579
9460,15,9994,89546,89561
959,151,80,99339,99490
215,151,106,99328,99479
382,151,149,99300,99451
690,151,693,98771,98922
291,151,907,98572,98723
6977,16,8023,91607,91623
9696,16,8223,91423,91439
3848,16,8312,91350,91366
3490,16,8485,91193,91209
8683,16,8626,91068,91084
1890,16,8733,90977,90993
4270,16,8734,90992,91008
5020,16,8769,90973,90989
2203,16,8826,90932,90948
4804,16,8903,90871,90887
4310,16,8998,90792,90808
2339,16,9039,90767,90783
5337,16,9128,90694,90710
9712,16,9162,90676,90692
3481,16,9287,90567,90583
5929,16,9334,90536,90552
1051,16,9390,90496,90512
3128,16,9426,90476,90492
3213,16,9566,90352,90368
5664,16,9667,90267,90283
1306,16,9756,90194,90210
2645,16,9760,90206,90222
4628,16,9916,90066,90082
297,152,131,99731,99883
213,152,174,99704,99856
234,152,644,99250,99402
425,152,795,99115,99267
4682,17,8086,91976,91993
1092,17,8124,91955,91972
3762,17,8151,91945,91962
5103,17,8238,91875,91892
6690,17,8240,91890,91907
5636,17,8248,91899,91916
2762,17,8320,91844,91861
2437,17,8363,91818,91835
3905,17,8426,91772,91789
2387,17,8555,91660,91677
5902,17,8563,91669,91686
1858,17,8564,91685,91702
8609,17,8611,91655,91672
6984,17,8684,91599,91616
7520,17,8700,91600,91617
5036,17,8705,91612,91629
9155,17,8730,91604,91621
5262,17,8758,91593,91610
5214,17,8769,91599,91616
6516,17,8803,91582,91599
4400,17,8944,91458,91475
7055,17,8949,91470,91487
2852,17,9043,91393,91410
5543,17,9070,91383,91400
2731,17,9174,91296,91313
1380,17,9185,91302,91319
5630,17,9197,91307,91324
3126,17,9201,91320,91337
6578,17,9222,91316,91333
5458,17,9301,91254,91271
4650,17,9469,91103,91120
2836,17,9619,90970,90987
4983,17,9681,90925,90942
1216,17,9697,90926,90943
1935,17,9831,90809,90826
7191,17,9884,90773,90790
497,153,438,100100,100253
5688,18,8020,92671,92689
1241,18,8076,92633,92651
9746,18,8081,92646,92664
1994,18,8083,92662,92680
9819,18,8110,92653,92671
8925,18,8120,92661,92679
3614,18,8160,92639,92657
8659,18,8274,92543,92561
9692,18,8293,92542,92560
5631,18,8325,92528,92546
5068,18,8488,92383,92401
6692,18,8503,92386,92404
7105,18,8580,92327,92345
2084,18,8581,92344,92362
4237,18,8679,92264,92282
7591,18,8865,92096,92114
7997,18,8896,92083,92101
6686,18,8905,92092,92110
6384,18,8910,92105,92123
4086,18,8915,92118,92136
7344,18,8972,92079,92097
6538,18,9119,91950,91968
3438,18,9192,91895,91913
6610,18,9443,91662,91680
2406,18,9578,91545,91563
3337,18,9599,91542,91560
5888,18,9686,91473,91491
4811,18,9804,91373,91391
4389,18,9817,91378,91396
1393,18,9895,91318,91336
5571,19,8011,93220,93239
1230,19,8044,93206,93225
9600,19,8149,93120,93139
9505,19,8166,93122,93141
7293,19,8170,93137,93156
6492,19,8186,93140,93159
6795,19,8192,93153,93172
9782,19,8213,93151,93170
4748,19,8293,93090,93109
6459,19,8426,92976,92995
7041,19,8448,92973,92992
8136,19,8520,92920,92939
7056,19,8568,92891,92910
7128,19,8598,92880,92899
8253,19,8660,92837,92856
4335,19,8727,92789,92808
9934,19,8747,92788,92807
7626,19,8786,92768,92787
3414,19,8789,92784,92803
3534,19,8835,92757,92776
7440,19,8887,92724,92743
5021,19,8963,92667,92686
7952,19,9038,92611,92630
9658,19,9056,92612,92631
2453,19,9131,92556,92575
6903,19,9216,92490,92509
6366,19,9229,92496,92515
2783,19,9391,92353,92372
3756,19,9584,92179,92198
7253,19,9938,91844,91863
1104,19,9998,91803,91822
4248,19,9998,91822,91841
637,155,368,101335,101490
107,155,459,101263,101418
240,155,966,100775,100930
4917,20,8008,93888,93908
7372,20,8169,93747,93767
1519,20,8269,93667,93687
4278,20,8433,93523,93543
2024,20,8436,93540,93560
2332,20,8545,93451,93471
4125,20,8547,93469,93489
1854,20,8569,93467,93487
5373,20,8599,93457,93477
6824,20,8667,93409,93429
9109,20,8705,93391,93411
8591,20,8753,93363,93383
8369,20,8902,93234,93254
2231,20,8988,93168,93188
9680,20,9013,93163,93183
9583,20,9044,93152,93172
4645,20,9074,93142,93162
6262,20,9097,93139,93159
1065,20,9139,93117,93137
3345,20,9151,93125,93145
7221,20,9170,93126,93146
3512,20,9453,92863,92883
3088,20,9503,92833,92853
2851,20,9628,92728,92748
1676,20,9659,92717,92737
1725,20,9732,92664,92684
9384,20,9735,92681,92701
2605,20,9807,92629,92649
6871,20,9807,92649,92669
4511,20,9941,92535,92555
4065,20,9979,92517,92537
268,156,165,102215,102371
160,156,924,101476,101632
6644,21,8047,94509,94530
3957,21,8140,94437,94458
9844,21,8141,94457,94478
8042,21,8296,94323,94344
8943,21,8503,94137,94158
8058,21,8598,94063,94084
1990,21,8621,94061,94082
8176,21,8634,94069,94090
1761,21,8653,94071,94092
2249,21,8725,94020,94041
8144,21,8772,93994,94015
1754,21,8895,93892,93913
5906,21,8920,93888,93909
3794,21,8963,93866,93887
2431,21,9041,93809,93830
6048,21,9222,93649,93670
4454,21,9717,93175,93196
6056,21,9730,93183,93204
2726,21,9760,93174,93195
4665,21,9843,93112,93133
3904,21,9860,93116,93137
6511,21,9978,93019,93040
478,157,601,102281,102438
969,157,684,102219,102376
415,157,871,102053,102210
6270,22,8040,95041,95063
4637,22,8199,94904,94926
9860,22,8275,94850,94872
6589,22,8306,94841,94863
9205,22,8446,94723,94745
6636,22,8460,94731,94753
6685,22,8464,94749,94771
8548,22,8466,94769,94791
7283,22,8478,94779,94801
5028,22,8694,94585,94607
4366,22,8784,94517,94539
7512,22,8825,94498,94520
5546,22,8831,94514,94536
2790,22,8903,94464,94486
8540,22,8998,94391,94413
2550,22,9024,94387,94409
3394,22,9038,94395,94417
7960,22,9134,94321,94343
5776,22,9282,94195,94217
6961,22,9287,94212,94234
4304,22,9323,94198,94220
6273,22,9327,94216,94238
6743,22,9400,94165,94187
7861,22,9452,94135,94157
8662,22,9601,94008,94030
7218,22,9712,93919,93941
9059,22,9745,93908,93930
6128,22,9983,93692,93714
1376,22,9996,93701,93723
8104,22,9997,93722,93744
883,158,414,103191,103349
5510,23,8097,95666,95689
1612,23,8241,95545,95568
9015,23,8290,95519,95542
8907,23,8339,95493,95516
4441,23,8345,95510,95533
4627,23,8520,95358,95381
5693,23,8529,95372,95395
7363,23,8637,95287,95310
3652,23,8676,95271,95294
4071,23,8753,95217,95240
2362,23,8754,95239,95262
9956,23,8839,95177,95200
1263,23,8867,95172,95195
4263,23,8881,95181,95204
9992,23,8925,95160,95183
5712,23,9108,95000,95023
6265,23,9211,94920,94943
8652,23,9367,94787,94810
2569,23,9374,94803,94826
5586,23,9389,94811,94834
5429,23,9529,94694,94717
1010,23,9543,94703,94726
5972,23,9577,94692,94715
7651,23,9658,94634,94657
7187,23,9711,94604,94627
6016,23,9723,94615,94638
6638,23,9794,94567,94590
7445,23,9833,94551,94574
9295,23,9849,94558,94581
2765,23,9852,94578,94601
8263,23,9917,94536,94559
1248,23,9995,94481,94504
642,159,277,104086,104245
838,159,464,103922,104081
249,159,557,103852,104011
906,159,788,103644,103803
3327,24,8101,96490,96514
5953,24,8159,96456,96480
2977,24,8292,96347,96371
3699,24,8398,96265,96289
9954,24,8469,96218,96242
6264,24,8561,96150,96174
6969,24,8579,96156,96180
6722,24,8655,96104,96128
8893,24,8656,96127,96151
5069,24,8804,96003,96027
7998,24,8839,95992,96016
3712,24,8955,95900,95924
7161,24,9020,95859,95883
5309,24,9023,95880,95904
2316,24,9161,95766,95790
4525,24,9201,95750,95774
4124,24,9241,95734,95758
5318,24,9354,95645,95669
6478,24,9555,95468,95492
2040,24,9631,95416,95440
3052,24,9687,95384,95408
7104,24,9719,95376,95400
5116,24,9721,95398,95422
4515,24,9809,95334,95358
2567,24,9814,95353,95377
3889,24,9844,95347,95371
2408,24,9903,95312,95336
2367,24,9967,95272,95296
274,160,90,105037,105197
635,160,239,104912,105072
305,160,251,104924,105084
176,160,376,104823,104983
6484,25,8066,97293,97318
4188,25,8135,97249,97274
1078,25,8159,97250,97275
2619,25,8169,97265,97290
4025,25,8194,97265,97290
7331,25,8243,97241,97266
3844,25,8275,97234,97259
6836,25,8446,97088,97113
6332,25,8524,97035,97060
2233,25,8540,97044,97069
9009,25,8601,97008,97033
4528,25,8626,97008,97033
7604,25,8802,96857,96882
8641,25,8821,96863,96888
9998,25,8822,96887,96912
6802,25,8903,96831,96856
1504,25,8937,96822,96847
5088,25,9082,96702,96727
3001,25,9134,96675,96700
2465,25,9189,96645,96670
9643,25,9201,96658,96683
5437,25,9357,96527,96552
6319,25,9470,96439,96464
9558,25,9597,96337,96362
4291,25,9659,96300,96325
4134,25,9678,96306,96331
2012,25,9679,96330,96355
8834,25,9763,96271,96296
8441,25,9798,96261,96286
9307,25,9903,96181,96206
1914,25,9988,96121,96146
1856,25,9996,96138,96163
713,161,133,105890,106051
732,161,257,105791,105952
141,161,438,105635,105796
7973,26,8196,98038,98064
8349,26,8244,98016,98042
3284,26,8293,97993,98019
7523,26,8357,97955,97981
7471,26,8475,97863,97889
7976,26,8524,97840,97866
2683,26,8538,97852,97878
1583,26,8540,97876,97902
2134,26,8663,97779,97805
9181,26,8725,97743,97769
1195,26,8769,97725,97751
5260,26,8778,97742,97768
9186,26,8787,97759,97785
9630,26,8835,97737,97763
7917,26,9026,97572,97598
9681,26,9039,97585,97611
6235,26,9045,97605,97631
2392,26,9075,97601,97627
6522,26,9077,97625,97651
9479,26,9411,97317,97343
3254,26,9449,97305,97331
9481,26,9463,97317,97343
2931,26,9496,97310,97336
8404,26,9509,97323,97349
2193,26,9598,97260,97286
5230,26,9598,97286,97312
7942,26,9669,97241,97267
1669,26,9732,97204,97230
7513,26,9913,97049,97075
7259,26,9939,97049,97075
1340,26,9944,97070,97096
6149,26,9954,97086,97112
7263,26,9990,97076,97102
2686,26,9994,97098,97124
996,162,225,106757,106919
592,162,587,106421,106583
393,162,797,106237,106399
825,162,957,106103,106265
9836,27,8010,99212,99239
6862,27,8025,99224,99251
4747,27,8081,99195,99222
3870,27,8198,99105,99132
1079,27,8269,99061,99088
9158,27,8295,99062,99089
8830,27,8434,98950,98977
5660,27,8552,98859,98886
5112,27,8577,98861,98888
7941,27,8583,98882,98909
2031,27,8585,98907,98934
3991,27,8631,98888,98915
6955,27,8743,98803,98830
5384,27,8753,98820,98847
2010,27,8855,98745,98772
8260,27,8919,98708,98735
9056,27,8984,98670,98697
3582,27,9000,98681,98708
7173,27,9162,98546,98573
6369,27,9210,98525,98552
6246,27,9257,98505,98532
4450,27,9272,98517,98544
4094,27,9463,98353,98380
4873,27,9544,98299,98326
3461,27,9702,98168,98195
6912,27,9742,98155,98182
4022,27,9749,98175,98202
1904,27,9797,98154,98181
758,163,125,107717,107880
661,163,449,107420,107583
828,163,654,107242,107405
697,163,974,106949,107112
9659,28,8033,100053,100081
3917,28,8080,100034,100062
8905,28,8166,99976,100004
7625,28,8272,99898,99926
3206,28,8322,99876,99904
7409,28,8405,99821,99849
5598,28,8464,99790,99818
1459,28,8524,99758,99786
6510,28,8568,99742,99770
8709,28,8586,99752,99780
6496,28,8607,99759,99787
9542,28,8637,99757,99785
6680,28,8816,99606,99634
3161,28,8852,99598,99626
5122,28,8885,99593,99621
6679,28,8886,99620,99648
8682,28,8899,99635,99663
5395,28,8970,99592,99620
5670,28,9092,99498,99526
4093,28,9103,99515,99543
9738,28,9186,99460,99488
6630,28,9283,99391,99419
4791,28,9496,99206,99234
5641,28,9504,99226,99254
2807,28,9592,99166,99194
4651,28,9737,99049,99077
1873,28,9753,99061,99089
1140,28,9881,98961,98989
5691,28,9893,98977,99005
787,164,103,108659,108823
308,164,140,108650,108814
301,164,290,108528,108692
239,164,699,108147,108311
560,164,718,108156,108320
9563,29,8086,100952,100981
7059,29,8125,100942,100971
2170,29,8212,100884,100913
3164,29,8325,100800,100829
9798,29,8461,100693,100722
5340,29,8476,100707,100736
2305,29,8486,100726,100755
6013,29,8501,100740,100769
1597,29,8553,100717,100746
1605,29,8736,100563,100592
3907,29,8799,100529,100558
3051,29,8861,100496,100525
4072,29,8876,100510,100539
9736,29,8941,100474,100503
7394,29,8955,100489,100518
2361,29,8995,100478,100507
3147,29,9009,100493,100522
8831,29,9031,100500,100529
4068,29,9141,100419,100448
1447,29,9200,100389,100418
5126,29,9253,100365,100394
7049,29,9257,100390,100419
8358,29,9321,100355,100384
5875,29,9415,100290,100319
2378,29,9522,100212,100241
6097,29,9532,100231,100260
8157,29,9536,100256,100285
9734,29,9537,100284,100313
1601,29,9575,100275,100304
8688,29,9643,100236,100265
6116,29,9797,100111,100140
3365,29,9865,100072,100101
3695,29,9888,100078,100107
1806,29,9896,100099,100128
9950,29,9900,100124,100153
9533,29,9919,100134,100163
4064,29,9937,100145,100174
1661,29,9948,100163,100192
1169,29,9958,100182,100211
175,165,208,109825,109990
223,165,350,109712,109877
419,165,620,109471,109636
9105,30,8014,102242,102272
4364,30,8074,102212,102242
9635,30,8077,102239,102269
7299,30,8096,102250,102280
9474,30,8163,102213,102243
4578,30,8262,102144,102174
9213,30,8287,102149,102179
6437,30,8414,102052,102082
4763,30,8415,102081,102111
4305,30,8732,101794,101824
4007,30,8754,101802,101832
6558,30,8754,101832,101862
7408,30,8758,101858,101888
1563,30,8780,101866,101896
2495,30,8887,101789,101819
8594,30,8902,101804,101834
4275,30,8915,101821,101851
9168,30,8970,101796,101826
7717,30,9004,101792,101822
3729,30,9089,101737,101767
6808,30,9089,101767,101797
1271,30,9372,101514,101544
1009,30,9383,101533,101563
5263,30,9385,101561,101591
9309,30,9496,101480,101510
9778,30,9511,101495,101525
1034,30,9515,101521,101551
4994,30,9594,101472,101502
5411,30,9972,101124,101154
8230,30,9996,101130,101160
8918,30,9996,101160,101190
587,166,243,110807,110973
719,166,454,110626,110792
792,166,478,110632,110798
724,166,516,110624,110790
963,166,730,110440,110606
235,166,742,110458,110624
1589,31,8092,103274,103305
7412,31,8146,103251,103282
2972,31,8147,103281,103312
9133,31,8196,103263,103294
1775,31,8254,103236,103267
9013,31,8273,103248,103279
5858,31,8409,103143,103174
3145,31,8519,103064,103095
6806,31,8557,103057,103088
3435,31,8621,103024,103055
2561,31,8685,102991,103022
8479,31,8700,103007,103038
5394,31,8723,103015,103046
8810,31,8736,103033,103064
3000,31,8815,102985,103016
2957,31,8858,102973,103004
6480,31,8887,102975,103006
2053,31,8914,102979,103010
7779,31,8926,102998,103029
2403,31,9024,102931,102962
7304,31,9047,102939,102970
5870,31,9195,102822,102853
5823,31,9237,102811,102842
9539,31,9318,102761,102792
8561,31,9342,102768,102799
5308,31,9366,102775,102806
4437,31,9386,102786,102817
9509,31,9524,102679,102710
3134,31,9538,102696,102727
8983,31,9566,102699,102730
2637,31,9605,102691,102722
7334,31,9621,102706,102737
7858,31,9634,102724,102755
5659,31,9645,102744,102775
8684,31,9706,102714,102745
7459,31,9767,102684,102715
4497,31,9890,102592,102623
3713,31,9893,102620,102651
4586,31,9940,102604,102635
7904,31,9952,102623,102654
5780,32,8021,104585,104617
2008,32,8080,104558,104590
3876,32,8096,104574,104606
8696,32,8124,104578,104610
2999,32,8181,104553,104585
1300,32,8230,104536,104568
6810,32,8264,104534,104566
3768,32,8281,104549,104581
9472,32,8285,104577,104609
4894,32,8291,104603,104635
8539,32,8310,104616,104648
3619,32,8339,104619,104651
4808,32,8415,104575,104607
4162,32,8560,104462,104494
4959,32,8597,104457,104489
3425,32,8631,104455,104487
4895,32,8640,104478,104510
1181,32,8661,104489,104521
7439,32,8676,104506,104538
1482,32,8717,104497,104529
6717,32,8837,104409,104441
3215,32,8838,104440,104472
8837,32,8843,104467,104499
3901,32,8878,104464,104496
7632,32,8878,104496,104528
9210,32,8942,104464,104496
1782,32,8954,104484,104516
1956,32,8956,104514,104546
5255,32,8965,104537,104569
7316,32,9151,104383,104415
8415,32,9183,104383,104415
8891,32,9264,104334,104366
6554,32,9563,104067,104099
1030,32,9664,103998,104030
7685,32,9696,103998,104030
3808,32,9966,103760,103792
2846,32,9996,103762,103794
394,168,296,113358,113526
791,168,622,113064,113232
655,168,760,112958,113126
4331,33,8228,105658,105691
7202,33,8423,105496,105529
7151,33,8589,105363,105396
1781,33,8614,105371,105404
3076,33,8760,105258,105291
9732,33,8802,105249,105282
2224,33,8888,105196,105229
8348,33,8952,105165,105198
8220,33,9055,105095,105128
1778,33,9077,105106,105139
5724,33,9287,104929,104962
5331,33,9313,104936,104969
5862,33,9349,104933,104966
3571,33,9375,104940,104973
4681,33,9379,104969,105002
9054,33,9400,104981,105014
9764,33,9423,104991,105024
2876,33,9577,104870,104903
8092,33,9594,104886,104919
9390,33,9679,104834,104867
8694,33,9787,104759,104792
8672,33,9860,104719,104752
146,169,320,114156,114325
355,169,709,113800,113969
743,169,757,113785,113954
191,169,870,113705,113874
1767,34,8046,106698,106732
9096,34,8175,106603,106637
8438,34,8226,106586,106620
6243,34,8291,106555,106589
1872,34,8368,106512,106546
3402,34,8481,106433,106467
9011,34,8481,106467,106501
3566,34,8609,106373,106407
5208,34,8642,106374,106408
2115,34,8823,106227,106261
8757,34,8849,106235,106269
2151,34,8879,106239,106273
8382,34,8920,106232,106266
3945,34,8928,106258,106292
2467,34,8968,106252,106286
4776,34,8973,106281,106315
8995,34,9108,106180,106214
2430,34,9123,106199,106233
7639,34,9243,106113,106147
6432,34,9308,106082,106116
7248,34,9373,106051,106085
2009,34,9482,105976,106010
3135,34,9523,105969,106003
2746,34,9749,105777,105811
8333,34,9783,105777,105811
6315,34,9906,105688,105722
3570,34,9922,105706,105740
9549,34,9979,105683,105717
985,170,58,115502,115672
870,170,361,115233,115403
506,170,713,114915,115085
228,170,971,114691,114861
1882,35,8049,107783,107818
7984,35,8054,107813,107848
1686,35,8127,107775,107810
2014,35,8162,107775,107810
1705,35,8306,107666,107701
1400,35,8309,107698,107733
9518,35,8408,107634,107669
7986,35,8426,107651,107686
7292,35,8504,107608,107643
7206,35,8565,107582,107617
4677,35,8581,107601,107636
9601,35,8606,107611,107646
1478,35,8672,107580,107615
7038,35,8720,107567,107602
3368,35,8809,107513,107548
8780,35,8812,107545,107580
7601,35,8824,107568,107603
8316,35,9022,107405,107440
1899,35,9140,107322,107357
6669,35,9353,107144,107179
5884,35,9438,107094,107129
1414,35,9485,107082,107117
2747,35,9565,107037,107072
9741,35,9566,107071,107106
4626,35,9635,107037,107072
5956,35,9651,107056,107091
7947,35,9694,107048,107083
1455,35,9738,107039,107074
3603,35,9781,107031,107066
1812,35,9833,107014,107049
2578,35,9834,107048,107083
1749,35,9889,107028,107063
3726,35,9905,107047,107082
3893,35,9914,107073,107108
803,171,684,116202,116373
721,171,856,116065,116236
1648,36,8019,109073,109109
9826,36,8020,109108,109144
6760,36,8228,108936,108972
7897,36,8273,108927,108963
3003,36,8535,108701,108737
2629,36,8575,108697,108733
4617,36,8623,108685,108721
7911,36,8624,108720,108756
8115,36,8632,108748,108784
2391,36,8754,108662,108698
7615,36,8767,108685,108721
1997,36,8769,108719,108755
1396,36,8798,108726,108762
6785,36,8807,108753,108789
1928,36,8810,108786,108822
7183,36,8940,108692,108728
3913,36,8997,108671,108707
9289,36,9110,108594,108630
4892,36,9187,108553,108589
7753,36,9225,108551,108587
9299,36,9229,108583,108619
2663,36,9247,108601,108637
1875,36,9251,108633,108669
7663,36,9262,108658,108694
9265,36,9314,108642,108678
3352,36,9351,108641,108677
1313,36,9368,108660,108696
7124,36,9461,108603,108639
2270,36,9610,108490,108526
4088,36,9637,108499,108535
1723,36,9684,108488,108524
3047,36,9741,108467,108503
5442,36,9778,108466,108502
5498,36,9883,108397,108433
9925,36,9976,108340,108376
9406,36,9990,108362,108398
708,172,375,117877,118049
528,172,649,117639,117811
928,172,658,117666,117838
143,172,917,117443,117615
6614,37,8045,110487,110524
9129,37,8071,110498,110535
6259,37,8164,110442,110479
4583,37,8345,110298,110335
1123,37,8364,110316,110353
9084,37,8448,110269,110306
1200,37,8451,110303,110340
8036,37,8496,110295,110332
5839,37,8554,110274,110311
5351,37,8565,110300,110337
5385,37,8574,110328,110365
3671,37,8602,110337,110374
2135,37,8658,110318,110355
6474,37,8704,110309,110346
8815,37,8704,110346,110383
6230,37,8763,110324,110361
6649,37,8764,110360,110397
6730,37,8808,110353,110390
8022,37,8810,110388,110425
7538,37,8873,110362,110399
2133,37,8882,110390,110427
1452,37,8905,110404,110441
2380,37,8987,110359,110396
9917,37,9143,110240,110277
9493,37,9176,110244,110281
2530,37,9186,110271,110308
8951,37,9385,110109,110146
5100,37,9386,110145,110182
7233,37,9436,110132,110169
7617,37,9512,110093,110130
9085,37,9528,110114,110151
5334,37,9535,110144,110181
3320,37,9617,110099,110136
9111,37,9637,110116,110153
2756,37,9706,110084,110121
4824,37,9724,110103,110140
4608,37,9744,110120,110157
2501,37,9792,110109,110146
3805,37,9904,110034,110071
1021,37,9905,110070,110107
7031,37,9921,110091,110128
4424,37,9923,110126,110163
7265,37,9956,110130,110167
386,173,272,119715,119888
345,173,990,119034,119207
2862,38,8093,112104,112142
7628,38,8229,112006,112044
2070,38,8230,112043,112081
1082,38,8363,111948,111986
2350,38,8398,111951,111989
7227,38,8399,111988,112026
6236,38,8477,111948,111986
4593,38,8511,111952,111990
6335,38,8519,111982,112020
3968,38,8646,111893,111931
3166,38,8660,111917,111955
4897,38,8678,111937,111975
2394,38,8682,111971,112009
2075,38,8749,111942,111980
9417,38,8829,111900,111938
4000,38,8887,111880,111918
9463,38,9109,111696,111734
5283,38,9163,111680,111718
1405,38,9339,111542,111580
8127,38,9456,111463,111501
5207,38,9492,111465,111503
2108,38,9567,111428,111466
3492,38,9572,111461,111499
7559,38,9609,111462,111500
2949,38,9639,111470,111508
3625,38,9793,111354,111392
6014,38,9864,111321,111359
1558,38,9952,111271,111309
685,174,613,120512,120686
799,174,957,120206,120380
8762,39,8072,113265,113304
5453,39,8104,113272,113311
2103,39,8125,113290,113329
4833,39,8180,113274,113313
8251,39,8284,113209,113248
3098,39,8369,113163,113202
1658,39,8495,113076,113115
1048,39,8539,113071,113110
7579,39,8571,113078,113117
6784,39,8584,113104,113143
3540,39,8666,113061,113100
9771,39,8784,112982,113021
4499,39,8824,112981,113020
3287,39,8908,112936,112975
6074,39,8915,112968,113007
3838,39,8919,113003,113042
2005,39,8973,112988,113027
1572,39,8976,113024,113063
5835,39,9024,113015,113054
8342,39,9040,113038,113077
5400,39,9052,113065,113104
2046,39,9302,112854,112893
9534,39,9377,112818,112857
8430,39,9523,112711,112750
4447,39,9575,112698,112737
3302,39,9784,112528,112567
9739,39,9803,112548,112587
8568,39,9933,112457,112496
871,175,195,122098,122273
337,175,842,121490,121665
561,175,897,121474,121649
617,175,994,121416,121591
8922,40,8186,114399,114439
1992,40,8223,114402,114442
5397,40,8325,114340,114380
8443,40,8435,114270,114310
1888,40,8440,114305,114345
3353,40,8496,114289,114329
9901,40,8722,114103,114143
7757,40,8763,114102,114142
3989,40,8798,114107,114147
8107,40,8806,114139,114179
3449,40,8826,114159,114199
9856,40,8850,114175,114215
1215,40,8950,114115,114155
3184,40,9002,114103,114143
4806,40,9096,114049,114089
1037,40,9150,114035,114075
9041,40,9162,114063,114103
4472,40,9163,114102,114142
6602,40,9183,114122,114162
2988,40,9190,114155,114195
6105,40,9248,114137,114177
6536,40,9295,114130,114170
9799,40,9303,114162,114202
3269,40,9355,114150,114190
9507,40,9367,114178,114218
8379,40,9463,114122,114162
4084,40,9592,114033,114073
2883,40,9606,114059,114099
6896,40,9703,114002,114042
4843,40,9793,113952,113992
3081,40,9840,113945,113985
9578,40,9923,113902,113942
5941,40,9986,113879,113919
704,176,554,123215,123391
4168,41,8043,115902,115943
5037,41,8074,115912,115953
9365,41,8393,115634,115675
9410,41,8405,115663,115704
1552,41,8549,115560,115601
1909,41,8606,115544,115585
1747,41,8747,115444,115485
2729,41,8804,115428,115469
6178,41,8820,115453,115494
2132,41,8822,115492,115533
1091,41,8858,115497,115538
2085,41,8876,115520,115561
2048,41,8889,115548,115589
2665,41,8958,115520,115561
4699,41,9232,115287,115328
5976,41,9264,115296,115337
8177,41,9300,115301,115342
5461,41,9356,115286,115327
6781,41,9397,115286,115327
6812,41,9457,115267,115308
2674,41,9483,115282,115323
6706,41,9592,115214,115255
7606,41,9624,115223,115264
2091,41,9651,115237,115278
4547,41,9821,115108,115149
5398,41,9919,115051,115092
876,177,472,124403,124580
662,177,523,124393,124570
683,177,711,124246,124423
187,177,969,124029,124206
8254,42,8000,117175,117217
4530,42,8040,117177,117219
7093,42,8063,117196,117238
8537,42,8093,117208,117250
5750,42,8103,117240,117282
5905,42,8188,117197,117239
2615,42,8241,117186,117228
9273,42,8257,117212,117254
7829,42,8266,117245,117287
6441,42,8374,117179,117221
2219,42,8493,117102,117144
1950,42,8513,117124,117166
5718,42,8601,117078,117120
4861,42,8651,117070,117112
1152,42,8871,116892,116934
6881,42,8905,116900,116942
1368,42,9361,116486,116528
3062,42,9373,116516,116558
8516,42,9568,116363,116405
8126,42,9627,116346,116388
1804,42,9657,116358,116400
7380,42,9776,116281,116323
5382,42,9825,116274,116316
2827,42,9958,116183,116225
951,178,952,125095,125273
261,178,959,125130,125308
1598,43,8004,118263,118306
2348,43,8011,118299,118342
1394,43,8102,118251,118294
8221,43,8209,118187,118230
9121,43,8210,118229,118272
5605,43,8443,118039,118082
4060,43,8549,117976,118019
9777,43,8606,117962,118005
8782,43,8662,117949,117992
5104,43,8672,117982,118025
3333,43,8699,117998,118041
5330,43,8716,118024,118067
4862,43,8727,118056,118099
9988,43,8738,118088,118131
8749,43,8740,118129,118172
5719,43,8884,118028,118071
9514,43,8899,118056,118099
5987,43,9010,117988,118031
6238,43,9025,118016,118059
9394,43,9103,117981,118024
6018,43,9204,117923,117966
7148,43,9207,117963,118006
2941,43,9359,117854,117897
2189,43,9413,117843,117886
2491,43,9536,117763,117806
8521,43,9797,117545,117588
7517,43,9848,117537,117580
8451,43,9908,117520,117563
3172,43,9950,117521,117564
4985,43,9961,117553,117596
1050,43,9962,117595,117638
439,179,195,127269,127448
461,179,298,127209,127388
488,179,593,126957,127136
5465,44,8152,119577,119621
5513,44,8191,119582,119626
1259,44,8308,119509,119553
8015,44,8335,119526,119570
2407,44,8353,119552,119596
6866,44,8436,119513,119557
2290,44,8447,119546,119590
5268,44,8462,119575,119619
7492,44,8509,119572,119616
3501,44,8647,119478,119522
6130,44,8675,119494,119538
1957,44,8693,119520,119564
5710,44,8695,119562,119606
1840,44,8734,119567,119611
3434,44,8743,119602,119646
3044,44,8921,119468,119512
3422,44,8922,119511,119555
4204,44,8927,119550,119594
4954,44,9023,119498,119542
8140,44,9100,119465,119509
8010,44,9315,119294,119338
5072,44,9377,119276,119320
1470,44,9396,119301,119345
3555,44,9502,119239,119283
7234,44,9627,119158,119202
3463,44,9786,119043,119087
3522,44,9825,119048,119092
5381,44,9878,119039,119083
209,180,183,128642,128822
779,180,184,128685,128865
633,180,353,128560,128740
484,180,698,128259,128439
8586,45,8093,121044,121089
2816,45,8110,121072,121117
7742,45,8191,121036,121081
7868,45,8261,121011,121056
1807,45,8337,120980,121025
1303,45,8363,120999,121044
8860,45,8426,120981,121026
8188,45,8478,120974,121019
1059,45,8523,120974,121019
5213,45,8683,120859,120904
2791,45,8761,120826,120871
5295,45,8920,120712,120757
9801,45,9039,120638,120683
3644,45,9100,120622,120667
7139,45,9200,120567,120612
1662,45,9240,120572,120617
5749,45,9411,120446,120491
9235,45,9473,120429,120474
7153,45,9500,120447,120492
8574,45,9509,120483,120528
6950,45,9525,120512,120557
9935,45,9574,120508,120553
8958,45,9581,120546,120591
9204,45,9632,120540,120585
2033,45,9671,120546,120591
6835,45,9695,120567,120612
7781,45,9716,120591,120636
6576,45,9736,120616,120661
2872,45,9788,120609,120654
7114,45,9895,120547,120592
6068,45,9940,120547,120592
4428,45,9965,120567,120612
889,181,149,130292,130473
993,181,623,129863,130044
4209,46,8027,122640,122686
2277,46,8043,122670,122716
3881,46,8057,122702,122748
3609,46,8073,122732,122778
5940,46,8161,122690,122736
2445,46,8248,122649,122695
1377,46,8366,122577,122623
9933,46,8413,122576,122622
7504,46,8428,122607,122653
7254,46,8468,122613,122659
3106,46,8523,122604,122650
2371,46,8562,122611,122657
2774,46,8609,122610,122656
6179,46,8630,122635,122681
1436,46,8810,122501,122547
1379,46,8815,122542,122588
8496,46,8853,122550,122596
6415,46,8870,122579,122625
4760,46,8886,122609,122655
6106,46,8954,122587,122633
3749,46,8960,122627,122673
4132,46,8999,122634,122680
6974,46,9119,122560,122606
4769,46,9136,122589,122635
9924,46,9179,122592,122638
6483,46,9227,122590,122636
7237,46,9287,122576,122622
8792,46,9352,122557,122603
8604,46,9456,122499,122545
8420,46,9518,122483,122529
2635,46,9617,122430,122476
5031,46,9639,122454,122500
4875,46,9722,122417,122463
4429,46,9781,122404,122450
4333,46,9784,122447,122493
4239,46,9837,122440,122486
7825,46,9907,122416,122462
3465,46,9950,122419,122465
6494,46,9965,122450,122496
4276,46,9987,122474,122520
8508,46,9997,122510,122556
133,182,540,131877,132059
2319,47,8091,124508,124555
9979,47,8211,124435,124482
4707,47,8304,124389,124436
6883,47,8361,124379,124426
2670,47,8379,124408,124455
7456,47,8402,124432,124479
2974,47,8437,124444,124491
9346,47,8524,124404,124451
8698,47,8530,124445,124492
1399,47,8668,124354,124401
2240,47,8673,124396,124443
6512,47,8707,124409,124456
1881,47,8725,124438,124485
8291,47,8761,124449,124496
2857,47,8812,124445,124492
2916,47,8856,124448,124495
3551,47,8871,124480,124527
5042,47,8902,124496,124543
2568,47,8923,124522,124569
8406,47,8965,124527,124574
4751,47,8970,124569,124616
9019,47,8997,124589,124636
8974,47,9018,124615,124662
9183,47,9028,124652,124699
4705,47,9119,124608,124655
2658,47,9386,124388,124435
6302,47,9551,124270,124317
5684,47,9591,124277,124324
4161,47,9636,124279,124326
2188,47,9693,124269,124316
4044,47,9713,124296,124343
3771,47,9781,124275,124322
5696,47,9783,124320,124367
8103,47,9831,124319,124366
7847,47,9897,124300,124347
2446,47,9918,124326,124373
3406,47,9993,124298,124345
110,183,52,134150,134333
546,183,133,134116,134299
651,183,168,134128,134311
273,183,358,133985,134168
977,183,738,133652,133835
9982,48,8003,126570,126618
3882,48,8005,126616,126664
5324,48,8018,126651,126699
2120,48,8110,126607,126655
3646,48,8214,126551,126599
5106,48,8230,126583,126631
3082,48,8392,126469,126517
1919,48,8604,126305,126353
5826,48,8620,126337,126385
7030,48,8627,126378,126426
6854,48,8698,126355,126403
4485,48,8805,126296,126344
9971,48,8907,126242,126290
4372,48,8948,126249,126297
5511,48,8965,126280,126328
7564,48,8975,126318,126366
7957,48,9025,126316,126364
9154,48,9191,126198,126246
9965,48,9247,126190,126238
9246,48,9344,126141,126189
5891,48,9402,126131,126179
1316,48,9536,126045,126093
3722,48,9573,126056,126104
7835,48,9601,126076,126124
1671,48,9624,126101,126149
6640,48,9663,126110,126158
8931,48,9773,126048,126096
1182,48,9919,125950,125998
4314,48,9934,125983,126031
2307,48,9964,126001,126049
150,184,362,135515,135699
1290,49,8070,127991,128040
8590,49,8368,127742,127791
4014,49,8411,127748,127797
3477,49,8621,127587,127636
4399,49,8709,127548,127597
9146,49,8870,127436,127485
8900,49,9016,127339,127388
4171,49,9080,127324,127373
8109,49,9088,127365,127414
4483,49,9093,127409,127458
9672,49,9154,127397,127446
5256,49,9169,127431,127480
6052,49,9246,127403,127452
5933,49,9287,127411,127460
2806,49,9298,127449,127498
6947,49,9347,127449,127498
6684,49,9569,127276,127325
1810,49,9584,127310,127359
8168,49,9646,127297,127346
9206,49,9714,127278,127327
7688,49,9715,127326,127375
9655,49,9746,127344,127393
2314,49,9806,127333,127382
3688,49,9826,127362,127411
4957,49,9878,127359,127408
2058,49,9950,127336,127385
6733,49,9975,127360,127409
8446,49,9988,127396,127445
987,185,437,136860,137045
646,185,715,136631,136816
282,185,957,136438,136623
8426,50,8068,129512,129562
8809,50,8449,129181,129231
1581,50,8607,129073,129123
5861,50,8700,129030,129080
8896,50,8702,129078,129128
6275,50,8779,129051,129101
6303,50,8836,129044,129094
1623,50,8855,129075,129125
1617,50,8861,129119,129169
5785,50,8957,129073,129123
7374,50,9091,128989,129039
8411,50,9204,128926,128976
3208,50,9211,128969,129019
4753,50,9235,128995,129045
5860,50,9241,129039,129089
4662,50,9257,129073,129123
9444,50,9314,129066,129116
2245,50,9330,129100,129150
1808,50,9492,128988,129038
7693,50,9678,128852,128902
9080,50,9682,128898,128948
5435,50,9691,128939,128989
4686,50,9772,128908,128958
6098,50,9820,128910,128960
6208,50,9821,128959,129009
5522,50,9862,128968,129018
388,186,157,138587,138773
513,186,348,138446,138632
573,186,960,137884,138070
4178,51,8001,131029,131080
8524,51,8054,131027,131078
4842,51,8119,131013,131064
5157,51,8155,131028,131079
2754,51,8276,130958,131009
5060,51,8286,130999,131050
7537,51,8336,131000,131051
1238,51,8392,130995,131046
7527,51,8470,130968,131019
3569,51,8473,131016,131067
9151,51,8585,130955,131006
8272,51,8707,130884,130935
3873,51,8785,130857,130908
8547,51,8801,130892,130943
3521,51,8924,130820,130871
3495,51,8955,130840,130891
4095,51,8955,130891,130942
3999,51,9072,130825,130876
4609,51,9072,130876,130927
8970,51,9283,130716,130767
5049,51,9427,130623,130674
8913,51,9432,130669,130720
4899,51,9476,130676,130727
7907,51,9502,130701,130752
9508,51,9516,130738,130789
5968,51,9557,130748,130799
7214,51,9903,130453,130504
6471,51,9967,130440,130491
292,187,105,140217,140404
972,187,271,140102,140289
224,187,682,139742,139929
440,187,734,139741,139928
829,187,987,139539,139726
4741,52,8046,132667,132719
6967,52,8124,132641,132693
8469,52,8134,132683,132735
9277,52,8208,132661,132713
6420,52,8223,132698,132750
1165,52,8362,132611,132663
9554,52,8454,132571,132623
1531,52,8455,132622,132674
3574,52,8460,132669,132721
5293,52,8575,132606,132658
4927,52,8623,132610,132662
3915,52,8633,132652,132704
5280,52,8660,132677,132729
6779,52,8677,132712,132764
5016,52,8870,132571,132623
6272,52,8916,132577,132629
6107,52,8943,132602,132654
1463,52,9014,132583,132635
3648,52,9077,132572,132624
2922,52,9201,132500,132552
6283,52,9348,132405,132457
2250,52,9516,132289,132341
6813,52,9636,132221,132273
5140,52,9730,132179,132231
7228,52,9834,132127,132179
1768,52,9879,132134,132186
9196,52,9886,132179,132231
8057,52,9953,132164,132216
8256,52,9995,132174,132226
407,188,519,141566,141754
692,188,712,141425,141613
765,188,912,141277,141465
8648,53,8046,134331,134384
2337,53,8155,134275,134328
3766,53,8292,134191,134244
1031,53,8595,133941,133994
8433,53,8633,133956,134009
6211,53,8726,133916,133969
3735,53,8741,133954,134007
3694,53,8762,133986,134039
4526,53,8790,134011,134064
5259,53,8793,134061,134114
9808,53,8855,134052,134105
6288,53,8857,134103,134156
7200,53,8864,134149,134202
2466,53,8887,134179,134232
9686,53,9045,134074,134127
2594,53,9048,134124,134177
2483,53,9160,134065,134118
7933,53,9207,134071,134124
5184,53,9287,134044,134097
8921,53,9341,134043,134096
3613,53,9423,134014,134067
7222,53,9425,134065,134118
2613,53,9433,134110,134163
4002,53,9494,134102,134155
3623,53,9524,134125,134178
6901,53,9582,134120,134173
1472,53,9631,134124,134177
2272,53,9687,134121,134174
1845,53,9703,134158,134211
3200,53,9823,134091,134144
4688,53,9893,134074,134127
5044,53,9910,134110,134163
418,189,367,143570,143759
961,189,898,143092,143281
5851,54,8005,136174,136228
3257,54,8075,136158,136212
5706,54,8082,136205,136259
7360,54,8157,136184,136238
8476,54,8211,136184,136238
4832,54,8225,136224,136278
9033,54,8269,136234,136288
2109,54,8410,136147,136201
4380,54,8438,136173,136227
3568,54,8536,136129,136183
3035,54,8562,136157,136211
1852,54,8621,136152,136206
8580,54,8630,136197,136251
5480,54,8732,136149,136203
9599,54,8744,136191,136245
9170,54,8798,136191,136245
6263,54,8862,136181,136235
5050,54,8871,136226,136280
5625,54,8945,136206,136260
6140,54,8990,136215,136269
8122,54,9017,136242,136296
4934,54,9092,136221,136275
8791,54,9100,136267,136321
4130,54,9155,136266,136320
1345,54,9161,136314,136368
5952,54,9212,136317,136371
1117,54,9214,136369,136423
7270,54,9219,136418,136472
9963,54,9309,136382,136436
3801,54,9352,136393,136447
3643,54,9482,136317,136371
9907,54,9501,136352,136406
1838,54,9550,136357,136411
7657,54,9586,136375,136429
1101,54,9663,136352,136406
9395,54,9815,136254,136308
6668,54,9844,136279,136333
3503,54,9861,136316,136370
3842,54,9867,136364,136418
8601,54,9910,136375,136429
4281,54,9993,136346,136400
339,190,132,146125,146315
465,190,832,145479,145669
462,190,983,145382,145572
7467,55,8081,138474,138529
7556,55,8196,138414,138469
8172,55,8283,138382,138437
8105,55,8314,138406,138461
8879,55,8321,138454,138509
8803,55,8602,138228,138283
1647,55,8638,138247,138302
5531,55,8844,138096,138151
3976,55,8868,138127,138182
1936,55,8921,138129,138184
9427,55,8929,138176,138231
2602,55,8965,138195,138250
6036,55,8978,138237,138292
4200,55,9018,138252,138307
9569,55,9025,138300,138355
5032,55,9194,138186,138241
3583,55,9249,138186,138241
7796,55,9294,138196,138251
7246,55,9380,138165,138220
3736,55,9472,138128,138183
3078,55,9604,138051,138106
3170,55,9635,138075,138130
6618,55,9964,137801,137856
8089,55,9998,137822,137877
899,191,58,147681,147872
941,191,123,147671,147862
1339,56,8100,139885,139941
7146,56,8155,139886,139942
8750,56,8171,139926,139982
9117,56,8411,139742,139798
8118,56,8554,139655,139711
2423,56,8707,139558,139614
7644,56,8832,139489,139545
1105,56,8848,139529,139585
1792,56,9021,139412,139468
5723,56,9075,139414,139470
8795,56,9149,139396,139452
2704,56,9233,139368,139424
6777,56,9273,139384,139440
4115,56,9325,139388,139444
2065,56,9454,139315,139371
5325,56,9494,139331,139387
1684,56,9521,139360,139416
7730,56,9563,139374,139430
4272,56,9583,139410,139466
4369,56,9652,139397,139453
4668,56,9700,139405,139461
4925,56,9792,139369,139425
8848,56,9847,139370,139426
8519,56,9877,139396,139452
4522,56,9949,139380,139436
432,192,804,148445,148637
715,192,879,148426,148618
5115,57,8016,141481,141538
3547,57,8043,141511,141568
7902,57,8106,141505,141562
5236,57,8157,141511,141568
7851,57,8216,141509,141566
3305,57,8248,141534,141591
1535,57,8356,141483,141540
4982,57,8398,141498,141555
7301,57,8425,141528,141585
8192,57,8425,141585,141642
5180,57,8451,141616,141673
7136,57,8455,141669,141726
2217,57,8674,141507,141564
4028,57,8766,141472,141529
6175,57,8802,141493,141550
1999,57,8930,141422,141479
4915,57,8997,141412,141469
5563,57,9046,141420,141477
8813,57,9099,141424,141481
9993,57,9240,141340,141397
2835,57,9385,141252,141309
9028,57,9415,141279,141336
8301,57,9509,141242,141299
4293,57,9674,141134,141191
5629,57,9718,141147,141204
2799,57,9770,141152,141209
7735,57,9819,141160,141217
2954,57,9885,141151,141208
7718,57,9888,141205,141262
6433,57,9922,141228,141285
173,193,77,150994,151187
157,193,490,150638,150831
216,193,797,150388,150581
981,193,870,150372,150565
5567,58,8005,143430,143488
5645,58,8031,143462,143520
4493,58,8038,143513,143571
3956,58,8075,143534,143592
8986,58,8093,143574,143632
8399,58,8198,143527,143585
6044,58,8203,143580,143638
7934,58,8235,143606,143664
3485,58,8237,143662,143720
2540,58,8245,143712,143770
2963,58,8410,143605,143663
8827,58,8604,143469,143527
9099,58,8606,143525,143583
8489,58,8677,143512,143570
5113,58,8704,143543,143601
4826,58,8739,143566,143624
3656,58,8766,143597,143655
9369,58,8863,143558,143616
5095,58,9213,143266,143324
7435,58,9231,143306,143364
8397,58,9258,143337,143395
1615,58,9295,143358,143416
3869,58,9633,143078,143136
5203,58,9649,143120,143178
8843,58,9682,143145,143203
5609,58,9793,143092,143150
6311,58,9890,143053,143111
9132,58,9890,143111,143169
8972,58,9949,143110,143168
914,194,278,152703,152897
574,194,530,152509,152703
652,194,647,152450,152644
710,194,831,152324,152518
5562,59,8027,145322,145381
9212,59,8034,145374,145433
2334,59,8039,145428,145487
5996,59,8135,145391,145450
7438,59,8237,145348,145407
8208,59,8332,145312,145371
4870,59,8367,145336,145395
5671,59,8389,145373,145432
3980,59,8401,145420,145479
6371,59,8469,145411,145470
3706,59,8499,145440,145499
1674,59,8555,145443,145502
8163,59,8674,145383,145442
5669,59,8686,145430,145489
4139,59,8852,145323,145382
9006,59,8898,145336,145395
6872,59,8949,145344,145403
8668,59,9059,145293,145352
2763,59,9134,145277,145336
6210,59,9136,145334,145393
6020,59,9150,145379,145438
1594,59,9210,145378,145437
7123,59,9228,145419,145478
6477,59,9235,145471,145530
3932,59,9283,145482,145541
8637,59,9292,145532,145591
2333,59,9311,145572,145631
6115,59,9368,145574,145633
7009,59,9710,145291,145350
7589,59,9763,145297,145356
3229,59,9768,145351,145410
9328,59,9905,145273,145332
1041,59,9935,145302,145361
9708,59,9953,145343,145402
3015,59,9968,145387,145446
856,195,441,154837,155032
256,195,459,154878,155073
278,195,529,154867,155062
994,195,647,154808,155003
544,195,829,154685,154880
738,195,832,154741,154936
9120,60,8118,147650,147710
9010,60,8344,147484,147544
1726,60,8406,147482,147542
7333,60,8410,147538,147598
5272,60,8451,147557,147617
7008,60,8451,147617,147677
7327,60,8482,147646,147706
7548,60,8495,147693,147753
6574,60,8629,147619,147679
8861,60,8673,147635,147695
5715,60,8691,147677,147737
4770,60,8699,147729,147789
6316,60,8894,147594,147654
2541,60,9011,147537,147597
5979,60,9149,147459,147519
6914,60,9189,147479,147539
7803,60,9244,147484,147544
7817,60,9403,147385,147445
9980,60,9471,147377,147437
9455,60,9506,147402,147462
6486,60,9539,147429,147489
1565,60,9674,147354,147414
3103,60,9677,147411,147471
3087,60,9772,147376,147436
7807,60,9821,147387,147447
3486,60,9921,147347,147407
8785,60,9948,147380,147440
113,196,140,157112,157308
751,196,288,157024,157220
875,196,440,156932,157128
606,196,473,156959,157155
414,196,532,156960,157156
766,196,767,156785,156981
208,196,810,156802,156998
280,196,844,156828,157024
5362,61,8160,149708,149769
5689,61,8179,149750,149811
2298,61,8189,149801,149862
1733,61,8204,149847,149908
5832,61,8262,149850,149911
7653,61,8354,149819,149880
9874,61,8370,149864,149925
5029,61,8394,149901,149962
8640,61,8563,149793,149854
8000,61,8579,149838,149899
9529,61,8621,149857,149918
7577,61,8644,149895,149956
3432,61,8661,149939,150000
3787,61,8980,149681,149742
6050,61,9299,149423,149484
1308,61,9319,149464,149525
3385,61,9323,149521,149582
6838,61,9331,149574,149635
2871,61,9384,149582,149643
4075,61,9458,149569,149630
8300,61,9476,149612,149673
7550,61,9482,149667,149728
4185,61,9578,149632,149693
7532,61,9596,149675,149736
1060,61,9630,149702,149763
9607,61,9746,149647,149708
5833,61,9798,149656,149717
9880,61,9934,149581,149642
1608,61,9998,149578,149639
885,197,299,159202,159399
741,197,445,159117,159314
613,197,592,159031,159228
250,197,780,158904,159101
3464,62,8089,151792,151854
8863,62,8181,151762,151824
4021,62,8183,151822,151884
6603,62,8185,151882,151944
2066,62,8260,151869,151931
8755,62,8354,151837,151899
9167,62,8359,151894,151956
1269,62,8370,151945,152007
2157,62,8425,151952,152014
8964,62,8464,151975,152037
9611,62,8542,151959,152021
8722,62,8571,151992,152054
5859,62,8661,151964,152026
1108,62,8663,152024,152086
6209,62,8928,151821,151883
6323,62,9064,151747,151809
7135,62,9067,151806,151868
4288,62,9069,151866,151928
9598,62,9072,151925,151987
5189,62,9110,151949,152011
5459,62,9143,151978,152040
7978,62,9177,152006,152068
7212,62,9271,151974,152036
8908,62,9347,151960,152022
6363,62,9480,151889,151951
7039,62,9494,151937,151999
5089,62,9498,151995,152057
1655,62,9517,152038,152100
5062,62,9569,152048,152110
9127,62,9783,151896,151958
7335,62,9946,151795,151857
602,198,77,161590,161788
579,198,492,161237,161435
5286,63,8086,153841,153904
4177,63,8221,153769,153832
5977,63,8287,153766,153829
9983,63,8352,153764,153827
7097,63,8468,153711,153774
8412,63,8481,153761,153824
1952,63,8576,153729,153792
7129,63,8589,153779,153842
7322,63,8600,153831,153894
4294,63,8627,153867,153930
5485,63,8722,153835,153898
5807,63,8821,153799,153862
3557,63,8953,153730,153793
6724,63,8995,153751,153814
9211,63,9182,153627,153690
3137,63,9231,153641,153704
8130,63,9236,153699,153762
6489,63,9271,153727,153790
3519,63,9288,153773,153836
9511,63,9496,153628,153691
4558,63,9527,153660,153723
6652,63,9590,153660,153723
7357,63,9715,153598,153661
5606,63,9824,153552,153615
9012,63,9875,153564,153627
7575,63,9977,153525,153588
327,199,263,163166,163365
672,199,520,162972,163171
214,199,607,162948,163147
6992,64,8061,155693,155757
3938,64,8074,155744,155808
5618,64,8373,155509,155573
9055,64,8401,155545,155609
7286,64,8409,155601,155665
4183,64,8472,155602,155666
5383,64,8618,155520,155584
3499,64,8666,155536,155600
3598,64,8696,155570,155634
8392,64,8724,155606,155670
4607,64,8735,155659,155723
2844,64,8858,155600,155664
4975,64,8921,155601,155665
1157,64,9159,155427,155491
4512,64,9182,155468,155532
8310,64,9222,155492,155556
5329,64,9224,155554,155618
3308,64,9262,155580,155644
8388,64,9341,155565,155629
5099,64,9356,155614,155678
4309,64,9361,155673,155737
2164,64,9516,155582,155646
4362,64,9529,155633,155697
5430,64,9574,155652,155716
9378,64,9701,155589,155653
5146,64,9734,155620,155684
3020,64,9782,155636,155700
5344,64,9912,155570,155634
772,200,477,164933,165133
369,200,510,164964,165164
2273,65,8021,157653,157718
4942,65,8135,157604,157669
3214,65,8304,157500,157565
8179,65,8374,157495,157560
3629,65,8427,157507,157572
4137,65,8487,157512,157577
1915,65,8550,157514,157579
4663,65,8574,157555,157620
8583,65,8639,157555,157620
4860,65,8647,157612,157677
1221,65,8657,157667,157732
8245,65,8704,157685,157750
8018,65,8710,157744,157809
3626,65,8733,157786,157851
7558,65,8764,157820,157885
4527,65,8915,157734,157799
2626,65,8973,157741,157806
9023,65,8973,157806,157871
6973,65,9014,157830,157895
4647,65,9015,157894,157959
8347,65,9071,157903,157968
1348,65,9152,157887,157952
9839,65,9169,157935,158000
6844,65,9171,157998,158063
9485,65,9171,158063,158128
7741,65,9269,158030,158095
7384,65,9312,158052,158117
9327,65,9320,158109,158174
9264,65,9377,158117,158182
9439,65,9411,158148,158213
9004,65,9586,158038,158103
4063,65,9787,157902,157967
3597,65,9872,157882,157947
3580,65,9922,157897,157962
2657,65,9964,157920,157985
4519,65,9989,157960,158025
376,201,157,167721,167922
420,201,291,167652,167853
481,201,863,167145,167346
5161,66,8094,160115,160181
6548,66,8105,160170,160236
5819,66,8313,160028,160094
3970,66,8339,160068,160134
8735,66,8412,160061,160127
1343,66,8434,160105,160171
2198,66,8466,160139,160205
3124,66,8543,160128,160194
6075,66,8554,160183,160249
3247,66,8570,160233,160299
3823,66,8735,160134,160200
5918,66,8735,160200,160266
9292,66,8857,160144,160210
5582,66,8951,160116,160182
6792,66,8969,160164,160230
6416,66,9007,160192,160258
6298,66,9125,160140,160206
4676,66,9187,160144,160210
6500,66,9235,160162,160228
1469,66,9252,160211,160277
1929,66,9368,160161,160227
2143,66,9501,160094,160160
6372,66,9576,160085,160151
9859,66,9586,160141,160207
7210,66,9592,160201,160267
1576,66,9730,160129,160195
6200,66,9739,160186,160252
6979,66,9813,160178,160244
1586,66,9838,160219,160285
9705,66,9912,160211,160277
9861,66,9921,160268,160334
894,202,108,170011,170213
242,202,383,169802,170004
905,202,757,169494,169696
350,202,764,169553,169755
114,202,892,169491,169693
711,202,920,169529,169731
1487,67,8028,162623,162690
6109,67,8133,162585,162652
7631,67,8201,162584,162651
8360,67,8303,162549,162616
3741,67,8314,162605,162672
7455,67,8366,162620,162687
3006,67,8556,162497,162564
6847,67,8577,162543,162610
4222,67,8683,162504,162571
6831,67,8692,162562,162629
6423,67,8715,162606,162673
1611,67,8730,162658,162725
2959,67,8733,162722,162789
1443,67,8740,162782,162849
8805,67,9038,162551,162618
2041,67,9250,162406,162473
8165,67,9264,162459,162526
6287,67,9289,162501,162568
3334,67,9296,162561,162628
1653,67,9400,162524,162591
6592,67,9469,162522,162589
2261,67,9505,162553,162620
9097,67,9562,162563,162630
7813,67,9587,162605,162672
5590,67,9890,162369,162436
4799,67,9957,162369,162436
865,203,550,171707,171910
277,203,571,171753,171956
104,203,616,171775,171978
938,203,857,171601,171804
2772,68,8088,164573,164641
2624,68,8130,164599,164667
1144,68,8197,164600,164668
9173,68,8288,164577,164645
8514,68,8428,164505,164573
7207,68,8439,164562,164630
3220,68,8641,164428,164496
6197,68,8811,164326,164394
6035,68,8977,164228,164296
3195,68,8999,164274,164342
5368,68,9183,164158,164226
7675,68,9200,164209,164277
5685,68,9210,164267,164335
6347,68,9275,164270,164338
2266,68,9296,164317,164385
7573,68,9335,164346,164414
7705,68,9350,164399,164467
8725,68,9411,164406,164474
8567,68,9422,164463,164531
9512,68,9523,164430,164498
1590,68,9676,164345,164413
5686,68,9775,164314,164382
3154,68,9824,164333,164401
7898,68,9846,164379,164447
1710,68,9936,164357,164425
493,204,749,173476,173680
6822,69,8055,166374,166443
3632,69,8070,166428,166497
7614,69,8077,166490,166559
1420,69,8144,166492,166561
8917,69,8204,166501,166570
2742,69,8306,166468,166537
6226,69,8347,166496,166565
5597,69,8451,166461,166530
5847,69,8491,166490,166559
1588,69,8609,166441,166510
8618,69,8703,166416,166485
5760,69,8769,166419,166488
1212,69,8816,166441,166510
3572,69,9067,166259,166328
9336,69,9068,166327,166396
3019,69,9141,166323,166392
3104,69,9182,166351,166420
3377,69,9365,166237,166306
1631,69,9375,166296,166365
5361,69,9486,166254,166323
1668,69,9637,166172,166241
5192,69,9736,166142,166211
2853,69,9743,166204,166273
8872,69,9865,166151,166220
8664,69,9878,166207,166276
6741,69,9885,166269,166338
276,205,82,176005,176210
454,205,88,176068,176273
939,205,415,175810,176015
530,205,485,175809,176014
519,205,604,175759,175964
8980,70,8102,168466,168536
9974,70,8117,168521,168591
5102,70,8444,168264,168334
7159,70,8585,168193,168263
2539,70,8592,168256,168326
5754,70,8623,168295,168365
2678,70,8628,168360,168430
7894,70,8628,168430,168500
8120,70,8630,168498,168568
3606,70,8650,168548,168618
5393,70,8687,168581,168651
7343,70,8803,168535,168605
4971,70,8966,168442,168512
8069,70,8987,168491,168561
7563,70,9074,168474,168544
8707,70,9088,168530,168600
9267,70,9250,168438,168508
2808,70,9274,168484,168554
5547,70,9342,168486,168556
9867,70,9488,168410,168480
2759,70,9535,168433,168503
9816,70,9550,168488,168558
8646,70,9553,168555,168625
4943,70,9640,168538,168608
7812,70,9673,168575,168645
3013,70,9682,168636,168706
2838,70,9694,168694,168764
7650,70,9698,168760,168830
8534,70,9832,168696,168766
8854,70,9836,168762,168832
5305,70,9897,168771,168841
6239,70,9972,168766,168836
6590,70,9999,168809,168879
218,206,147,178595,178801
736,206,804,178008,178214
3408,71,8020,170998,171069
8724,71,8127,170962,171033
7429,71,8162,170998,171069
7914,71,8183,171048,171119
7676,71,8202,171100,171171
2044,71,8204,171169,171240
7896,71,8204,171240,171311
9631,71,8247,171268,171339
5741,71,8248,171338,171409
9663,71,8255,171402,171473
6122,71,8381,171347,171418
5726,71,8461,171338,171409
3433,71,8545,171325,171396
5849,71,8628,171313,171384
1559,71,8731,171281,171352
4144,71,8755,171328,171399
1752,71,8766,171388,171459
8227,71,8796,171429,171500
2194,71,8866,171430,171501
7338,71,9044,171323,171394
3187,71,9061,171377,171448
4420,71,9156,171353,171424
7461,71,9187,171393,171464
7530,71,9221,171430,171501
5757,71,9353,171369,171440
9902,71,9356,171437,171508
9248,71,9434,171430,171501
9991,71,9438,171497,171568
4544,71,9463,171543,171614
9605,71,9475,171602,171673
5238,71,9494,171654,171725
5695,71,9528,171691,171762
2936,71,9588,171702,171773
3030,71,9695,171666,171737
1574,71,9850,171582,171653
5602,71,9905,171598,171669
5998,71,9930,171644,171715
495,207,354,181155,181362
890,207,388,181192,181399
901,207,520,181131,181338
702,207,752,180970,181177
296,207,756,181037,181244
4220,72,8084,173916,173988
3321,72,8109,173963,174035
3660,72,8161,173983,174055
6645,72,8170,174046,174118
5867,72,8212,174076,174148
6310,72,8290,174070,174142
6732,72,8328,174104,174176
5470,72,8349,174155,174227
5338,72,8467,174109,174181
5193,72,8594,174054,174126
3273,72,8910,173810,173882
7722,72,8953,173839,173911
3737,72,8956,173908,173980
5690,72,9011,173925,173997
7541,72,9017,173991,174063
6664,72,9026,174054,174126
2030,72,9064,174088,174160
7395,72,9089,174135,174207
8571,72,9182,174114,174186
2967,72,9193,174175,174247
8915,72,9198,174242,174314
8642,72,9222,174290,174362
6411,72,9223,174361,174433
5999,72,9230,174426,174498
3403,72,9242,174486,174558
6902,72,9480,174320,174392
9770,72,9522,174350,174422
4491,72,9552,174392,174464
1656,72,9653,174363,174435
5464,72,9683,174405,174477
5055,72,9750,174410,174482
4573,72,9805,174427,174499
4256,72,9862,174442,174514
5788,72,9917,174459,174531
5323,72,9942,174506,174578
373,208,503,183881,184089
581,208,674,183782,183990
8961,73,8087,176577,176650
6390,73,8217,176520,176593
4243,73,8220,176590,176663
8061,73,8242,176641,176714
8357,73,8298,176658,176731
2588,73,8341,176688,176761
6646,73,8411,176691,176764
7959,73,8458,176717,176790
5341,73,8467,176781,176854
8885,73,8567,176754,176827
9393,73,8640,176754,176827
9646,73,8688,176779,176852
3867,73,8696,176844,176917
5370,73,8807,176806,176879
3482,73,9005,176681,176754
2379,73,9011,176748,176821
9045,73,9022,176810,176883
7668,73,9024,176881,176954
2389,73,9080,176898,176971
2427,73,9083,176968,177041
4385,73,9086,177038,177111
1180,73,9151,177046,177119
1869,73,9222,177048,177121
4777,73,9325,177018,177091
9116,73,9352,177064,177137
6907,73,9358,177131,177204
9465,73,9387,177175,177248
7397,73,9460,177175,177248
9331,73,9648,177060,177133
4792,73,9760,177021,177094
9017,73,9774,177080,177153
7637,73,9931,176996,177069
5444,73,9977,177023,177096
162,209,174,186763,186972
720,209,278,186732,186941
3973,74,8165,179054,179128
2035,74,8173,179120,179194
2800,74,8219,179148,179222
5816,74,8283,179158,179232
2576,74,8410,179105,179179
7407,74,8412,179177,179251
1698,74,8467,179196,179270
2232,74,8747,178990,179064
4343,74,9044,178767,178841
9239,74,9212,178673,178747
5656,74,9219,178740,178814
6917,74,9352,178681,178755
3610,74,9368,178739,178813
6720,74,9438,178743,178817
4951,74,9596,178659,178733
3827,74,9670,178659,178733
3857,74,9705,178698,178772
3539,74,9720,178757,178831
4891,74,9751,178800,178874
1660,74,9768,178857,178931
3242,74,9914,178785,178859
6946,74,9937,178836,178910
6382,74,9951,178896,178970
2262,74,9954,178967,179041
5705,74,9954,179041,179115
1864,74,9997,179072,179146
631,210,894,188113,188323
9829,75,8059,181158,181233
3226,75,8081,181211,181286
4835,75,8184,181183,181258
8957,75,8265,181177,181252
1494,75,8281,181236,181311
8424,75,8296,181296,181371
5199,75,8345,181322,181397
5142,75,8377,181365,181440
1295,75,8429,181388,181463
8465,75,8482,181410,181485
4653,75,8512,181455,181530
5245,75,8672,181370,181445
3796,75,8709,181408,181483
5921,75,8813,181379,181454
5782,75,8824,181443,181518
4408,75,8826,181516,181591
4460,75,8995,181422,181497
3417,75,9107,181385,181460
5217,75,9140,181427,181502
5622,75,9242,181400,181475
6330,75,9282,181435,181510
5648,75,9433,181359,181434
7963,75,9442,181425,181500
1444,75,9530,181412,181487
5170,75,9565,181452,181527
3316,75,9602,181490,181565
7510,75,9893,181274,181349
3720,75,9926,181316,181391
6729,75,9970,181347,181422
714,211,100,191156,191367
413,211,207,191124,191335
233,211,272,191134,191345
241,211,687,190794,191005
3584,76,8033,183659,183735
2235,76,8093,183675,183751
5423,76,8127,183717,183793
8982,76,8133,183787,183863
8727,76,8166,183830,183906
6997,76,8213,183859,183935
3767,76,8237,183911,183987
8149,76,8427,183797,183873
7184,76,8709,183591,183667
8455,76,8746,183630,183706
5869,76,8749,183703,183779
1688,76,8827,183701,183777
5794,76,8856,183748,183824
4506,76,8938,183742,183818
5917,76,8971,183785,183861
4533,76,9087,183745,183821
9024,76,9182,183726,183802
5912,76,9202,183782,183858
1545,76,9245,183815,183891
9818,76,9289,183847,183923
2011,76,9309,183903,183979
4300,76,9316,183972,184048
4507,76,9377,183987,184063
7783,76,9381,184059,184135
2463,76,9431,184085,184161
4880,76,9481,184111,184187
5627,76,9593,184075,184151
5889,76,9955,183789,183865
4706,76,9967,183853,183929
861,212,551,193209,193421
863,212,724,193112,193324
5401,77,8042,186006,186083
5034,77,8094,186031,186108
6778,77,8142,186060,186137
8759,77,8162,186117,186194
8589,77,8205,186151,186228
6543,77,8207,186226,186303
4579,77,8291,186219,186296
9748,77,8391,186196,186273
1317,77,8418,186246,186323
7698,77,8439,186302,186379
9522,77,8509,186309,186386
3773,77,8515,186380,186457
4218,77,8566,186406,186483
4067,77,8571,186478,186555
6367,77,8791,186335,186412
8794,77,8859,186344,186421
9541,77,8930,186350,186427
9478,77,9219,186138,186215
1236,77,9298,186136,186213
3392,77,9338,186173,186250
1205,77,9351,186237,186314
1116,77,9374,186291,186368
3268,77,9609,186133,186210
4703,77,9849,185970,186047
5426,77,9942,185954,186031
196,213,69,195768,195981
4786,78,8074,187976,188054
4597,78,8149,187979,188057
4945,78,8151,188055,188133
5237,78,8207,188077,188155
8401,78,8207,188155,188233
7252,78,8210,188230,188308
1735,78,8251,188267,188345
8244,78,8301,188295,188373
9837,78,8313,188361,188439
7623,78,8391,188361,188439
7195,78,8484,188346,188424
4332,78,8546,188362,188440
6654,78,8752,188234,188312
7927,78,8767,188297,188375
8189,78,8771,188371,188449
4184,78,8810,188410,188488
1217,78,8852,188446,188524
7073,78,8865,188511,188589
6962,78,8868,188586,188664
4373,78,8966,188566,188644
4798,78,9153,188457,188535
8536,78,9185,188503,188581
3683,78,9398,188368,188446
9810,78,9495,188349,188427
9723,78,9497,188425,188503
7386,78,9613,188387,188465
6271,78,9617,188461,188539
6166,78,9625,188531,188609
7313,78,9729,188505,188583
9263,78,9821,188491,188569
1114,78,9822,188568,188646
6254,78,9872,188596,188674
5156,78,9931,188615,188693
499,214,728,197760,197974
820,214,952,197614,197828
8102,79,8052,190728,190807
7652,79,8110,190749,190828
3222,79,8235,190703,190782
6040,79,8258,190759,190838
9833,79,8408,190688,190767
6030,79,8472,190703,190782
7946,79,8512,190742,190821
4540,79,8792,190541,190620
7260,79,8793,190619,190698
9298,79,8806,190685,190764
9315,79,8864,190706,190785
4009,79,8888,190761,190840
9845,79,8899,190829,190908
2716,79,8909,190898,190977
4074,79,8924,190962,191041
9846,79,8933,191032,191111
6540,79,8990,191054,191133
2609,79,8992,191131,191210
5067,79,9196,191006,191085
5716,79,9208,191073,191152
3892,79,9360,191000,191079
4716,79,9547,190892,190971
4944,79,9708,190810,190889
6118,79,9742,190855,190934
2494,79,9871,190805,190884
7832,79,9897,190858,190937
4591,79,9985,190849,190928
379,215,397,200380,200595
956,215,490,200366,200581
733,215,606,200329,200544
387,215,777,200237,200452
810,215,839,200254,200469
430,215,894,200278,200493
2719,80,8030,193357,193437
2596,80,8057,193410,193490
7919,80,8181,193366,193446
6002,80,8268,193359,193439
3746,80,8358,193349,193429
2119,80,8367,193420,193500
4245,80,8433,193434,193514
3637,80,8466,193481,193561
7375,80,8474,193553,193633
9089,80,8487,193620,193700
2459,80,8501,193686,193766
1081,80,8796,193471,193551
8920,80,8848,193499,193579
1821,80,8974,193453,193533
8944,80,8988,193519,193599
7708,80,9107,193480,193560
4308,80,9306,193361,193441
1503,80,9347,193400,193480
8090,80,9347,193480,193560
3550,80,9468,193439,193519
9258,80,9495,193492,193572
6521,80,9509,193558,193638
9353,80,9543,193604,193684
8615,80,9606,193621,193701
6059,80,9776,193531,193611
6244,80,9810,193577,193657
3429,80,9822,193645,193725
618,216,232,203179,203395
341,216,852,202639,202855
725,216,916,202655,202871
9735,81,8016,195771,195852
1926,81,8055,195813,195894
9641,81,8085,195864,195945
6783,81,8098,195932,196013
2709,81,8103,196008,196089
8864,81,8114,196078,196159
4197,81,8217,196056,196137
6103,81,8660,195694,195775
4746,81,8665,195770,195851
8156,81,8670,195846,195927
9733,81,8699,195898,195979
3315,81,8708,195970,196051
6604,81,8823,195936,196017
5446,81,8859,195981,196062
6257,81,8876,196045,196126
3113,81,8883,196119,196200
7526,81,9013,196070,196151
5298,81,9022,196142,196223
4141,81,9089,196156,196237
6804,81,9173,196153,196234
2336,81,9191,196216,196297
3445,81,9209,196279,196360
2843,81,9297,196272,196353
9357,81,9353,196297,196378
1477,81,9363,196368,196449
6898,81,9479,196333,196414
6751,81,9550,196343,196424
1946,81,9617,196357,196438
6889,81,9622,196433,196514
4638,81,9689,196447,196528
2223,81,9867,196350,196431
4836,81,9872,196426,196507
7687,81,9908,196471,196552
8436,81,9981,196479,196560
1707,81,9996,196545,196626
453,217,139,206347,206564
693,217,190,206377,206594
976,217,247,206401,206618
167,217,332,206397,206614
340,217,358,206452,206669
361,217,462,206429,206646
9868,82,8023,199085,199167
6381,82,8109,199081,199163
5793,82,8118,199154,199236
4744,82,8191,199163,199245
8494,82,8254,199182,199264
7013,82,8282,199236,199318
9521,82,8376,199224,199306
4267,82,8407,199275,199357
6698,82,8438,199326,199408
4316,82,8469,199377,199459
8247,82,8471,199457,199539
3662,82,8494,199516,199598
8538,82,8655,199437,199519
2265,82,8689,199485,199567
8613,82,8718,199538,199620
5570,82,8764,199574,199656
3645,82,8766,199654,199736
9647,82,8839,199663,199745
1493,82,8918,199666,199748
3240,82,9076,199590,199672
6829,82,9168,199580,199662
9166,82,9219,199611,199693
6284,82,9271,199641,199723
1599,82,9376,199618,199700
6458,82,9638,199438,199520
5407,82,9882,199276,199358
344,218,168,208936,209154
755,218,233,208953,209171
8071,83,8021,201383,201466
9419,83,8053,201434,201517
9928,83,8087,201483,201566
7418,83,8135,201518,201601
9719,83,8139,201597,201680
5795,83,8178,201641,201724
6141,83,8190,201712,201795
9890,83,8263,201722,201805
1384,83,8425,201643,201726
4911,83,8473,201678,201761
4825,83,8515,201719,201802
5559,83,8579,201738,201821
2292,83,8584,201816,201899
1373,83,8588,201895,201978
5808,83,8754,201812,201895
8114,83,8916,201733,201816
5202,83,9007,201725,201808
7431,83,9042,201773,201856
2580,83,9076,201822,201905
5316,83,9218,201763,201846
1178,83,9381,201683,201766
6233,83,9448,201699,201782
1834,83,9601,201629,201712
8846,83,9687,201626,201709
7937,83,9800,201596,201679
354,219,514,210829,211048
9349,84,8012,203550,203634
6174,84,8028,203618,203702
2520,84,8115,203615,203699
5269,84,8154,203660,203744
4099,84,8219,203679,203763
2553,84,8239,203743,203827
2476,84,8242,203824,203908
3148,84,8244,203906,203990
7567,84,8330,203904,203988
9703,84,8363,203955,204039
7350,84,8385,204017,204101
4440,84,8484,204002,204086
8742,84,8539,204031,204115
4193,84,8576,204078,204162
5762,84,8599,204139,204223
8250,84,8628,204194,204278
8146,84,8791,204115,204199
1330,84,8820,204170,204254
8940,84,8929,204145,204229
4740,84,9000,204158,204242
4601,84,9017,204225,204309
3176,84,9129,204197,204281
9051,84,9184,204226,204310
8054,84,9242,204252,204336
8836,84,9309,204269,204353
1958,84,9325,204337,204421
3538,84,9361,204385,204469
1616,84,9425,204405,204489
2723,84,9556,204358,204442
4494,84,9630,204368,204452
5560,84,9671,204411,204495
9699,84,9738,204428,204512
3809,84,9783,204467,204551
5698,84,9824,204510,204594
2304,84,9832,204586,204670
494,220,134,214232,214452
515,220,985,213465,213685
5991,85,8096,206574,206659
5009,85,8098,206657,206742
6037,85,8193,206647,206732
1700,85,8239,206686,206771
6855,85,8350,206660,206745
6846,85,8506,206589,206674
3505,85,8602,206578,206663
1360,85,8624,206641,206726
4164,85,8634,206716,206801
6163,85,8924,206511,206596
8033,85,8961,206559,206644
5196,85,8980,206625,206710
3034,85,9359,206331,206416
7308,85,9601,206174,206259
5931,85,9654,206206,206291
8059,85,9674,206271,206356
8350,85,9749,206281,206366
6021,85,9930,206185,206270
9838,85,9951,206249,206334
4254,85,9965,206320,206405
511,221,560,215674,215895
805,221,755,215564,215785
5108,86,8046,208494,208580
5197,86,8136,208490,208576
1896,86,8190,208522,208608
5500,86,8268,208530,208616
3443,86,8291,208593,208679
6009,86,8296,208674,208760
5409,86,8304,208752,208838
6033,86,8308,208834,208920
1382,86,8333,208895,208981
1066,86,8345,208969,209055
1481,86,8354,209046,209132
3469,86,8393,209093,209179
5246,86,8420,209152,209238
3140,86,8461,209197,209283
8463,86,8714,209030,209116
8094,86,8861,208969,209055
4145,86,9051,208865,208951
3439,86,9058,208944,209030
2229,86,9262,208826,208912
8828,86,9275,208899,208985
3366,86,9282,208978,209064
1711,86,9308,209038,209124
9706,86,9345,209087,209173
3355,86,9744,208774,208860
5647,86,9814,208790,208876
8875,86,9841,208849,208935
4142,86,9923,208853,208939
815,222,104,218622,218844
598,222,142,218670,218892
728,222,435,218463,218685
835,222,490,218494,218716
202,222,888,218182,218404
654,222,951,218205,218427
4367,87,8076,211302,211389
2802,87,8158,211307,211394
2951,87,8213,211339,211426
7608,87,8290,211349,211436
1939,87,8318,211408,211495
5587,87,8328,211485,211572
5417,87,8390,211510,211597
6196,87,8397,211590,211677
2061,87,8439,211635,211722
4654,87,8476,211685,211772
3607,87,8507,211741,211828
4265,87,8512,211823,211910
8396,87,8567,211855,211942
9114,87,8636,211873,211960
8100,87,8680,211916,212003
2533,87,8884,211799,211886
3732,87,8886,211884,211971
3647,87,8899,211958,212045
5005,87,8902,212042,212129
3139,87,8917,212114,212201
6206,87,9051,212067,212154
2956,87,9177,212028,212115
9625,87,9333,211959,212046
2386,87,9361,212018,212105
4856,87,9398,212068,212155
6241,87,9422,212131,212218
7662,87,9506,212134,212221
6225,87,9520,212207,212294
1008,87,9557,212257,212344
1533,87,9665,212236,212323
8909,87,9668,212320,212407
6938,87,9676,212399,212486
3359,87,9698,212464,212551
5479,87,9829,212420,212507
8499,87,9838,212498,212585
5949,87,9840,212583,212670
5662,87,9902,212608,212695
3475,87,9906,212691,212778
5925,87,9945,212739,212826
3542,87,9976,212795,212882
390,223,97,222625,222848
859,223,538,222271,222494
115,223,569,222327,222550
983,223,956,222027,222250
9064,88,8012,215194,215282
1053,88,8070,215224,215312
1302,88,8088,215294,215382
6495,88,8115,215355,215443
9726,88,8177,215381,215469
6780,88,8232,215414,215502
5550,88,8434,215300,215388
5358,88,8467,215355,215443
6762,88,8489,215421,215509
1173,88,8707,215291,215379
7533,88,8772,215314,215402
1075,88,8899,215275,215363
6811,88,8906,215356,215444
5379,88,8932,215418,215506
3617,88,8991,215447,215535
8890,88,9058,215468,215556
6809,88,9097,215517,215605
4061,88,9107,215595,215683
7764,88,9126,215664,215752
9095,88,9126,215752,215840
3548,88,9186,215780,215868
2684,88,9318,215736,215824
9973,88,9342,215800,215888
9276,88,9491,215739,215827
1985,88,9612,215706,215794
1719,88,9676,215730,215818
4377,88,9730,215764,215852
6324,88,9851,215731,215819
9794,88,9878,215792,215880
1361,88,9897,215861,215949
6978,88,9954,215892,215980
306,224,130,225668,225892
258,224,373,225513,225737
910,224,482,225492,225716
483,224,520,225542,225766
869,224,524,225626,225850
624,224,969,225269,225493
5052,89,8042,218420,218509
8319,89,8153,218398,218487
2950,89,8442,218198,218287
7571,89,8572,218157,218246
2773,89,8612,218206,218295
2190,89,8680,218227,218316
5432,89,8709,218287,218376
6080,89,8927,218158,218247
8752,89,8940,218234,218323
8134,89,8949,218314,218403
2865,89,8955,218397,218486
5239,89,9054,218387,218476
9653,89,9119,218411,218500
7026,89,9253,218366,218455
8923,89,9300,218408,218497
7771,89,9333,218464,218553
4967,89,9379,218507,218596
9589,89,9458,218517,218606
4180,89,9568,218496,218585
4790,89,9589,218564,218653
1741,89,9596,218646,218735
7875,89,9623,218708,218797
1288,89,9767,218653,218742
4296,89,9864,218645,218734
9107,89,9890,218708,218797
5019,89,9994,218693,218782
756,225,556,228084,228309
931,225,716,228013,228238
2833,90,8173,220781,220871
7012,90,8189,220855,220945
6231,90,8254,220880,220970
4877,90,8410,220814,220904
8904,90,8525,220789,220879
1329,90,8584,220820,220910
5070,90,8782,220712,220802
7137,90,8783,220801,220891
3725,90,8786,220888,220978
4020,90,8870,220894,220984
9124,90,8962,220892,220982
3930,90,8982,220962,221052
2611,90,9079,220955,221045
1016,90,9161,220963,221053
2402,90,9295,220919,221009
3265,90,9339,220965,221055
9385,90,9653,220741,220831
2582,90,9666,220818,220908
3686,90,9693,220881,220971
1528,90,9831,220833,220923
2090,90,9888,220866,220956
7797,90,9945,220899,220989
564,226,897,229901,230127
668,226,927,229961,230187
2987,91,8022,223092,223183
4167,91,8094,223111,223202
4394,91,8115,223181,223272
1794,91,8291,223096,223187
2792,91,8343,223135,223226
7190,91,8344,223225,223316
1595,91,8366,223294,223385
7739,91,8491,223260,223351
8155,91,8515,223327,223418
5745,91,8562,223371,223462
6957,91,8571,223453,223544
5130,91,8656,223459,223550
8873,91,8876,223330,223421
1960,91,8893,223404,223495
3793,91,8910,223478,223569
9752,91,8961,223518,223609
7562,91,9033,223537,223628
7208,91,9072,223589,223680
7982,91,9085,223667,223758
7729,91,9125,223718,223809
1556,91,9215,223719,223810
8212,91,9426,223599,223690
4648,91,9451,223665,223756
3446,91,9554,223653,223744
9540,91,9557,223741,223832
6094,91,9633,223756,223847
4896,91,9872,223608,223699
4993,91,9976,223595,223686
3744,91,9995,223667,223758
304,227,188,233429,233656
212,227,215,233493,233720
2286,92,8068,225867,225959
2733,92,8184,225843,225935
6837,92,8190,225929,226021
6144,92,8294,225917,226009
8617,92,8414,225889,225981
2700,92,8550,225845,225937
2373,92,8633,225854,225946
5978,92,8760,225819,225911
7892,92,8835,225836,225928
3261,92,8843,225920,226012
4487,92,8917,225938,226030
2821,92,8966,225981,226073
5623,92,9112,225927,226019
4863,92,9232,225899,225991
3993,92,9336,225887,225979
4764,92,9340,225975,226067
8467,92,9420,225987,226079
1185,92,9507,225992,226084
7926,92,9757,225834,225926
5728,92,9837,225846,225938
398,228,108,235531,235759
237,228,133,235598,235826
342,228,330,235493,235721
918,228,381,235534,235762
170,228,902,235105,235333
4213,93,8093,228142,228235
7391,93,8115,228213,228306
2926,93,8128,228293,228386
3428,93,8168,228346,228439
4884,93,8228,228379,228472
3803,93,8292,228408,228501
4569,93,8302,228491,228584
5114,93,8357,228529,228622
8663,93,8360,228619,228712
2149,93,8419,228653,228746
4926,93,8477,228688,228781
7707,93,8483,228775,228868
1177,93,8573,228778,228871
2056,93,8590,228854,228947
1086,93,8658,228879,228972
8878,93,8659,228971,229064
6633,93,8678,229045,229138
9303,93,8813,229003,229096
1555,93,8921,228988,229081
2981,93,8981,229021,229114
3565,93,9047,229048,229141
9789,93,9109,229079,229172
3937,93,9131,229150,229243
9610,93,9142,229232,229325
7774,93,9146,229321,229414
7678,93,9185,229375,229468
3151,93,9438,229215,229308
7143,93,9487,229259,229352
1119,93,9543,229296,229389
2766,93,9564,229368,229461
5700,93,9576,229449,229542
4903,93,9724,229394,229487
5600,93,9749,229462,229555
7303,93,9752,229552,229645
6983,93,9829,229568,229661
480,229,103,239251,239480
801,229,275,239172,239401
888,229,382,239158,239387
764,229,605,239028,239257
980,229,788,238938,239167
7359,94,8011,231944,232038
6868,94,8088,231961,232055
8014,94,8209,231934,232028
9821,94,8226,232011,232105
9374,94,8308,232023,232117
9523,94,8343,232082,232176
1067,94,8356,232163,232257
7553,94,8429,232184,232278
4702,94,8450,232257,232351
1898,94,8480,232321,232415
6624,94,8492,232403,232497
5159,94,8510,232479,232573
1796,94,8535,232548,232642
3023,94,8539,232638,232732
3356,94,8569,232702,232796
6867,94,8652,232713,232807
1892,94,8731,232728,232822
1480,94,8751,232802,232896
6740,94,8751,232896,232990
4696,94,8767,232974,233068
6704,94,8778,233057,233151
8217,94,8785,233144,233238
8414,94,9020,233003,233097
6077,94,9054,233063,233157
3266,94,9236,232975,233069
7863,94,9274,233031,233125
9339,94,9368,233031,233125
9987,94,9372,233121,233215
3274,94,9423,233164,233258
9259,94,9473,233208,233302
7015,94,9513,233262,233356
4001,94,9542,233327,233421
2551,94,9551,233412,233506
8338,94,9573,233484,233578
8733,94,9666,233485,233579
6803,94,9774,233471,233565
4328,94,9844,233495,233589
9364,94,9981,233452,233546
7989,94,9990,233537,233631
989,230,78,243407,243637
907,230,114,243465,243695
846,230,452,243221,243451
873,230,556,243211,243441
7531,95,8004,235993,236088
3701,95,8086,236006,236101
9214,95,8119,236068,236163
8314,95,8167,236115,236210
7602,95,8227,236150,236245
3041,95,8295,236177,236272
1566,95,8396,236171,236266
3781,95,8466,236196,236291
2651,95,8492,236265,236360
5312,95,8537,236315,236410
9391,95,8600,236347,236442
4886,95,8636,236406,236501
9561,95,8676,236461,236556
3900,95,8769,236463,236558
2848,95,8782,236545,236640
2324,95,8799,236623,236718
8937,95,8820,236697,236792
3311,95,8838,236774,236869
7118,95,8881,236826,236921
8461,95,8891,236911,237006
6443,95,8989,236908,237003
2481,95,9093,236899,236994
7367,95,9198,236889,236984
2412,95,9441,236741,236836
8353,95,9441,236836,236931
6063,95,9521,236851,236946
5357,95,9550,236917,237012
1093,95,9554,237008,237103
1085,95,9702,236955,237050
5924,95,9714,237038,237133
4351,95,9798,237049,237144
8623,95,9811,237131,237226
8321,95,9830,237207,237302
6248,95,9835,237297,237392
7828,95,9843,237384,237479
4958,95,9946,237376,237471
8381,95,9964,237453,237548
2814,95,9979,237533,237628
1109,95,9999,237608,237703
492,231,514,247052,247283
467,231,763,246898,247129
4338,96,8073,239819,239915
8767,96,8073,239915,240011
9528,96,8229,239855,239951
5143,96,8271,239909,240005
7945,96,8329,239947,240043
5232,96,8413,239959,240055
2592,96,8429,240039,240135
9338,96,8436,240128,240224
5642,96,8491,240169,240265
1150,96,8501,240255,240351
7182,96,8537,240315,240411
7411,96,8561,240387,240483
5923,96,8562,240482,240578
1911,96,8574,240566,240662
7821,96,8578,240658,240754
7257,96,8606,240726,240822
7065,96,8667,240761,240857
3236,96,8750,240774,240870
2581,96,8829,240791,240887
3509,96,8879,240837,240933
5360,96,8904,240908,241004
4962,96,8950,240958,241054
9076,96,8983,241021,241117
4822,96,9013,241087,241183
8973,96,9182,241014,241110
2894,96,9236,241056,241152
4802,96,9487,240901,240997
6207,96,9666,240818,240914
7609,96,9731,240849,240945
5601,96,9844,240832,240928
7736,96,9867,240905,241001
9667,96,9952,240916,241012
915,232,349,250479,250711
6931,97,8059,243001,243098
3536,97,8107,243050,243147
5988,97,8133,243121,243218
8393,97,8181,243170,243267
6185,97,8412,243036,243133
5878,97,8462,243083,243180
4466,97,8871,242771,242868
8550,97,8884,242855,242952
1938,97,8916,242920,243017
2400,97,9011,242922,243019
6042,97,9038,242992,243089
6065,97,9102,243025,243122
9330,97,9127,243097,243194
9447,97,9208,243113,243210
6067,97,9229,243189,243286
8232,97,9307,243208,243305
1968,97,9420,243192,243289
3033,97,9686,243023,243120
2725,97,9738,243068,243165
7618,97,9769,243134,243231
5137,97,9797,243203,243300
521,233,177,252784,253017
222,233,306,252752,252985
171,233,379,252776,253009
588,233,659,252593,252826
263,233,845,252504,252737
750,233,968,252478,252711
2063,98,8065,245614,245712
2810,98,8142,245635,245733
9188,98,8215,245660,245758
5914,98,8249,245724,245822
8045,98,8250,245821,245919
9433,98,8259,245910,246008
1453,98,8272,245995,246093
3007,98,8306,246059,246157
9438,98,8398,246065,246163
6045,98,8536,246025,246123
7274,98,8579,246080,246178
9602,98,8662,246095,246193
7201,98,8668,246187,246285
1291,98,8731,246222,246320
4904,98,8805,246246,246344
8969,98,8816,246333,246431
3384,98,8822,246425,246523
3050,98,9032,246313,246411
7297,98,9036,246407,246505
9192,98,9076,246465,246563
2393,98,9186,246453,246551
6894,98,9255,246482,246580
1789,98,9279,246556,246654
8677,98,9309,246624,246722
4717,98,9517,246514,246612
5916,98,9529,246600,246698
1849,98,9588,246639,246737
9361,98,9607,246718,246816
8151,98,9649,246774,246872
8001,98,9688,246833,246931
8870,98,9704,246915,247013
9016,98,9751,246966,247064
8345,98,9763,247052,247150
6466,98,9809,247104,247202
8862,98,9812,247199,247297
2868,98,9864,247245,247343
9318,98,9891,247316,247414
9152,98,9923,247382,247480
9284,98,9966,247437,247535
558,234,287,257078,257312
700,234,952,256511,256745
6047,99,8233,249464,249563
2050,99,8414,249382,249481
2025,99,8456,249439,249538
7636,99,8502,249492,249591
7250,99,8531,249562,249661
3061,99,8578,249614,249713
7660,99,8634,249657,249756
8199,99,8642,249748,249847
3654,99,8707,249782,249881
3966,99,8952,249636,249735
7051,99,8997,249690,249789
5965,99,9019,249767,249866
5900,99,9091,249794,249893
9301,99,9185,249799,249898
9122,99,9194,249889,249988
5066,99,9367,249815,249914
3504,99,9454,249827,249926
7751,99,9469,249911,250010
4238,99,9509,249970,250069
6054,99,9546,250032,250131
6970,99,9645,250032,250131
4872,99,9812,249964,250063
3854,99,9938,249937,250036
7616,99,9999,249975,250074
860,235,85,259852,260087
512,235,372,259664,259899
696,235,502,259633,259868
260,235,792,259442,259677
464,235,941,259392,259627
9660,100,8048,252520,252620
5299,100,8093,252575,252675
8670,100,8247,252521,252621
4984,100,8270,252598,252698
3896,100,8478,252490,252590
8375,100,8567,252501,252601
1225,100,8642,252526,252626
5477,100,8700,252568,252668
2984,100,8766,252602,252702
6157,100,8838,252630,252730
9945,100,8849,252719,252819
7969,100,8865,252803,252903
4325,100,8867,252901,253001
1074,100,8963,252905,253005
8448,100,9166,252802,252902
5399,100,9400,252668,252768
4341,100,9614,252554,252654
3784,100,9668,252600,252700
3969,100,9689,252679,252779
9344,100,9695,252773,252873
2612,100,9707,252861,252961
6865,100,9745,252923,253023
9682,100,9773,252995,253095
4595,100,9776,253092,253192
5731,100,9783,253185,253285
1142,100,9832,253236,253336
1120,100,9921,253247,253347
7273,100,9984,253284,253384
622,236,138,263094,263330
681,236,317,263015,263251
144,236,341,263091,263327
557,236,436,263096,263332
680,236,798,262834,263070
2675,101,8057,255811,255912
1035,101,8115,255854,255955
7464,101,8131,255939,256040
4073,101,8172,255999,256100
4476,101,8202,256070,256171
6022,101,8324,256049,256150
8599,101,8346,256128,256229
6689,101,8781,255794,255895
7670,101,8821,255855,255956
2676,101,8921,255856,255957
9811,101,9054,255824,255925
6551,101,9081,255898,255999
3674,101,9120,255960,256061
1325,101,9153,256028,256129
2669,101,9317,255965,256066
1746,101,9329,256054,256155
1465,101,9420,256064,256165
6524,101,9475,256110,256211
4489,101,9647,256039,256140
6408,101,9652,256135,256236
7427,101,9665,256223,256324
6457,101,9674,256315,256416
6224,101,9905,256185,256286
4616,101,9936,256255,256356
188,237,397,265759,265996
940,237,406,265851,266088
434,237,680,265678,265915
600,237,900,265559,265796
2257,102,8040,258656,258758
9029,102,8044,258754,258856
8075,102,8156,258744,258846
1780,102,8222,258780,258882
8434,102,8253,258851,258953
4114,102,8285,258921,259023
4211,102,8345,258963,259065
4384,102,8357,259053,259155
9864,102,8368,259144,259246
2306,102,8460,259154,259256
6887,102,8460,259256,259358
2163,102,8497,259321,259423
1397,102,8598,259322,259424
2051,102,8698,259324,259426
9341,102,8758,259366,259468
2610,102,8830,259396,259498
2472,102,8857,259471,259573
4996,102,8888,259542,259644
5549,102,8953,259579,259681
2668,102,9202,259432,259534
5101,102,9232,259504,259606
3858,102,9236,259602,259704
5611,102,9456,259484,259586
9709,102,9472,259570,259672
9547,102,9480,259664,259766
9519,102,9482,259764,259866
4212,102,9518,259830,259932
8822,102,9542,259908,260010
2253,102,9560,259992,260094
9102,102,9612,260042,260144
4282,102,9640,260116,260218
5922,102,9659,260199,260301
1522,102,9677,260283,260385
8335,102,9704,260358,260460
5836,102,9856,260308,260410
8380,102,9979,260287,260389
2653,103,8061,262307,262410
3291,103,8223,262248,262351
8563,103,8225,262349,262452
6183,103,8278,262399,262502
7809,103,8286,262494,262597
9090,103,8344,262539,262642
7841,103,8454,262532,262635
4442,103,8505,262584,262687
2979,103,8578,262614,262717
3622,103,8602,262693,262796
1434,103,8621,262777,262880
7312,103,8889,262612,262715
3919,103,8901,262703,262806
8235,103,9048,262659,262762
7170,103,9206,262604,262707
9094,103,9331,262582,262685
2504,103,9378,262638,262741
2934,103,9407,262712,262815
1226,103,9443,262779,262882
7889,103,9542,262783,262886
6830,103,9549,262879,262982
7745,103,9672,262859,262962
8645,103,9726,262908,263011
7929,103,9823,262914,263017
9169,103,9862,262978,263081
7433,103,9915,263028,263131
4630,103,9924,263122,263225
504,239,283,272730,272969
7149,104,8064,265188,265292
8587,104,8502,264854,264958
9425,104,8565,264895,264999
3653,104,8568,264996,265100
4096,104,8572,265096,265200
1160,104,8797,264975,265079
9244,104,8811,265065,265169
2241,104,8836,265144,265248
2301,104,8900,265184,265288
2915,104,8942,265246,265350
3277,104,9088,265204,265308
7396,104,9091,265305,265409
6487,104,9256,265244,265348
6666,104,9275,265329,265433
1279,104,9319,265389,265493
7110,104,9399,265413,265517
4386,104,9463,265453,265557
8202,104,9537,265483,265587
3276,104,9539,265585,265689
4033,104,9662,265566,265670
5198,104,9758,265574,265678
9889,104,9761,265675,265779
2432,104,9766,265774,265878
1865,104,9972,265672,265776
9999,104,9994,265754,265858
763,240,420,275296,275536
2593,105,8060,267896,268001
4841,105,8078,267983,268088
3225,105,8093,268073,268178
3083,105,8145,268126,268231
9949,105,8270,268106,268211
2896,105,8437,268044,268149
9161,105,8601,267985,268090
9828,105,8698,267993,268098
7011,105,8710,268086,268191
9402,105,8872,268029,268134
6373,105,9052,267954,268059
9282,105,9098,268013,268118
4143,105,9208,268008,268113
1304,105,9291,268030,268135
9261,105,9296,268130,268235
9125,105,9304,268227,268332
3546,105,9443,268193,268298
8533,105,9517,268224,268329
7328,105,9571,268275,268380
8264,105,9656,268295,268400
1521,105,9736,268320,268425
2161,105,9890,268271,268376
4712,105,9921,268345,268450
811,241,60,278175,278416
391,241,229,278111,278352
8133,106,8085,270496,270602
7490,106,8091,270596,270702
5314,106,8335,270458,270564
7318,106,8579,270320,270426
8307,106,8663,270342,270448
2221,106,8707,270404,270510
6948,106,8770,270447,270553
1349,106,8771,270552,270658
6699,106,8801,270628,270734
2608,106,8833,270702,270808
1475,106,8839,270802,270908
7072,106,8845,270902,271008
7247,106,9000,270853,270959
3914,106,9112,270847,270953
2817,106,9185,270880,270986
7597,106,9464,270707,270813
3295,106,9514,270763,270869
1644,106,9550,270833,270939
1879,106,9623,270866,270972
7754,106,9628,270967,271073
4805,106,9664,271037,271143
9486,106,9710,271097,271203
3409,106,9712,271201,271307
2268,106,9722,271297,271403
6277,106,9722,271403,271509
6153,106,9723,271508,271614
3358,106,9786,271551,271657
8702,106,9832,271611,271717
6379,106,9859,271690,271796
7199,106,9953,271702,271808
3099,106,9979,271782,271888
813,242,569,281162,281404
225,242,667,281170,281412
140,242,750,281193,281435
8276,107,8048,274137,274244
8294,107,8185,274107,274214
5045,107,8191,274208,274315
5911,107,8438,274068,274175
1859,107,8495,274118,274225
6086,107,8533,274187,274294
9227,107,8573,274254,274361
8950,107,8750,274184,274291
1582,107,8810,274231,274338
5843,107,8877,274271,274378
3071,107,9041,274214,274321
3717,107,9065,274297,274404
6255,107,9161,274308,274415
6570,107,9186,274390,274497
4406,107,9196,274487,274594
9150,107,9198,274592,274699
7669,107,9206,274691,274798
5349,107,9293,274711,274818
5205,107,9346,274765,274872
7912,107,9349,274869,274976
1846,107,9392,274933,275040
1715,107,9514,274918,275025
5354,107,9639,274900,275007
8598,107,9658,274988,275095
438,243,593,284024,284267
412,243,969,283755,283998
8714,108,8022,276945,277053
2436,108,8038,277037,277145
6949,108,8202,276981,277089
8781,108,8294,276997,277105
8503,108,8446,276953,277061
9822,108,8485,277022,277130
1196,108,8500,277115,277223
8790,108,8580,277143,277251
8213,108,8667,277164,277272
1712,108,8902,277037,277145
5775,108,8916,277131,277239
3664,108,8919,277236,277344
7860,108,8993,277270,277378
8678,108,9028,277343,277451
4535,108,9077,277402,277510
1148,108,9091,277496,277604
9857,108,9142,277553,277661
4407,108,9151,277652,277760
9594,108,9273,277638,277746
9337,108,9363,277656,277764
4119,108,9386,277741,277849
5947,108,9472,277763,277871
8504,108,9574,277769,277877
4225,108,9590,277861,277969
9914,108,9684,277875,277983
7163,108,9732,277935,278043
9430,108,9921,277854,277962
6043,108,9941,277942,278050
4639,108,9946,278045,278153
1922,108,9994,278105,278213
967,244,639,287432,287676
334,244,658,287521,287765
505,244,881,287406,287650
3834,109,8004,280527,280636
2397,109,8021,280619,280728
6739,109,8194,280555,280664
6190,109,8400,280458,280567
1837,109,8435,280532,280641
5289,109,8568,280508,280617
5937,109,8692,280493,280602
2107,109,8698,280596,280705
6823,109,8721,280682,280791
5552,109,8737,280775,280884
8012,109,8786,280835,280944
2969,109,8814,280916,281025
8576,109,8866,280973,281082
9380,109,8916,281032,281141
9304,109,8953,281104,281213
7100,109,9090,281076,281185
4732,109,9111,281164,281273
8440,109,9202,281182,281291
4504,109,9216,281277,281386
3507,109,9283,281319,281428
5257,109,9394,281317,281426
1219,109,9435,281385,281494
7062,109,9569,281360,281469
6216,109,9575,281463,281572
3009,109,9590,281557,281666
8899,109,9630,281626,281735
5248,109,9739,281626,281735
9335,109,9766,281708,281817
6637,109,9800,281783,281892
8661,109,9810,281882,281991
6864,109,9822,281979,282088
9774,109,9880,282030,282139
5892,109,9965,282054,282163
267,245,370,291622,291867
995,245,525,291576,291821
824,245,595,291615,291860
9959,110,8427,284028,284138
1748,110,8442,284123,284233
5893,110,8666,284009,284119
9082,110,8666,284119,284229
2920,110,8774,284121,284231
4834,110,9029,283976,284086
5212,110,9205,283910,284020
4402,110,9271,283954,284064
5301,110,9314,284021,284131
7704,110,9322,284123,284233
5204,110,9505,284050,284160
3444,110,9565,284100,284210
6355,110,9614,284161,284271
3828,110,9619,284266,284376
4924,110,9636,284359,284469
1953,110,9686,284419,284529
3219,110,9812,284403,284513
8886,110,9839,284486,284596
2153,110,9915,284520,284630
997,246,195,294214,294460
406,246,780,293739,293985
5903,111,8013,286752,286863
9356,111,8053,286823,286934
9809,111,8069,286918,287029
4830,111,8116,286982,287093
3835,111,8127,287082,287193
8487,111,8140,287180,287291
1731,111,8266,287165,287276
8819,111,8314,287228,287339
8967,111,8343,287310,287421
6405,111,8468,287296,287407
5579,111,8583,287292,287403
7095,111,8590,287396,287507
3816,111,8591,287506,287617
5040,111,8615,287593,287704
5939,111,8680,287639,287750
2128,111,8714,287716,287827
5201,111,8715,287826,287937
8928,111,8838,287814,287925
2577,111,8926,287837,287948
3650,111,9002,287872,287983
1815,111,9018,287967,288078
9466,111,9081,288015,288126
5515,111,9171,288036,288147
9673,111,9235,288083,288194
5804,111,9350,288079,288190
9552,111,9380,288160,288271
9358,111,9396,288255,288366
6758,111,9458,288304,288415
6450,111,9472,288401,288512
5267,111,9529,288455,288566
2555,111,9871,288224,288335
4436,111,9901,288305,288416
211,247,329,297852,298099
990,247,447,297845,298092
571,247,467,297936,298183
8746,112,8024,290626,290738
5813,112,8031,290731,290843
6387,112,8196,290678,290790
3665,112,8272,290714,290826
5419,112,8422,290676,290788
7909,112,8442,290768,290880
5735,112,8460,290862,290974
2206,112,8470,290964,291076
9047,112,8600,290946,291058
9815,112,8709,290949,291061
4327,112,8778,290992,291104
7070,112,8838,291044,291156
5094,112,8858,291136,291248
4216,112,8877,291229,291341
5886,112,8937,291281,291393
1039,112,8959,291371,291483
6687,112,9013,291429,291541
3496,112,9131,291423,291535
9536,112,9194,291472,291584
8797,112,9215,291563,291675
6761,112,9402,291488,291600
9585,112,9425,291577,291689
3515,112,9450,291664,291776
7079,112,9496,291730,291842
8607,112,9622,291716,291828
1354,112,9728,291722,291834
7484,112,9841,291721,291833
401,248,521,301017,301265
9313,113,8107,293679,293792
2018,113,8130,293769,293882
2320,113,8155,293857,293970
7749,113,8266,293859,293972
1993,113,8281,293957,294070
2559,113,8338,294013,294126
3270,113,8343,294121,294234
5233,113,8376,294201,294314
9713,113,8376,294314,294427
2251,113,8468,294335,294448
7843,113,8509,294407,294520
6349,113,8528,294501,294614
1440,113,8575,294567,294680
5014,113,8576,294679,294792
1795,113,8677,294691,294804
9900,113,8689,294792,294905
6334,113,8694,294900,295013
2933,113,8734,294973,295086
5229,113,8744,295076,295189
6062,113,8771,295162,295275
8660,113,8911,295135,295248
3278,113,8923,295236,295349
6832,113,8959,295313,295426
2521,113,8976,295409,295522
9640,113,9033,295465,295578
7974,113,9085,295526,295639
6145,113,9104,295620,295733
3360,113,9176,295661,295774
5834,113,9323,295627,295740
8324,113,9405,295658,295771
9348,113,9476,295700,295813
7472,113,9478,295811,295924
4735,113,9576,295826,295939
3201,113,9790,295725,295838
8608,113,9821,295807,295920
7216,113,9838,295903,296016
2882,113,9922,295932,296045
9137,113,9979,295988,296101
194,249,112,305832,306081
962,249,278,305779,306028
945,249,813,305357,305606
785,249,891,305392,305641
4765,114,8125,298407,298521
7370,114,8213,298433,298547
7536,114,8267,298493,298607
6353,114,8421,298453,298567
5353,114,8484,298504,298618
2750,114,8530,298572,298686
3317,114,8595,298621,298735
3831,114,8658,298672,298786
3770,114,8707,298737,298851
7058,114,8762,298796,298910
3248,114,8938,298734,298848
1197,114,9110,298676,298790
8720,114,9136,298764,298878
1267,114,9187,298827,298941
3055,114,9191,298937,299051
4262,114,9291,298951,299065
5774,114,9432,298924,299038
7000,114,9465,299005,299119
2184,114,9510,299074,299188
5755,114,9652,299046,299160
4829,114,9817,298995,299109
7480,114,9885,299041,299155
7913,115,8063,300977,301092
4603,115,8080,301075,301190
4091,115,8185,301085,301200
6217,115,8194,301191,301306
7719,115,8250,301250,301365
7642,115,8345,301270,301385
7560,115,8355,301375,301490
6325,115,8592,301253,301368
3703,115,8710,301250,301365
2563,115,8716,301359,301474
9937,115,8792,301398,301513
1256,115,8819,301486,301601
3250,115,9109,301311,301426
9306,115,9183,301352,301467
6888,115,9248,301402,301517
5450,115,9280,301485,301600
4989,115,9304,301576,301691
4467,115,9319,301676,301791
3040,115,9452,301658,301773
1023,115,9596,301629,301744
5963,115,9640,301700,301815
4973,115,9986,301469,301584
148,251,112,311322,311573
253,251,143,311406,311657
641,251,311,311353,311604
403,251,367,311412,311663
151,251,395,311499,311750
254,251,463,311546,311797
1585,116,8052,304208,304324
3039,116,8057,304319,304435
2168,116,8058,304434,304550
4659,116,8134,304474,304590
2660,116,8207,304517,304633
2037,116,8217,304623,304739
9786,116,8257,304699,304815
3685,116,8327,304745,304861
6138,116,8464,304724,304840
9178,116,8465,304839,304955
4283,116,8475,304945,305061
3528,116,8637,304899,305015
9200,116,8654,304998,305114
2344,116,8760,305008,305124
5421,116,8772,305112,305228
9716,116,8789,305211,305327
6682,116,8807,305309,305425
7354,116,8958,305274,305390
3077,116,8988,305360,305476
6681,116,9093,305371,305487
7518,116,9094,305486,305602
8690,116,9149,305547,305663
4815,116,9218,305594,305710
1087,116,9224,305704,305820
9986,116,9265,305779,305895
2451,116,9449,305711,305827
3349,116,9469,305807,305923
4919,116,9607,305785,305901
5701,116,9617,305891,306007
7923,116,9695,305929,306045
1721,116,9717,306023,306139
991,252,384,315336,315588
130,252,845,314991,315243
1115,117,8036,308052,308169
3939,117,8127,308078,308195
2978,117,8135,308187,308304
1432,117,8164,308275,308392
7756,117,8167,308389,308506
2131,117,8189,308484,308601
7789,117,8321,308469,308586
9484,117,8544,308363,308480
9043,117,8595,308429,308546
1516,117,8618,308523,308640
4214,117,8645,308613,308730
5441,117,8720,308655,308772
9495,117,8914,308578,308695
9722,117,9040,308569,308686
7962,117,9230,308496,308613
8302,117,9422,308421,308538
4163,117,9479,308481,308598
3533,117,9482,308595,308712
2710,117,9684,308510,308627
1055,117,9836,308475,308592
4455,117,9876,308552,308669
6606,117,9982,308563,308680
311,253,158,318368,318621
514,253,206,318437,318690
193,253,556,318204,318457
7307,118,8216,310797,310915
4883,118,8227,310904,311022
5535,118,8236,311013,311131
3715,118,8259,311108,311226
2222,118,8403,311082,311200
1534,118,8407,311196,311314
5415,118,8454,311267,311385
9657,118,8482,311357,311475
7302,118,8508,311449,311567
3719,118,8544,311531,311649
5840,118,8647,311546,311664
8413,118,8676,311635,311753
8729,118,8691,311738,311856
9101,118,8698,311849,311967
8051,118,8761,311904,312022
7971,118,8953,311830,311948
5133,118,9012,311889,312007
5883,118,9048,311971,312089
7899,118,9074,312063,312181
1916,118,9102,312153,312271
7918,118,9176,312197,312315
3080,118,9224,312267,312385
1156,118,9231,312378,312496
1575,118,9295,312432,312550
2769,118,9469,312376,312494
1381,118,9550,312413,312531
8066,118,9735,312346,312464
10000,118,9752,312447,312565
6575,118,9886,312431,312549
6642,118,9924,312511,312629
9797,118,9938,312615,312733
252,254,203,322332,322586
881,254,350,322303,322557
640,254,791,321980,322234
4358,119,8276,314749,314868
3329,119,8331,314813,314932
5678,119,8356,314907,315026
1514,119,8362,315020,315139
3288,119,8396,315105,315224
5746,119,8446,315174,315293
1310,119,8616,315123,315242
3028,119,8617,315241,315360
7261,119,8647,315330,315449
8723,119,8709,315387,315506
3890,119,8794,315421,315540
7483,119,8811,315523,315642
6765,119,8979,315474,315593
6403,119,9012,315560,315679
9697,119,9158,315533,315652
6267,119,9338,315472,315591
2490,119,9607,315322,315441
3441,119,9611,315437,315556
8074,119,9650,315517,315636
3231,119,9652,315634,315753
9416,119,9693,315712,315831
1699,119,9843,315681,315800
862,255,149,325358,325613
445,255,266,325360,325615
583,255,751,324994,325249
433,255,847,325017,325272
6635,120,8027,318092,318212
4828,120,8105,318134,318254
2585,120,8150,318209,318329
8841,120,8241,318238,318358
3508,120,8452,318147,318267
4731,120,8490,318229,318349
5747,120,8538,318301,318421
7172,120,8564,318395,318515
7936,120,8717,318362,318482
2627,120,8760,318439,318559
9586,120,8776,318543,318663
9679,120,8847,318592,318712
9955,120,8855,318704,318824
2736,120,9085,318594,318714
2850,120,9138,318661,318781
9886,120,9166,318753,318873
2172,120,9267,318772,318892
7549,120,9333,318826,318946
8427,120,9435,318844,318964
9618,120,9444,318955,319075
1905,120,9479,319040,319160
4201,120,9540,319099,319219
6826,120,9690,319069,319189
8712,120,9705,319174,319294
2752,120,9728,319271,319391
9584,120,9767,319352,319472
6874,120,9954,319285,319405
5317,121,8110,321249,321370
1708,121,8123,321357,321478
1199,121,8257,321344,321465
3370,121,8269,321453,321574
5523,121,8376,321467,321588
9629,121,8471,321493,321614
5486,121,8533,321552,321673
9751,121,8679,321527,321648
7983,121,8759,321568,321689
8372,121,8810,321638,321759
4887,121,8838,321731,321852
8842,121,8946,321744,321865
5365,121,8955,321856,321977
1934,121,8980,321952,322073
8673,121,9011,322042,322163
8748,121,9053,322121,322242
1974,121,9118,322177,322298
2442,121,9125,322291,322412
6725,121,9161,322376,322497
7138,121,9215,322443,322564
7886,121,9341,322438,322559
7074,121,9389,322511,322632
7269,121,9458,322563,322684
9324,121,9539,322603,322724
1456,121,9565,322698,322819
9238,121,9616,322768,322889
7127,121,9641,322864,322985
8619,121,9695,322931,323052
9671,121,9790,322957,323078
3886,121,9942,322926,323047
9483,121,9993,322996,323117
771,257,326,332648,332905
5555,122,8195,325036,325158
1766,122,8243,325110,325232
7231,122,8265,325210,325332
3025,122,8320,325277,325399
7586,122,8459,325260,325382
7481,122,8465,325376,325498
2715,122,8491,325472,325594
4382,122,8537,325548,325670
4548,122,8546,325661,325783
6368,122,8714,325615,325737
1682,122,8774,325677,325799
6370,122,8875,325698,325820
1927,122,8908,325787,325909
4048,122,9061,325756,325878
2998,122,9113,325826,325948
2095,122,9139,325922,326044
9262,122,9250,325933,326055
6469,122,9263,326042,326164
2195,122,9327,326100,326222
9207,122,9394,326155,326277
3102,122,9411,326260,326382
8523,122,9504,326289,326411
4418,122,9545,326370,326492
2893,122,9565,326472,326594
5604,122,9577,326582,326704
6651,122,9606,326675,326797
8867,122,9616,326787,326909
6121,122,9682,326843,326965
6506,122,9711,326936,327058
3782,122,9736,327033,327155
4613,122,9758,327133,327255
3322,122,9798,327215,327337
2735,122,9923,327212,327334
8099,122,9964,327293,327415
2420,122,9993,327386,327508
639,258,234,337131,337389
317,258,462,337025,337283
255,258,578,337031,337289
503,258,721,337010,337268
4228,123,8007,329982,330105
3460,123,8101,330011,330134
8323,123,8188,330047,330170
3941,123,8413,329945,330068
5163,123,8428,330053,330176
2439,123,8461,330143,330266
8766,123,8482,330245,330368
4545,123,8529,330321,330444
7376,123,8634,330339,330462
9112,123,8646,330450,330573
6214,123,8721,330498,330621
7141,123,8906,330436,330559
3239,123,8980,330485,330608
7005,123,9050,330538,330661
7085,123,9062,330649,330772
2187,123,9117,330717,330840
9184,123,9203,330754,330877
8354,123,9246,330834,330957
5936,123,9254,330949,331072
1446,123,9264,331062,331185
4159,123,9287,331162,331285
8454,123,9387,331185,331308
9475,123,9413,331282,331405
6003,123,9567,331251,331374
1491,123,9596,331345,331468
5181,123,9616,331448,331571
1954,123,9672,331515,331638
7542,123,9706,331604,331727
6026,123,9725,331708,331831
4264,123,9757,331799,331922
2909,123,9767,331912,332035
8926,123,9846,331956,332079
441,259,812,340977,341236
2880,124,8161,333887,334011
6191,124,8316,333856,333980
6849,124,8351,333945,334069
5320,124,8403,334017,334141
3777,124,8515,334029,334153
2484,124,8574,334094,334218
1931,124,8591,334201,334325
6553,124,8725,334191,334315
8028,124,8904,334136,334260
7491,124,8911,334253,334377
3300,124,9113,334175,334299
8765,124,9197,334215,334339
5990,124,9261,334275,334399
8573,124,9394,334266,334390
9966,124,9420,334364,334488
3761,124,9480,334428,334552
1045,124,9528,334504,334628
3635,124,9668,334488,334612
8491,124,9687,334593,334717
4255,124,9784,334620,334744
5445,124,9938,334590,334714
753,260,502,344014,344274
466,260,772,343868,344128
6805,125,8051,336849,336974
5081,125,8102,336923,337048
1679,125,8147,337003,337128
4339,125,8186,337089,337214
9562,125,8226,337174,337299
7580,125,8340,337185,337310
4850,125,8474,337176,337301
7740,125,8578,337197,337322
9442,125,8607,337293,337418
8234,125,8612,337413,337538
1437,125,8656,337494,337619
4657,125,8662,337613,337738
9249,125,8662,337738,337863
7197,125,8715,337810,337935
5575,125,8772,337878,338003
4821,125,8790,337985,338110
6688,125,8818,338082,338207
5548,125,8878,338147,338272
2831,125,8883,338267,338392
1591,125,8903,338372,338497
2943,125,8979,338421,338546
1391,125,8983,338542,338667
3798,125,9002,338648,338773
2643,125,9016,338759,338884
7016,125,9094,338806,338931
1977,125,9101,338924,339049
8894,125,9106,339044,339169
5806,125,9141,339134,339259
1146,125,9146,339254,339379
4598,125,9257,339268,339393
2384,125,9290,339360,339485
6402,125,9486,339289,339414
3194,125,9525,339375,339500
4371,125,9560,339465,339590
1235,125,9598,339552,339677
1847,125,9600,339675,339800
887,261,249,349015,349276
569,261,865,348524,348785
9820,126,8132,341518,341644
6581,126,8223,341553,341679
2513,126,8243,341659,341785
8478,126,8246,341782,341908
8906,126,8268,341886,342012
2479,126,8280,342000,342126
6497,126,8291,342115,342241
2500,126,8316,342216,342342
9139,126,8327,342331,342457
7714,126,8489,342295,342421
9254,126,8510,342400,342526
2125,126,8552,342484,342610
4733,126,8695,342467,342593
3924,126,8712,342576,342702
3853,126,8717,342697,342823
7296,126,8842,342698,342824
2508,126,8882,342784,342910
1907,126,8895,342897,343023
2122,126,8906,343012,343138
8154,126,8915,343129,343255
3423,126,9003,343167,343293
7759,126,9007,343289,343415
6378,126,9022,343400,343526
3388,126,9035,343513,343639
7176,126,9087,343587,343713
6250,126,9092,343708,343834
2724,126,9212,343714,343840
4459,126,9223,343829,343955
1547,126,9230,343948,344074
8312,126,9582,343722,343848
3615,126,9722,343708,343834
5085,126,9788,343768,343894
1626,126,9813,343869,343995
6517,126,9906,343902,344028
7566,126,9908,344026,344152
7003,126,9962,344098,344224
536,262,303,353747,354009
446,262,690,353486,353748
678,262,791,353511,353773
8035,127,8108,346456,346583
2727,127,8150,346541,346668
1124,127,8180,346638,346765
7475,127,8183,346762,346889
7799,127,8298,346774,346901
2631,127,8303,346896,347023
3456,127,8615,346711,346838
2486,127,8637,346816,346943
2906,127,8716,346864,346991
8067,127,8819,346888,347015
3458,127,8908,346926,347053
3902,127,8916,347045,347172
2140,127,8943,347145,347272
7125,127,8990,347225,347352
3529,127,8998,347344,347471
3218,127,9002,347467,347594
5168,127,9041,347555,347682
4584,127,9141,347582,347709
5454,127,9166,347684,347811
6580,127,9192,347785,347912
4890,127,9284,347820,347947
5680,127,9308,347923,348050
9923,127,9556,347802,347929
2822,127,9876,347609,347736
7244,127,9883,347729,347856
929,263,569,357034,357297
6597,128,8023,349843,349971
5868,128,8031,349963,350091
7262,128,8135,349987,350115
3325,128,8260,349990,350118
3193,128,8310,350068,350196
1218,128,8413,350093,350221
6034,128,8460,350174,350302
9290,128,8519,350243,350371
3894,128,8532,350358,350486
7277,128,8843,350175,350303
9648,128,8925,350221,350349
4050,128,8975,350299,350427
2829,128,9020,350382,350510
6601,128,9034,350496,350624
3389,128,9074,350584,350712
1961,128,9139,350647,350775
6712,128,9242,350672,350800
8627,128,9419,350623,350751
3817,128,9433,350737,350865
9884,128,9467,350831,350959
6711,128,9494,350932,351060
6071,128,9573,350981,351109
7413,128,9649,351033,351161
4905,128,9742,351068,351196
1131,128,9970,350968,351096
2767,128,9986,351080,351208
542,264,56,361002,361266
8390,129,8111,353211,353340
8418,129,8190,353261,353390
4324,129,8296,353284,353413
8492,129,8357,353352,353481
5725,129,8434,353404,353533
3204,129,8530,353437,353566
1826,129,8536,353560,353689
2079,129,8555,353670,353799
4594,129,8617,353737,353866
2002,129,8755,353728,353857
6070,129,8761,353851,353980
1507,129,8780,353961,354090
9916,129,8818,354052,354181
2825,129,8826,354173,354302
5876,129,8899,354229,354358
2154,129,8900,354357,354486
3313,129,9004,354382,354511
6839,129,9013,354502,354631
3301,129,9134,354510,354639
8501,129,9148,354625,354754
6528,129,9165,354737,354866
2052,129,9343,354688,354817
2606,129,9406,354754,354883
6531,129,9408,354881,355010
9088,129,9426,354992,355121
6612,129,9458,355089,355218
5391,129,9637,355039,355168
6362,129,9686,355119,355248
4564,129,9717,355217,355346
4029,129,9791,355272,355401
5578,129,9845,355347,355476
9491,129,9925,355396,355525
184,265,124,365190,365455
283,265,714,364729,364994
9288,130,8139,357569,357699
6117,130,8155,357683,357813
9701,130,8177,357791,357921
8779,130,8184,357914,358044
8700,130,8598,357630,357760
1610,130,8795,357563,357693
3129,130,8796,357692,357822
4172,130,8815,357803,357933
6051,130,8938,357810,357940
1596,130,8944,357934,358064
8207,130,9034,357974,358104
5545,130,9163,357975,358105
9216,130,9182,358086,358216
1209,130,9213,358185,358315
8517,130,9281,358247,358377
8877,130,9610,358048,358178
1495,130,9647,358141,358271
5378,130,9760,358158,358288
6564,130,9773,358275,358405
5462,130,9777,358401,358531
2571,130,9862,358446,358576
9345,130,9899,358539,358669
3567,130,9922,358646,358776
3142,130,9952,358746,358876
1188,130,9997,358831,358961
331,266,176,368646,368912
548,266,332,368620,368886
270,266,483,368599,368865
531,266,960,368252,368518
3537,131,8117,361361,361492
3412,131,8188,361421,361552
6091,131,8257,361483,361614
9456,131,8271,361600,361731
6127,131,8362,361640,361771
3473,131,8375,361758,361889
2071,131,8411,361853,361984
2144,131,8437,361958,362089
3235,131,8536,361990,362121
5098,131,8667,361990,362121
5528,131,8901,361887,362018
2662,131,8959,361960,362091
3101,131,8988,362062,362193
6661,131,9030,362151,362282
5873,131,9148,362164,362295
2526,131,9211,362232,362363
4642,131,9243,362331,362462
1175,131,9247,362458,362589
7088,131,9267,362569,362700
3182,131,9312,362655,362786
5581,131,9326,362772,362903
1240,131,9373,362856,362987
4049,131,9407,362953,363084
4090,131,9526,362965,363096
8274,131,9581,363041,363172
2123,131,9666,363087,363218
6490,131,9729,363155,363286
4150,131,9824,363191,363322
7369,131,9830,363316,363447
8650,131,9919,363358,363489
5206,131,9947,363461,363592
529,267,455,372948,373215
450,267,554,372980,373247
768,267,903,372762,373029
3595,132,8091,365841,365973
2358,132,8125,365939,366071
8786,132,8295,365901,366033
2366,132,8312,366016,366148
1166,132,8313,366147,366279
9910,132,8331,366261,366393
3304,132,8345,366379,366511
7701,132,8355,366501,366633
3738,132,8367,366621,366753
2417,132,8392,366728,366860
7511,132,8511,366741,366873
6299,132,8611,366773,366905
2722,132,8727,366789,366921
7460,132,8859,366789,366921
5463,132,8881,366899,367031
6515,132,8943,366969,367101
9253,132,8983,367061,367193
2778,132,9042,367134,367266
1421,132,9068,367240,367372
3289,132,9302,367138,367270
3942,132,9318,367254,367386
2374,132,9344,367360,367492
8744,132,9503,367333,367465
8800,132,9503,367465,367597
2356,132,9687,367413,367545
2023,132,9719,367513,367645
5359,132,9741,367623,367755
2604,132,9814,367682,367814
8734,132,9841,367787,367919
9401,132,9862,367898,368030
6095,132,9988,367904,368036
397,268,705,377183,377451
8887,133,8002,370154,370287
9414,133,8192,370097,370230
3661,133,8302,370120,370253
5624,133,8365,370190,370323
7421,133,8377,370311,370444
1962,133,8624,370197,370330
5352,133,8782,370172,370305
7767,133,8815,370272,370405
6427,133,8946,370274,370407
8777,133,9044,370309,370442
3008,133,9081,370405,370538
5783,133,9086,370533,370666
9581,133,9237,370515,370648
4817,133,9276,370609,370742
1245,133,9322,370696,370829
2312,133,9358,370793,370926
9110,133,9429,370855,370988
8293,133,9433,370984,371117
8295,133,9595,370955,371088
3079,133,9912,370771,370904
5152,133,9994,370822,370955
798,269,88,380725,380994
744,269,643,380303,380572
597,269,709,380370,380639
4605,134,8003,373345,373479
4008,134,8098,373384,373518
2840,134,8367,373249,373383
5767,134,8420,373330,373464
4704,134,8501,373383,373517
8979,134,8510,373508,373642
3988,134,8557,373595,373729
7569,134,8608,373678,373812
5064,134,8797,373623,373757
3700,134,8834,373720,373854
3561,134,8961,373727,373861
1689,134,8996,373826,373960
1299,134,9005,373951,374085
9065,134,9028,374062,374196
6850,134,9072,374152,374286
2363,134,9182,374176,374310
3874,134,9291,374201,374335
5165,134,9307,374319,374453
4531,134,9523,374237,374371
8222,134,9524,374370,374504
2155,134,9663,374365,374499
2886,134,9777,374385,374519
7130,134,9809,374487,374621
3480,134,9839,374591,374725
2842,134,9924,374640,374774
3189,134,9975,374723,374857
761,270,588,384108,384378
3868,135,8070,376896,377031
1988,135,8213,376888,377023
4570,135,8252,376984,377119
4687,135,8318,377053,377188
8564,135,8365,377141,377276
2694,135,8525,377116,377251
8701,135,8579,377197,377332
4814,135,8589,377322,377457
8740,135,8616,377430,377565
3202,135,8629,377552,377687
1506,135,8650,377666,377801
8464,135,8817,377634,377769
5216,135,8935,377651,377786
8298,135,8965,377756,377891
9208,135,9037,377819,377954
7784,135,9044,377947,378082
2329,135,9098,378028,378163
4133,135,9204,378057,378192
1172,135,9278,378118,378253
7793,135,9290,378241,378376
3476,135,9548,378118,378253
3739,135,9603,378198,378333
3948,135,9699,378237,378372
7673,135,9712,378359,378494
5789,135,9805,378401,378536
2859,135,9892,378449,378584
7862,135,9893,378583,378718
7443,135,9921,378690,378825
6170,135,9926,378820,378955
4128,135,9949,378932,379067
1069,135,9959,379057,379192
456,271,65,388950,389221
475,271,382,388768,389039
111,271,425,388860,389131
9725,136,8031,381525,381661
7744,136,8104,381588,381724
4475,136,8181,381647,381783
5178,136,8204,381760,381896
6456,136,8355,381745,381881
7737,136,8367,381869,382005
3659,136,8603,381769,381905
1372,136,8759,381749,381885
8303,136,8801,381843,381979
8552,136,8802,381978,382114
7826,136,8847,382069,382205
4397,136,8892,382160,382296
6987,136,9017,382171,382307
3120,136,9074,382250,382386
6470,136,9188,382272,382408
8490,136,9204,382392,382528
6296,136,9226,382506,382642
1099,136,9270,382598,382734
5026,136,9362,382642,382778
1571,136,9383,382757,382893
3283,136,9448,382828,382964
5015,136,9492,382920,383056
2524,136,9506,383042,383178
7444,136,9575,383109,383245
1088,136,9640,383180,383316
6160,136,9719,383237,383373
9548,136,9828,383264,383400
6168,136,9842,383386,383522
1943,136,9954,383410,383546
2557,136,9973,383527,383663
5831,136,9986,383650,383786
330,272,292,393344,393616
8148,137,8076,385832,385969
4160,137,8191,385854,385991
2985,137,8204,385978,386115
8365,137,8447,385872,386009
3797,137,8459,385997,386134
8320,137,8579,386014,386151
4395,137,8696,386034,386171
2411,137,8742,386125,386262
3467,137,8756,386248,386385
4620,137,8793,386348,386485
3413,137,8807,386471,386608
6180,137,8842,386573,386710
6769,137,8845,386707,386844
2572,137,8948,386741,386878
9665,137,8991,386835,386972
6738,137,9237,386726,386863
5125,137,9316,386784,386921
5169,137,9325,386912,387049
2097,137,9513,386861,386998
5243,137,9522,386989,387126
7022,137,9583,387065,387202
4992,137,9654,387131,387268
3897,137,9677,387245,387382
4847,137,9704,387355,387492
9865,137,9865,387331,387468
946,273,827,396370,396643
4858,138,8065,389405,389543
3424,138,8101,389507,389645
1703,138,8167,389579,389717
2739,138,8236,389648,389786
2117,138,8318,389704,389842
5897,138,8366,389794,389932
6568,138,8408,389890,390028
4501,138,8433,390003,390141
4592,138,8440,390134,390272
4016,138,8478,390234,390372
3011,138,8508,390342,390480
6100,138,8555,390433,390571
9929,138,8563,390563,390701
8373,138,8579,390685,390823
3326,138,8695,390707,390845
7646,138,8733,390807,390945
4839,138,8809,390869,391007
5593,138,8816,391000,391138
3198,138,8908,391046,391184
9616,138,9068,391024,391162
3419,138,9167,391063,391201
6173,138,9192,391176,391314
8223,138,9337,391169,391307
8052,138,9452,391192,391330
6000,138,9454,391328,391466
6058,138,9542,391378,391516
8063,138,9546,391512,391650
3244,138,9547,391649,391787
6212,138,9577,391757,391895
4196,138,9594,391878,392016
5768,138,9697,391913,392051
9342,138,9715,392033,392171
2275,138,9785,392101,392239
9527,138,9806,392218,392356
443,274,988,401038,401312
2730,139,8107,394193,394332
5740,139,8109,394330,394469
6734,139,8439,394139,394278
3309,139,8485,394232,394371
8666,139,8493,394363,394502
6545,139,8537,394458,394597
5580,139,8634,394500,394639
5392,139,8698,394575,394714
4810,139,8738,394674,394813
7514,139,8743,394808,394947
5136,139,8783,394907,395046
3891,139,8826,395003,395142
2258,139,8934,395034,395173
6611,139,8941,395166,395305
2376,139,9046,395200,395339
9898,139,9061,395324,395463
9375,139,9088,395436,395575
5302,139,9272,395391,395530
6954,139,9365,395437,395576
3887,139,9496,395445,395584
6670,139,9690,395390,395529
4230,139,9724,395495,395634
1771,139,9740,395618,395757
9807,139,9756,395741,395880
5172,139,9820,395816,395955
9322,139,9820,395955,396094
7724,139,9867,396047,396186
5059,139,9892,396161,396300
9847,139,9945,396247,396386
586,275,381,405814,406089
312,275,572,405762,406037
727,275,884,405589,405864
4357,140,8282,398466,398606
9773,140,8464,398424,398564
5687,140,8506,398522,398662
6358,140,8521,398647,398787
4012,140,8540,398768,398908
6906,140,8551,398897,399037
7557,140,8657,398931,399071
1097,140,8659,399069,399209
3387,140,8666,399202,399342
2207,140,8756,399252,399392
3946,140,8775,399373,399513
7806,140,8895,399393,399533
4391,140,8955,399473,399613
8655,140,9007,399561,399701
1258,140,9049,399659,399799
2667,140,9125,399723,399863
3658,140,9167,399821,399961
6916,140,9198,399930,400070
6060,140,9432,399836,399976
5769,140,9489,399919,400059
5652,140,9598,399950,400090
1466,140,9613,400075,400215
7830,140,9723,400105,400245
4708,140,9818,400150,400290
9308,140,9823,400285,400425
5907,140,9827,400421,400561
9231,140,9884,400504,400644
3453,140,9886,400642,400782
7568,140,9911,400757,400897
2057,140,9921,400887,401027
3943,140,9964,400984,401124
3143,140,9975,401113,401253
986,276,347,410745,411021
1052,141,8005,403363,403504
9202,141,8011,403498,403639
1210,141,8024,403626,403767
1118,141,8104,403687,403828
1365,141,8204,403728,403869
8687,141,8216,403857,403998
8839,141,8279,403935,404076
7094,141,8492,403863,404004
3995,141,8522,403974,404115
2648,141,8612,404025,404166
8818,141,8637,404141,404282
1862,141,8673,404246,404387
4398,141,8677,404383,404524
3745,141,8777,404424,404565
7473,141,8834,404508,404649
5190,141,8840,404643,404784
8266,141,9103,404521,404662
1161,141,9309,404456,404597
1549,141,9394,404512,404653
3468,141,9402,404645,404786
1359,141,9516,404672,404813
8400,141,9569,404760,404901
7449,141,9584,404886,405027
1841,141,9592,405019,405160
5822,141,9662,405090,405231
712,277,87,414670,414947
101,277,265,414633,414910
802,277,408,414631,414908
653,277,679,414501,414778
364,277,691,414630,414907
6656,142,8004,407594,407736
8364,142,8042,407698,407840
8996,142,8087,407795,407937
7414,142,8143,407881,408023
2424,142,8165,408001,408143
3230,142,8169,408139,408281
7938,142,8191,408259,408401
3765,142,8200,408392,408534
1614,142,8216,408518,408660
3437,142,8251,408625,408767
8847,142,8321,408697,408839
7152,142,8364,408796,408938
8799,142,8434,408868,409010
5388,142,8631,408813,408955
1026,142,8738,408848,408990
1028,142,8777,408951,409093
2126,142,9013,408857,408999
5981,142,9024,408988,409130
3920,142,9042,409112,409254
5004,142,9160,409136,409278
6600,142,9168,409270,409412
4745,142,9340,409240,409382
6126,142,9415,409307,409449
8869,142,9492,409372,409514
7885,142,9503,409503,409645
2689,142,9614,409534,409676
6923,142,9661,409629,409771
2296,142,9668,409764,409906
4312,142,9748,409826,409968
9727,142,9770,409946,410088
5634,142,9788,410070,410212
2364,142,9879,410121,410263
2181,142,9884,410258,410400
6419,142,9952,410332,410474
3167,142,9992,410434,410576
804,278,629,419803,420081
6527,143,8004,412706,412849
2511,143,8031,412822,412965
9042,143,8073,412923,413066
1893,143,8109,413030,413173
6840,143,8147,413135,413278
4409,143,8251,413174,413317
6137,143,8274,413294,413437
8721,143,8320,413391,413534
6464,143,8434,413420,413563
3395,143,8483,413514,413657
6305,143,8502,413638,413781
6110,143,8517,413766,413909
1270,143,8575,413851,413994
8585,143,8599,413970,414113
9835,143,8677,414035,414178
3601,143,8730,414125,414268
6841,143,8742,414256,414399
9354,143,8780,414361,414504
8715,143,8827,414457,414600
8758,143,8916,414511,414654
6135,143,8951,414619,414762
5704,143,9064,414649,414792
2861,143,9210,414646,414789
6395,143,9261,414738,414881
8946,143,9277,414865,415008
4284,143,9317,414968,415111
9626,143,9324,415104,415247
2830,143,9378,415193,415336
4635,143,9564,415150,415293
7081,143,9586,415271,415414
2622,143,9599,415401,415544
2600,143,9643,415500,415643
8056,143,9690,415596,415739
5850,143,9835,415594,415737
7271,143,9998,415574,415717
189,279,260,425319,425598
8417,144,8040,417818,417962
7972,144,8044,417958,418102
2601,144,8112,418034,418178
6078,144,8216,418074,418218
9280,144,8243,418191,418335
2547,144,8251,418327,418471
1764,144,8318,418404,418548
7592,144,8432,418434,418578
4077,144,8457,418553,418697
7415,144,8481,418673,418817
6413,144,8494,418804,418948
6609,144,8500,418942,419086
6192,144,8501,419085,419229
5406,144,8510,419220,419364
9078,144,8514,419360,419504
8201,144,8641,419377,419521
3341,144,8690,419472,419616
5744,144,8720,419586,419730
4930,144,8793,419657,419801
9796,144,8876,419718,419862
4140,144,8970,419768,419912
4224,144,9001,419881,420025
3293,144,9091,419935,420079
5499,144,9161,420009,420153
9226,144,9180,420134,420278
6028,144,9198,420260,420404
6304,144,9252,420350,420494
3382,144,9259,420487,420631
1986,144,9315,420575,420719
5160,144,9338,420696,420840
2323,144,9582,420596,420740
8142,144,9722,420600,420744
1485,144,9753,420713,420857
934,280,317,430157,430437
806,280,486,430132,430412
152,280,574,430188,430468
180,280,771,430135,430415
1991,145,8084,423102,423247
5447,145,8246,423085,423230
9961,145,8450,423026,423171
3223,145,8505,423116,423261
7107,145,8546,423220,423365
4784,145,8850,423061,423206
2617,145,9005,423051,423196
4298,145,9090,423111,423256
8329,145,9201,423145,423290
7802,145,9348,423143,423288
7217,145,9397,423239,423384
6134,145,9400,423381,423526
5321,145,9494,423432,423577
4571,145,9560,423511,423656
5764,145,9599,423617,423762
1659,145,9766,423595,423740
9609,145,9822,423684,423829
5174,145,9931,423720,423865
172,281,278,433382,433663
8817,146,8068,1112158,1112304
3314,146,8143,1112084,1112230
8197,146,8209,1112019,1112165
3577,146,8246,1111983,1112129
3014,146,8386,1111844,1111990
6435,146,8388,1111843,1111989
2532,146,8490,1111742,1111888
7215,146,8538,1111695,1111841
7822,146,8548,1111686,1111832
7067,146,8750,1111485,1111631
7401,146,8751,1111485,1111631
3251,146,8760,1111477,1111623
8753,146,8817,1111421,1111567
6560,146,9083,1111156,1111302
5413,146,9107,1111133,1111279
1250,146,9203,1111038,1111184
1107,146,9289,1110953,1111099
8985,146,9452,1110791,1110937
6964,146,9498,1110746,1110892
2628,146,9507,1110738,1110884
6383,146,9560,1110686,1110832
7434,146,9753,1110494,1110640
8330,146,9770,1110478,1110624
8695,146,9803,1110446,1110592
9981,146,9817,1110433,1110579
1383,146,9894,1110357,1110503
667,282,267,1119849,1120131
463,282,496,1119621,1119903
576,282,624,1119494,1119776
5653,147,8055,1112200,1112347
2777,147,8068,1112189,1112336
9617,147,8086,1112173,1112320
8621,147,8167,1112094,1112241
2597,147,8338,1111925,1112072
1788,147,8416,1111849,1111996
9776,147,8438,1111829,1111976
5396,147,8541,1111728,1111875
8988,147,8591,1111680,1111827
6027,147,8779,1111494,1111641
9171,147,8808,1111467,1111614
4229,147,8837,1111440,1111587
9240,147,8880,1111399,1111546
1639,147,9128,1111153,1111300
4503,147,9203,1111080,1111227
5377,147,9211,1111074,1111221
6213,147,9261,1111026,1111173
5649,147,9296,1110993,1111140
3963,147,9329,1110962,1111109
9209,147,9393,1110900,1111047
1208,147,9397,1110898,1111045
6041,147,9500,1110797,1110944
1800,147,9524,1110775,1110922
1632,147,9525,1110776,1110923
8444,147,9616,1110687,1110834
3721,147,9656,1110649,1110796
7949,147,9775,1110532,1110679
1947,147,9868,1110441,1110588
6731,147,9967,1110344,1110491
487,283,256,1119921,1120204
797,283,683,1119496,1119779
363,283,816,1119365,1119648
716,283,851,1119332,1119615
6959,148,8007,1112314,1112462
9656,148,8080,1112244,1112392
6187,148,8082,1112245,1112393
9802,148,8187,1112143,1112291
7317,148,8222,1112111,1112259
7613,148,8316,1112020,1112168
8569,148,8319,1112020,1112168
4126,148,8325,1112017,1112165
4432,148,8350,1111995,1112143
2208,148,8355,1111993,1112141
3964,148,8448,1111903,1112051
9526,148,8532,1111822,1111970
9081,148,8591,1111766,1111914
9858,148,8613,1111747,1111895
3926,148,8627,1111736,1111884
1246,148,8772,1111594,1111742
5866,148,8881,1111488,1111636
5663,148,9182,1111190,1111338
8431,148,9365,1111010,1111158
4052,148,9422,1110956,1111104
6708,148,9474,1110907,1111055
6702,148,9519,1110865,1111013
8108,148,9533,1110854,1111002
3168,148,9595,1110795,1110943
1309,148,9639,1110754,1110902
2054,148,9704,1110692,1110840
8949,148,9758,1110641,1110789
8178,148,9777,1110625,1110773
8408,148,9945,1110460,1110608
6939,148,9954,1110454,1110602
2284,148,9984,1110427,1110575
203,284,200,1120078,1120362
265,284,201,1120080,1120364
777,284,362,1119922,1120206
9469,149,8044,1112379,1112528
4879,149,8175,1112252,1112401
3621,149,8226,1112205,1112354
6944,149,8227,1112208,1112357
1204,149,8230,1112209,1112358
1902,149,8239,1112204,1112353
7780,149,8311,1112136,1112285
1492,149,8459,1111992,1112141
1508,149,8482,1111973,1112122
2986,149,8589,1111870,1112019
3256,149,8697,1111766,1111915
7950,149,8718,1111749,1111898
3095,149,8942,1111529,1111678
3115,149,8958,1111517,1111666
5667,149,8975,1111504,1111653
2992,149,8998,1111485,1111634
1110,149,9027,1111460,1111609
2349,149,9241,1111250,1111399
4785,149,9276,1111219,1111368
6155,149,9281,1111218,1111367
9627,149,9329,1111174,1111323
7932,149,9626,1110881,1111030
9030,149,9702,1110809,1110958
2127,149,9726,1110789,1110938
7721,149,9729,1110790,1110939
4047,149,9786,1110737,1110886
6476,149,9794,1110733,1110882
9595,149,9841,1110690,1110839
7479,149,9856,1110679,1110828
3605,149,9870,1110669,1110818
9885,149,9891,1110652,1110801
5538,149,9930,1110617,1110766
7850,149,9940,1110611,1110760
1702,149,9950,1110605,1110754
2685,149,9995,1110564,1110713
782,285,231,1120196,1120481
448,285,425,1120006,1120291
201,285,886,1119549,1119834
7029,150,8043,1112532,1112682
7572,150,8217,1112363,1112513
2326,150,8284,1112301,1112451
9921,150,8321,1112269,1112419
8865,150,8545,1112050,1112200
4356,150,8596,1112004,1112154
1509,150,8736,1111869,1112019
7555,150,8863,1111747,1111897
7770,150,8934,1111681,1111831
6242,150,8975,1111645,1111795
8137,150,9017,1111608,1111758
5491,150,9051,1111579,1111729
9388,150,9107,1111528,1111678
9758,150,9147,1111493,1111643
7864,150,9310,1111335,1111485
7656,150,9355,1111295,1111445
5107,150,9401,1111254,1111404
1247,150,9404,1111256,1111406
8085,150,9450,1111215,1111365
8939,150,9552,1111118,1111268
8510,150,9569,1111106,1111256
8040,150,9593,1111087,1111237
9093,150,9615,1111070,1111220
7853,150,9673,1111017,1111167
7768,150,9695,1111000,1111150
1044,150,9703,1110997,1111147
1650,150,9873,1110832,1110982
2714,150,9979,1110731,1110881
259,286,278,1120301,1120587
518,286,346,1120238,1120524
3748,151,8008,1112717,1112868
3714,151,8039,1112692,1112843
9892,151,8135,1112602,1112753
5778,151,8285,1112458,1112609
9087,151,8302,1112447,1112598
3696,151,8311,1112444,1112595
3127,151,8354,1112407,1112558
4633,151,8369,1112398,1112549
7772,151,8566,1112207,1112358
1554,151,8580,1112199,1112350
9872,151,8675,1112110,1112261
7672,151,8808,1111983,1112134
3929,151,8965,1111832,1111983
1386,151,8984,1111819,1111970
4728,151,8993,1111816,1111967
5087,151,9005,1111810,1111961
5285,151,9036,1111785,1111936
7340,151,9093,1111734,1111885
4430,151,9152,1111681,1111832
5532,151,9382,1111457,1111608
7895,151,9400,1111445,1111596
4625,151,9407,1111444,1111595
4286,151,9561,1111296,1111447
2870,151,9670,1111193,1111344
7432,151,9707,1111162,1111313
8164,151,9717,1111158,1111309
3205,151,9855,1111026,1111177
6988,151,9909,1110978,1111129
4107,151,9918,1110975,1111126
1095,151,9960,1110939,1111090
8159,151,9970,1110935,1111086
2197,151,9990,1110921,1111072
207,287,64,1120717,1121004
318,287,492,1120295,1120582
472,287,712,1120081,1120368
784,287,900,1119899,1120186
2003,152,8016,1112925,1113077
9560,152,8100,1112848,1113000
3280,152,8209,1112746,1112898
5682,152,8213,1112749,1112901
4864,152,8276,1112693,1112845
1147,152,8394,1112582,1112734
3663,152,8431,1112552,1112704
8997,152,8728,1112262,1112414
5307,152,8767,1112230,1112382
1855,152,8973,1112031,1112183
3090,152,9038,1111973,1112125
9148,152,9046,1111972,1112124
4258,152,9053,1111972,1112124
6156,152,9122,1111910,1112062
1620,152,9268,1111771,1111923
2256,152,9310,1111736,1111888
2980,152,9438,1111615,1111767
8039,152,9543,1111517,1111669
5051,152,9598,1111469,1111621
9174,152,9626,1111448,1111600
3840,152,9632,1111449,1111601
3502,152,9649,1111439,1111591
5650,152,9712,1111383,1111535
3169,152,9748,1111354,1111506
6852,152,9911,1111198,1111350
2507,152,9997,1111119,1111271
163,288,136,1120851,1121139
694,288,294,1120700,1120988
423,288,597,1120404,1120692
7836,153,8095,1113049,1113202
2887,153,8139,1113013,1113166
3440,153,8233,1112927,1113080
9612,153,8250,1112918,1113071
1342,153,8254,1112922,1113075
8236,153,8329,1112855,1113008
2784,153,8368,1112824,1112977
4726,153,8403,1112797,1112950
3132,153,8421,1112787,1112940
7679,153,8468,1112748,1112901
6389,153,8525,1112699,1112852
7711,153,8633,1112599,1112752
1296,153,8787,1112453,1112606
6982,153,8871,1112377,1112530
8394,153,8879,1112377,1112530
8629,153,9071,1112193,1112346
1763,153,9184,1112088,1112241
2156,153,9390,1111890,1112043
8318,153,9431,1111857,1112010
6258,153,9513,1111783,1111936
8475,153,9515,1111789,1111942
5244,153,9577,1111735,1111888
8784,153,9604,1111716,1111869
7213,153,9749,1111579,1111732
9296,153,9795,1111541,1111694
4246,153,9803,1111541,1111694
9500,153,9858,1111494,1111647
3131,153,9882,1111478,1111631
4181,153,9921,1111447,1111600
6759,153,9926,1111450,1111603
658,289,698,1120550,1120839
4410,154,8079,1113313,1113467
1889,154,8180,1113221,1113375
3498,154,8190,1113220,1113374
6218,154,8326,1113093,1113247
5895,154,8344,1113084,1113238
4902,154,8481,1112956,1113110
1625,154,8537,1112909,1113063
6177,154,8594,1112861,1113015
9222,154,8669,1112795,1112949
2895,154,8734,1112739,1112893
5356,154,8831,1112651,1112805
9037,154,8889,1112602,1112756
9806,154,8971,1112529,1112683
2691,154,9122,1112387,1112541
3743,154,9138,1112380,1112534
7089,154,9171,1112356,1112510
3339,154,9181,1112355,1112509
3649,154,9196,1112349,1112503
9555,154,9315,1112239,1112393
2899,154,9350,1112213,1112367
7728,154,9372,1112200,1112354
1064,154,9462,1112119,1112273
8773,154,9542,1112048,1112202
7133,154,9556,1112043,1112197
8916,154,9614,1111994,1112148
1253,154,9621,1111996,1112150
4109,154,9678,1111948,1112102
8341,154,9851,1111784,1111938
4393,154,9933,1111711,1111865
5612,154,9941,1111712,1111866
3513,154,9978,1111684,1111838
126,290,73,1121462,1121752
671,290,628,1120916,1121206
427,290,938,1120615,1120905
2152,155,8013,1113685,1113840
1785,155,8059,1113649,1113804
8808,155,8127,1113591,1113746
3562,155,8295,1113433,1113588
3985,155,8321,1113417,1113572
6629,155,8344,1113404,1113559
9634,155,8427,1113331,1113486
5818,155,8501,1113267,1113422
4673,155,8522,1113256,1113411
4906,155,8618,1113170,1113325
9320,155,8655,1113143,1113298
7010,155,8755,1113053,1113208
9156,155,8899,1112919,1113074
6842,155,8916,1112912,1113067
2734,155,8984,1112854,1113009
4931,155,9024,1112824,1112979
6910,155,9058,1112800,1112955
3407,155,9059,1112809,1112964
1183,155,9067,1112811,1112966
7289,155,9132,1112756,1112911
1412,155,9231,1112667,1112822
1301,155,9252,1112656,1112811
1505,155,9284,1112634,1112789
7811,155,9440,1112488,1112643
7452,155,9604,1112334,1112489
1063,155,9747,1112201,1112356
7605,155,9981,1111977,1112132
767,291,122,1121710,1122001
156,291,972,1120870,1121161
5158,156,8054,1113934,1114090
8024,156,8076,1113923,1114079
2086,156,8080,1113930,1114086
2440,156,8201,1113820,1113976
4772,156,8209,1113823,1113979
4916,156,8253,1113790,1113946
3479,156,8325,1113729,1113885
3667,156,8420,1113645,1113801
4370,156,8508,1113568,1113724
8123,156,8512,1113575,1113731
6227,156,8533,1113565,1113721
3190,156,8552,1113557,1113713
3847,156,8749,1113371,1113527
6701,156,8908,1113223,1113379
1540,156,8918,1113224,1113380
1282,156,8969,1113184,1113340
6619,156,9068,1113096,1113252
9027,156,9191,1112984,1113140
1607,156,9196,1112990,1113146
3702,156,9241,1112956,1113112
4909,156,9258,1112950,1113106
8679,156,9309,1112910,1113066
6380,156,9318,1112912,1113068
7284,156,9344,1112897,1113053
7755,156,9418,1112834,1112990
2590,156,9464,1112799,1112955
9250,156,9583,1112691,1112847
8048,156,9614,1112671,1112827
8195,156,9668,1112628,1112784
8049,156,9680,1112627,1112783
3471,156,9721,1112597,1112753
9636,156,9755,1112574,1112730
7112,156,9776,1112564,1112720
6922,156,9809,1112542,1112698
4588,156,9905,1112457,1112613
935,292,147,1122090,1122382
333,292,288,1121960,1122252
565,292,618,1121641,1121933
174,292,636,1121634,1121926
371,292,673,1121608,1121900
3470,157,8006,1114422,1114579
9191,157,8008,1114432,1114589
5539,157,8009,1114443,1114600
9750,157,8126,1114338,1114495
2517,157,8128,1114348,1114505
4652,157,8428,1114060,1114217
6356,157,8428,1114072,1114229
3553,157,8454,1114058,1114215
2793,157,8470,1114054,1114211
6563,157,8503,1114033,1114190
5837,157,8593,1113955,1114112
4252,157,8708,1113852,1114009
3638,157,8735,1113837,1113994
3525,157,8853,1113731,1113888
8004,157,8957,1113639,1113796
4036,157,8976,1113632,1113789
6900,157,8977,1113643,1113800
3998,157,9122,1113510,1113667
1056,157,9126,1113518,1113675
3241,157,9198,1113458,1113615
1683,157,9209,1113459,1113616
3590,157,9234,1113446,1113603
8206,157,9384,1113308,1113465
2925,157,9411,1113293,1113450
5557,157,9555,1113161,1113318
5658,157,9641,1113087,1113244
7052,157,9700,1113040,1113197
8242,157,9739,1113013,1113170
9967,157,9758,1113006,1113163
9975,157,9794,1112982,1113139
3294,157,9931,1112857,1113014
6307,157,9932,1112868,1113025
3108,157,9952,1112860,1113017
2809,157,9993,1112831,1112988
316,293,78,1122622,1122915
491,293,527,1122185,1122478
614,293,868,1121856,1122149
5844,158,8025,1114847,1115005
5654,158,8069,1114816,1114974
9138,158,8182,1114716,1114874
9470,158,8419,1114492,1114650
8726,158,8436,1114488,1114646
5195,158,8469,1114468,1114626
7180,158,8525,1114425,1114583
6017,158,8529,1114434,1114592
6188,158,8554,1114422,1114580
9135,158,8674,1114315,1114473
2966,158,8728,1114274,1114432
1206,158,8936,1114079,1114237
1388,158,8964,1114064,1114222
2322,158,8995,1114046,1114204
2564,158,9021,1114033,1114191
3641,158,9116,1113951,1114109
4470,158,9291,1113789,1113947
5573,158,9298,1113795,1113953
8892,158,9357,1113749,1113907
6924,158,9423,1113696,1113854
4383,158,9483,1113649,1113807
5763,158,9488,1113657,1113815
9405,158,9534,1113624,1113782
3367,158,9559,1113612,1113770
6566,158,9821,1113363,1113521
589,294,196,1122865,1123159
429,294,383,1122691,1122985
892,294,547,1122540,1122834
524,294,661,1122439,1122733
911,294,752,1122361,1122655
686,294,954,1122172,1122466
549,294,989,1122150,1122444
3245,159,8078,1115210,1115369
2000,159,8081,1115221,1115380
8509,159,8081,1115235,1115394
1130,159,8143,1115187,1115346
6793,159,8143,1115201,1115360
5473,159,8213,1115145,1115304
1286,159,8280,1115092,1115251
1488,159,8292,1115094,1115253
8306,159,8338,1115062,1115221
1642,159,8344,1115070,1115229
9386,159,8486,1114942,1115101
7178,159,8698,1114744,1114903
3639,159,8732,1114724,1114883
6963,159,8748,1114722,1114881
4368,159,8796,1114688,1114847
2396,159,8797,1114701,1114860
6878,159,8829,1114683,1114842
9704,159,9000,1114526,1114685
6069,159,9010,1114530,1114689
8747,159,9052,1114502,1114661
8017,159,9086,1114482,1114641
3759,159,9191,1114391,1114550
4978,159,9274,1114322,1114481
6396,159,9295,1114315,1114474
4649,159,9337,1114287,1114446
7238,159,9339,1114299,1114458
5175,159,9367,1114285,1114444
6663,159,9520,1114146,1114305
8284,159,9550,1114130,1114289
4040,159,9558,1114136,1114295
1543,159,9570,1114138,1114297
6815,159,9633,1114089,1114248
7787,159,9657,1114079,1114238
4434,159,9699,1114051,1114210
8456,159,9708,1114056,1114215
200,295,133,1123509,1123804
322,295,420,1123236,1123531
2688,160,8009,1115797,1115957
8711,160,8124,1115697,1115857
1742,160,8158,1115678,1115838
3778,160,8412,1115439,1115599
3207,160,8430,1115436,1115596
3836,160,8441,1115440,1115600
6773,160,8452,1115444,1115604
1657,160,8464,1115447,1115607
6005,160,8558,1115368,1115528
5075,160,8563,1115378,1115538
6508,160,8688,1115268,1115428
4076,160,8697,1115274,1115434
1694,160,8700,1115286,1115446
3323,160,8762,1115239,1115399
7108,160,8876,1115140,1115300
2062,160,8964,1115067,1115227
1530,160,8972,1115074,1115234
2672,160,9005,1115056,1115216
1933,160,9013,1115063,1115223
9596,160,9080,1115011,1115171
5187,160,9094,1115012,1115172
6994,160,9150,1114971,1115131
9323,160,9294,1114842,1115002
3489,160,9397,1114754,1114914
8458,160,9589,1114577,1114737
2544,160,9640,1114541,1114701
6195,160,9666,1114530,1114690
4053,160,9677,1114534,1114694
7054,160,9701,1114525,1114685
8793,160,9777,1114464,1114624
5380,160,9788,1114468,1114628
2903,160,9824,1114447,1114607
9294,160,9835,1114451,1114611
320,296,730,1123435,1123731
6485,161,8000,1116316,1116477
8304,161,8167,1116165,1116326
9360,161,8291,1116057,1116218
9918,161,8315,1116049,1116210
9670,161,8367,1116013,1116174
6583,161,8385,1116011,1116172
7723,161,8486,1115926,1116087
9098,161,8493,1115935,1116096
4401,161,8530,1115914,1116075
9574,161,8568,1115892,1116053
9721,161,8589,1115887,1116048
5327,161,8663,1115829,1115990
1174,161,8755,1115753,1115914
7046,161,8755,1115769,1115930
1912,161,8808,1115732,1115893
1011,161,8822,1115734,1115895
6875,161,8897,1115675,1115836
9642,161,8898,1115690,1115851
2913,161,8969,1115635,1115796
8845,161,8982,1115638,1115799
6858,161,9145,1115491,1115652
3573,161,9213,1115439,1115600
8020,161,9219,1115449,1115610
6899,161,9280,1115404,1115565
3272,161,9285,1115415,1115576
1233,161,9496,1115220,1115381
1076,161,9555,1115177,1115338
8073,161,9625,1115123,1115284
4928,161,9626,1115138,1115299
4556,161,9775,1115005,1115166
7763,161,9799,1114997,1115158
3710,161,9873,1114939,1115100
818,297,442,1124250,1124547
831,297,523,1124185,1124482
139,297,706,1124018,1124315
490,297,733,1124007,1124304
9759,162,8151,1116741,1116903
9067,162,8271,1116638,1116800
6011,162,8297,1116629,1116791
3393,162,8377,1116566,1116728
4734,162,8470,1116490,1116652
4355,162,8574,1116403,1116565
7164,162,8637,1116357,1116519
2589,162,8685,1116326,1116488
4868,162,8740,1116288,1116450
2385,162,8761,1116284,1116446
8691,162,8925,1116137,1116299
7903,162,9002,1116077,1116239
6237,162,9015,1116081,1116243
9913,162,9025,1116088,1116250
2976,162,9047,1116083,1116245
9039,162,9199,1115948,1116110
8955,162,9365,1115799,1115961
9031,162,9620,1115561,1115723
2064,162,9787,1115411,1115573
6845,162,9981,1115234,1115396
7930,162,9990,1115242,1115404
923,298,218,1124895,1125193
206,298,348,1124782,1125080
722,298,532,1124615,1124913
570,298,808,1124356,1124654
3707,163,8016,1117301,1117464
9074,163,8136,1117199,1117362
4261,163,8139,1117214,1117377
4509,163,8200,1117171,1117334
2953,163,8212,1117177,1117340
5727,163,8226,1117181,1117344
7939,163,8463,1116962,1117125
7786,163,8522,1116921,1117084
9840,163,8574,1116887,1117050
8470,163,8609,1116870,1117033
6671,163,8660,1116837,1117000
5504,163,8709,1116806,1116969
1407,163,8714,1116819,1116982
2330,163,8750,1116801,1116964
9119,163,8844,1116725,1116888
6567,163,8860,1116727,1116890
6113,163,8919,1116686,1116849
4979,163,8950,1116673,1116836
7463,163,9095,1116546,1116709
5342,163,9143,1116516,1116679
3072,163,9187,1116490,1116653
6737,163,9196,1116499,1116662
5111,163,9456,1116257,1116420
1337,163,9586,1116145,1116308
3742,163,9591,1116158,1116321
8457,163,9664,1116103,1116266
5151,163,9742,1116043,1116206
4820,163,9800,1116003,1116166
5730,163,9988,1115833,1115996
675,299,109,1125594,1125893
457,299,748,1124973,1125272
220,299,921,1124818,1125117
4174,164,8013,1117880,1118044
1744,164,8083,1117829,1117993
6533,164,8203,1117728,1117892
9654,164,8291,1117659,1117823
3776,164,8542,1117427,1117591
6215,164,8616,1117372,1117536
6905,164,8629,1117378,1117542
7782,164,8767,1117259,1117423
2310,164,8855,1117190,1117354
7995,164,8936,1117128,1117292
6935,164,8953,1117130,1117294
7964,164,9005,1117097,1117261
8838,164,9124,1116997,1117161
5467,164,9158,1116982,1117146
5824,164,9293,1116866,1117030
2462,164,9313,1116865,1117029
3511,164,9331,1116866,1117030
1312,164,9363,1116853,1117017
9396,164,9444,1116791,1116955
7023,164,9470,1116784,1116948
6165,164,9584,1116689,1116853
4780,164,9585,1116707,1116871
2100,164,9611,1116700,1116864
7422,164,9658,1116672,1116836
8911,164,9664,1116685,1116849
4848,164,9718,1116650,1116814
1894,164,9844,1116543,1116707
9800,164,9935,1116471,1116635
198,300,392,1125897,1126197
769,300,435,1125873,1126173
287,300,690,1125637,1125937
847,300,744,1125602,1125902
479,300,809,1125556,1125856
3447,165,8017,1118503,1118668
8112,165,8031,1118509,1118674
8575,165,8068,1118492,1118657
7935,165,8103,1118477,1118642
9685,165,8203,1118397,1118562
7684,165,8316,1118304,1118469
3935,165,8329,1118311,1118476
6112,165,8457,1118203,1118368
5366,165,8653,1118027,1118192
5347,165,8660,1118040,1118205
3691,165,8684,1118036,1118201
5235,165,8696,1118044,1118209
7047,165,8732,1118028,1118193
8882,165,8821,1117959,1118124
4387,165,8897,1117903,1118068
1525,165,8915,1117905,1118070
3376,165,8981,1117859,1118024
3109,165,8991,1117869,1118034
2875,165,9072,1117808,1117973
2328,165,9162,1117738,1117903
6409,165,9328,1117592,1117757
2448,165,9368,1117572,1117737
5300,165,9430,1117530,1117695
2032,165,9476,1117504,1117669
5752,165,9856,1117144,1117309
5505,165,9875,1117145,1117310
1419,165,9926,1117114,1117279
7622,165,9934,1117126,1117291
3994,165,9941,1117139,1117304
9431,165,9973,1117127,1117292
9305,165,9993,1117127,1117292
5646,166,8134,1119006,1119172
1622,166,8163,1118998,1119164
2787,166,8169,1119013,1119179
5270,166,8209,1118994,1119160
9347,166,8223,1119001,1119167
5501,166,8316,1118929,1119095
3959,166,8415,1118851,1119017
2854,166,8462,1118825,1118991
1790,166,8600,1118708,1118874
3238,166,8786,1118543,1118709
5424,166,8808,1118542,1118708
1777,166,8845,1118526,1118692
3173,166,8867,1118525,1118691
1925,166,8888,1118525,1118691
1490,166,8967,1118467,1118633
9471,166,8979,1118476,1118642
2794,166,9104,1118372,1118538
2847,166,9113,1118384,1118550
2713,166,9253,1118265,1118431
2399,166,9284,1118255,1118421
1417,166,9300,1118260,1118426
7979,166,9388,1118193,1118359
7884,166,9509,1118093,1118259
6455,166,9574,1118049,1118215
5080,166,9603,1118041,1118207
8377,166,9705,1117960,1118126
1005,166,9708,1117978,1118144
3950,166,9760,1117947,1118113
3097,166,9862,1117866,1118032
9702,166,9876,1117873,1118039
8849,166,9907,1117863,1118029
8422,167,8141,1119650,1119817
5626,167,8303,1119510,1119677
1720,167,8317,1119518,1119685
7083,167,8393,1119464,1119631
4223,167,8437,1119442,1119609
2114,167,8455,1119446,1119613
3535,167,8518,1119405,1119572
7931,167,8590,1119355,1119522
5773,167,8653,1119314,1119481
8710,167,8675,1119314,1119481
7373,167,8679,1119332,1119499
1532,167,8862,1119171,1119338
5930,167,8925,1119130,1119297
8468,167,9142,1118935,1119102
7816,167,9226,1118873,1119040
8981,167,9229,1118892,1119059
4691,167,9237,1118906,1119073
8493,167,9237,1118928,1119095
4845,167,9610,1118577,1118744
5472,167,9632,1118577,1118744
9787,167,9640,1118591,1118758
2276,167,9701,1118552,1118719
1891,167,9742,1118533,1118700
4664,167,9755,1118542,1118709
5619,167,9794,1118525,1118692
7142,167,9855,1118486,1118653
6535,167,9988,1118375,1118542
7288,167,9999,1118386,1118553
5967,168,8056,1120351,1120519
4788,168,8197,1120233,1120401
4268,168,8354,1120099,1120267
3381,168,8495,1119981,1120149
6674,168,8507,1119992,1120160
3262,168,8527,1119995,1120163
5200,168,8561,1119984,1120152
3125,168,8586,1119982,1120150
7321,168,8696,1119895,1120063
4187,168,8715,1119899,1120067
9473,168,8739,1119898,1120066
1071,168,8757,1119903,1120071
9690,168,8759,1119924,1120092
9995,168,8805,1119901,1120069
6276,168,8845,1119884,1120052
4118,168,8857,1119895,1120063
9783,168,8944,1119831,1119999
9436,168,9046,1119752,1119920
3982,168,9278,1119543,1119711
8241,168,9342,1119502,1119670
8343,168,9394,1119473,1119641
8194,168,9531,1119359,1119527
3386,168,9584,1119329,1119497
5226,168,9629,1119307,1119475
1103,168,9673,1119286,1119454
4882,168,9673,1119309,1119477
1427,168,9832,1119173,1119341
6782,168,9884,1119144,1119312
5942,168,9963,1119088,1119256
7855,169,8028,1121046,1121215
7082,169,8041,1121057,1121226
3952,169,8130,1120992,1121161
9576,169,8132,1121014,1121183
1473,169,8155,1121015,1121184
7535,169,8312,1120882,1121051
2452,169,8323,1120895,1121064
6293,169,8416,1120826,1120995
3724,169,8467,1120799,1120968
8500,169,8499,1120791,1120960
8297,169,8521,1120793,1120962
3636,169,8587,1120751,1120920
4194,169,8641,1120721,1120890
7876,169,8660,1120726,1120895
7033,169,8661,1120749,1120918
8526,169,8765,1120669,1120838
8626,169,8767,1120691,1120860
1739,169,8770,1120712,1120881
7732,169,8791,1120715,1120884
6518,169,8807,1120723,1120892
8280,169,8830,1120724,1120893
1346,169,8909,1120669,1120838
9951,169,9040,1120562,1120731
3310,169,9056,1120570,1120739
9940,169,9170,1120480,1120649
5620,169,9179,1120495,1120664
1464,169,9214,1120484,1120653
8671,169,9434,1120288,1120457
7140,169,9445,1120301,1120470
5438,169,9598,1120172,1120341
7709,169,9624,1120170,1120339
6556,169,9691,1120127,1120296
7792,169,9804,1120038,1120207
3043,169,9825,1120041,1120210
4727,169,9830,1120060,1120229
3053,169,9904,1120010,1120179
2028,169,9934,1120004,1120173
7381,169,9959,1120003,1120172
1285,169,9967,1120019,1120188
8675,169,9986,1120024,1120193
9895,170,8015,1122019,1122189
8395,170,8031,1122028,1122198
1189,170,8050,1122034,1122204
9577,170,8166,1121943,1122113
4336,170,8174,1121960,1122130
8927,170,8345,1121814,1121984
2748,170,8369,1121815,1121985
4900,170,8443,1121766,1121936
6918,170,8512,1121722,1121892
3306,170,8522,1121737,1121907
9383,170,8596,1121688,1121858
2178,170,8708,1121601,1121771
9694,170,8798,1121536,1121706
5673,170,8987,1121372,1121542
8971,170,9038,1121346,1121516
7574,170,9062,1121347,1121517
4082,170,9132,1121302,1121472
7731,170,9188,1121271,1121441
3092,170,9243,1121241,1121411
5982,170,9247,1121262,1121432
9068,170,9250,1121284,1121454
4779,170,9362,1121197,1121367
5475,170,9391,1121193,1121363
2425,170,9468,1121141,1121311
9624,170,9633,1121001,1121171
5595,170,9692,1120967,1121137
2179,170,9870,1120814,1120984
2455,170,9966,1120743,1120913
7694,171,8094,1122640,1122811
7060,171,8203,1122557,1122728
5842,171,8269,1122517,1122688
9266,171,8272,1122540,1122711
9628,171,8300,1122538,1122709
7078,171,8336,1122528,1122699
4874,171,8394,1122496,1122667
8919,171,8474,1122442,1122613
1901,171,8703,1122239,1122410
5123,171,8742,1122226,1122397
9637,171,8799,1122195,1122366
7977,171,8802,1122218,1122389
1237,171,8847,1122199,1122370
8327,171,8976,1122096,1122267
8111,171,9025,1122073,1122244
5908,171,9066,1122058,1122229
4087,171,9094,1122056,1122227
3730,171,9130,1122046,1122217
1106,171,9311,1121891,1122062
2841,171,9362,1121866,1122037
5017,171,9405,1121849,1122020
6266,171,9465,1121815,1121986
3252,171,9496,1121810,1121981
1468,171,9521,1121811,1121982
6943,171,9647,1121711,1121882
3228,171,9649,1121735,1121906
7423,171,9693,1121717,1121888
2720,171,9870,1121566,1121737
6012,171,9959,1121503,1121674
8529,171,9995,1121493,1121664
8305,172,8007,1123507,1123679
1307,172,8032,1123509,1123681
4363,172,8066,1123502,1123674
2607,172,8116,1123479,1123651
2946,172,8222,1123400,1123572
5451,172,8299,1123350,1123522
3631,172,8371,1123305,1123477
2473,172,8372,1123331,1123503
7683,172,8593,1123137,1123309
9046,172,8637,1123120,1123292
2159,172,8649,1123135,1123307
7804,172,8665,1123146,1123318
5241,172,8670,1123168,1123340
8761,172,8782,1123083,1123255
5057,172,8937,1122955,1123127
3430,172,8957,1122962,1123134
7500,172,9071,1122875,1123047
2586,172,9091,1122882,1123054
8705,172,9102,1122898,1123070
9888,172,9162,1122865,1123037
2498,172,9226,1122828,1123000
8506,172,9261,1122820,1122992
3361,172,9270,1122838,1123010
3375,172,9291,1122844,1123016
7242,172,9308,1122854,1123026
4618,172,9314,1122875,1123047
6873,172,9338,1122878,1123050
9008,172,9381,1122862,1123034
7266,172,9466,1122804,1122976
7169,172,9493,1122804,1122976
7037,172,9579,1122745,1122917
9021,172,9609,1122742,1122914
7702,172,9741,1122637,1122809
9711,172,9754,1122651,1122823
5487,173,8016,1124416,1124589
6147,173,8021,1124439,1124612
6561,173,8146,1124342,1124515
6691,173,8234,1124282,1124455
9219,173,8376,1124168,1124341
1979,173,8379,1124193,1124366
3849,173,8458,1124142,1124315
9724,173,8523,1124105,1124278
3510,173,8624,1124032,1124205
2573,173,8630,1124054,1124227
2254,173,8637,1124075,1124248
9853,173,8906,1123834,1124007
4840,173,8937,1123831,1124004
3579,173,9069,1123727,1123900
7725,173,9107,1123717,1123890
1170,173,9164,1123688,1123861
1664,173,9471,1123409,1123582
2706,173,9501,1123407,1123580
7309,173,9528,1123408,1123581
4381,173,9584,1123380,1123553
7365,173,9602,1123390,1123563
5809,173,9631,1123389,1123562
4938,173,9653,1123395,1123568
9817,173,9835,1123241,1123414
6229,173,9865,1123239,1123412
1709,174,8011,1125121,1125295
5182,174,8017,1125144,1125318
9172,174,8032,1125158,1125332
1040,174,8057,1125162,1125336
4478,174,8100,1125148,1125322
3698,174,8206,1125071,1125245
5150,174,8210,1125096,1125270
8835,174,8256,1125079,1125253
6860,174,8387,1124977,1125151
8407,174,8611,1124782,1124956
6320,174,8626,1124796,1124970
9580,174,8725,1124726,1124900
3036,174,8964,1124516,1124690
3596,174,8971,1124538,1124712
2093,174,8974,1124564,1124738
8595,174,9032,1124535,1124709
5288,174,9119,1124477,1124651
4787,174,9250,1124375,1124549
2898,174,9305,1124349,1124523
6608,174,9327,1124356,1124530
8173,174,9333,1124379,1124553
3669,174,9379,1124362,1124536
7235,174,9411,1124359,1124533
2318,174,9474,1124325,1124499
2019,174,9485,1124343,1124517
3543,174,9582,1124275,1124449
6857,174,9715,1124171,1124345
9340,174,9749,1124166,1124340
2695,174,9756,1124188,1124362
3760,174,9947,1124026,1124200
9407,175,8103,1125899,1126074
9399,175,8106,1125926,1126101
2640,175,8372,1125690,1125865
7014,175,8489,1125603,1125778
8488,175,8509,1125613,1125788
9793,175,8511,1125641,1125816
9477,175,8537,1125645,1125820
3655,175,8541,1125671,1125846
4932,175,8606,1125636,1125811
3282,175,8668,1125604,1125779
3136,175,8745,1125557,1125732
7122,175,8745,1125587,1125762
9128,175,8775,1125587,1125762
7610,175,8887,1125505,1125680
6428,175,8941,1125481,1125656
2478,175,9028,1125424,1125599
3672,175,9164,1125318,1125493
5326,175,9166,1125346,1125521
1332,175,9261,1125281,1125456
3237,175,9261,1125311,1125486
1435,175,9280,1125322,1125497
3780,175,9383,1125249,1125424
5672,175,9469,1125193,1125368
6306,175,9493,1125199,1125374
9234,175,9614,1125108,1125283
7680,175,9638,1125114,1125289
9000,175,9646,1125136,1125311
9775,175,9697,1125115,1125290
9737,175,9872,1124970,1125145
9788,176,8029,1126843,1127019
6999,176,8031,1126872,1127048
1630,176,8184,1126750,1126926
1402,176,8261,1126704,1126880
4206,176,8263,1126733,1126909
9997,176,8308,1126719,1126895
1878,176,8416,1126642,1126818
3331,176,8541,1126548,1126724
5628,176,8616,1126504,1126680
5577,176,8689,1126462,1126638
9143,176,8767,1126415,1126591
7554,176,8832,1126381,1126557
7186,176,9032,1126212,1126388
5038,176,9109,1126166,1126342
5644,176,9167,1126139,1126315
9862,176,9235,1126102,1126278
6714,176,9289,1126079,1126255
9069,176,9307,1126092,1126268
7339,176,9380,1126050,1126226
6753,176,9396,1126065,1126241
5128,176,9418,1126074,1126250
1758,176,9435,1126088,1126264
3953,176,9478,1126076,1126252
1135,176,9523,1126062,1126238
9851,176,9642,1125974,1126150
8169,176,9648,1125999,1126175
6787,176,9725,1125953,1126129
3775,176,9811,1125898,1126074
3750,176,9812,1125928,1126104
7066,176,9893,1125878,1126054
7760,177,8049,1127753,1127930
3478,177,8060,1127774,1127951
9153,177,8073,1127793,1127970
9909,177,8141,1127757,1127934
5732,177,8181,1127749,1127926
6222,177,8187,1127775,1127952
1190,177,8231,1127763,1127940
9984,177,8251,1127775,1127952
1054,177,8276,1127782,1127959
8566,177,8332,1127758,1127935
1344,177,8423,1127699,1127876
2020,177,8475,1127679,1127856
6675,177,8476,1127710,1127887
8325,177,8568,1127650,1127827
5915,177,8656,1127594,1127771
8006,177,8738,1127544,1127721
1395,177,8771,1127543,1127720
5046,177,8867,1127479,1127656
5231,177,8887,1127491,1127668
5013,177,8984,1127426,1127603
2027,177,9068,1127374,1127551
4550,177,9142,1127332,1127509
7355,177,9157,1127349,1127526
6348,177,9180,1127358,1127535
2176,177,9340,1127230,1127407
5468,177,9414,1127188,1127365
1863,177,9417,1127217,1127394
8031,177,9544,1127122,1127299
4320,177,9555,1127143,1127320
8361,177,9916,1126814,1126991
7441,177,9932,1126830,1127007
1020,178,8045,1128749,1128927
6010,178,8141,1128686,1128864
4165,178,8172,1128688,1128866
3027,178,8188,1128705,1128883
8200,178,8196,1128730,1128908
4590,178,8293,1128666,1128844
4521,178,8303,1128689,1128867
8991,178,8343,1128682,1128860
3032,178,8352,1128706,1128884
6295,178,8561,1128530,1128708
4553,178,8678,1128446,1128624
9223,178,8806,1128351,1128529
1944,178,8838,1128352,1128530
9530,178,9048,1128175,1128353
1266,178,9064,1128192,1128370
9905,178,9129,1128160,1128338
7306,178,9184,1128138,1128316
3916,178,9210,1128145,1128323
3754,178,9243,1128145,1128323
5651,178,9245,1128176,1128354
8588,178,9269,1128185,1128363
3217,178,9311,1128176,1128354
8932,178,9352,1128168,1128346
1738,178,9367,1128186,1128364
6863,178,9443,1128143,1128321
9286,178,9536,1128083,1128261
7113,178,9539,1128113,1128291
4794,178,9546,1128139,1128317
4439,178,9637,1128081,1128259
8535,178,9710,1128041,1128219
3091,178,9773,1128011,1128189
7341,178,9832,1127985,1128163
4631,178,9838,1128012,1128190
5313,178,9871,1128012,1128190
3335,178,9892,1128024,1128202
3604,178,9894,1128055,1128233
4319,179,8013,1129969,1130148
1942,179,8060,1129956,1130135
9830,179,8148,1129902,1130081
9502,179,8168,1129916,1130095
2285,179,8304,1129814,1129993
6798,179,8375,1129777,1129956
5668,179,8458,1129728,1129907
7620,179,8577,1129643,1129822
7801,179,8609,1129645,1129824
6253,179,8809,1129479,1129658
5390,179,8841,1129481,1129660
7485,179,8869,1129487,1129666
8741,179,8910,1129480,1129659
4614,179,8968,1129456,1129635
8638,179,9025,1129433,1129612
2832,179,9092,1129400,1129579
9881,179,9130,1129396,1129575
5533,179,9354,1129206,1129385
7908,179,9446,1129148,1129327
2069,179,9556,1129072,1129251
4469,179,9585,1129077,1129256
9730,179,9613,1129083,1129262
1018,179,9740,1128990,1129169
3602,179,9743,1129021,1129200
5880,179,9787,1129011,1129190
5657,179,9934,1128898,1129077
7154,180,8150,1130716,1130896
8963,180,8296,1130605,1130785
5521,180,8300,1130636,1130816
6814,180,8303,1130668,1130848
4190,180,8337,1130669,1130849
1387,180,8389,1130652,1130832
4695,180,8408,1130668,1130848
6683,180,8494,1130617,1130797
7748,180,8561,1130585,1130765
9894,180,8579,1130602,1130782
1908,180,8602,1130614,1130794
8993,180,8821,1130430,1130610
9994,180,8913,1130373,1130553
6897,180,8988,1130333,1130513
8802,180,9144,1130212,1130392
4641,180,9236,1130155,1130335
9140,180,9260,1130166,1130346
5588,180,9279,1130182,1130362
3459,180,9354,1130142,1130322
8041,180,9445,1130086,1130266
1592,180,9465,1130101,1130281
3800,180,9529,1130072,1130252
9932,180,9563,1130073,1130253
5428,180,9691,1129980,1130160
8676,180,9691,1130015,1130195
1232,180,9750,1129991,1130171
4179,180,9775,1130001,1130181
3258,180,9900,1129911,1130091
4448,181,8026,1131820,1132001
4901,181,8029,1131853,1132034
6819,181,8108,1131810,1131991
4313,181,8151,1131803,1131984
2650,181,8277,1131713,1131894
7955,181,8311,1131715,1131896
8936,181,8328,1131734,1131915
1449,181,8435,1131663,1131844
4492,181,8453,1131681,1131862
6665,181,8464,1131706,1131887
9866,181,8489,1131717,1131898
1635,181,8492,1131750,1131931
2805,181,8933,1131345,1131526
7944,181,8993,1131321,1131502
5119,181,8996,1131354,1131535
8389,181,9020,1131366,1131547
8141,181,9135,1131287,1131468
9272,181,9158,1131300,1131481
3673,181,9237,1131257,1131438
6800,181,9266,1131264,1131445
4949,181,9327,1131239,1131420
3022,181,9444,1131158,1131339
4374,181,9452,1131186,1131367
7320,181,9540,1131134,1131315
5962,181,9563,1131147,1131328
2503,181,9568,1131178,1131359
2641,181,9582,1131200,1131381
6345,181,9682,1131136,1131317
8371,181,9863,1130991,1131172
8279,181,9968,1130922,1131103
6473,181,9993,1130933,1131114
5374,182,8000,1132962,1133144
6504,182,8148,1132851,1133033
7351,182,8188,1132848,1133030
4940,182,8226,1132847,1133029
2743,182,8503,1132607,1132789
9985,182,8535,1132612,1132794
2243,182,8615,1132569,1132751
4524,182,8694,1132527,1132709
1541,182,8707,1132551,1132733
4069,182,8731,1132564,1132746
4412,182,8799,1132533,1132715
4449,182,8827,1132542,1132724
4912,182,8845,1132561,1132743
9100,182,8881,1132562,1132744
4640,182,8893,1132587,1132769
9805,182,9002,1132515,1132697
4596,182,9040,1132514,1132696
6365,182,9055,1132536,1132718
1430,182,9142,1132486,1132668
9404,182,9437,1132228,1132410
3065,182,9474,1132228,1132410
6393,182,9517,1132222,1132404
6932,182,9665,1132111,1132293
7956,182,9689,1132124,1132306
5814,182,9745,1132105,1132287
7224,182,9755,1132132,1132314
8816,182,9873,1132051,1132233
8531,182,9946,1132015,1132197
4624,183,8124,1133874,1134057
6341,183,8140,1133896,1134079
5251,183,8182,1133892,1134075
5919,183,8280,1133832,1134015
5517,183,8313,1133837,1134020
3021,183,8477,1133711,1133894
4273,183,8519,1133707,1133890
7377,183,8785,1133479,1133662
8999,183,8818,1133484,1133667
1593,183,8820,1133520,1133703
9557,183,8822,1133556,1133739
8046,183,8825,1133591,1133774
1704,183,8912,1133542,1133725
4486,183,8982,1133510,1133693
8693,183,9005,1133525,1133708
5812,183,9178,1133390,1133573
5679,183,9187,1133419,1133602
9813,183,9207,1133437,1133620
7990,183,9222,1133460,1133643
9177,183,9397,1133323,1133506
3704,183,9480,1133278,1133461
1375,183,9497,1133299,1133482
5787,183,9503,1133331,1133514
8977,183,9505,1133367,1133550
8016,183,9519,1133391,1133574
6482,183,9571,1133377,1133560
4103,183,9738,1133248,1133431
8174,183,9785,1133239,1133422
8522,183,9822,1133240,1133423
6541,183,9922,1133178,1133361
4523,183,9950,1133188,1133371
1378,184,8052,1135124,1135308
2047,184,8228,1134987,1135171
5797,184,8321,1134933,1135117
7126,184,8348,1134945,1135129
2264,184,8352,1134980,1135164
4176,184,8510,1134861,1135045
5720,184,8527,1134883,1135067
7629,184,8565,1134884,1135068
5959,184,8741,1134747,1134931
1251,184,8910,1134617,1134801
1633,184,8925,1134641,1134825
7267,184,9188,1134417,1134601
8344,184,9204,1134440,1134624
3264,184,9245,1134438,1134622
1113,184,9603,1134119,1134303
4914,184,9639,1134122,1134306
7641,184,9753,1134047,1134231
7098,184,9766,1134073,1134257
1805,184,9781,1134097,1134281
8686,184,9833,1134084,1134268
8871,184,9873,1134083,1134267
3328,184,9898,1134097,1134281
5281,184,9964,1134070,1134254
2905,185,8108,1135965,1136150
2760,185,8245,1135868,1136053
9363,185,8268,1135885,1136070
3678,185,8295,1135898,1136083
1627,185,8369,1135864,1136049
6572,185,8394,1135879,1136064
1244,185,8423,1135890,1136075
9639,185,8471,1135882,1136067
1776,185,8577,1135816,1136001
1567,185,8579,1135854,1136039
4936,185,8596,1135877,1136062
3772,185,8625,1135888,1136073
8930,185,8709,1135844,1136029
5074,185,8735,1135858,1136043
9790,185,8799,1135834,1136019
5610,185,8810,1135863,1136048
5556,185,8825,1135888,1136073
1015,185,8960,1135793,1135978
7980,185,9050,1135743,1135928
6300,185,9086,1135747,1135932
4933,185,9103,1135770,1135955
4299,185,9135,1135778,1135963
9823,185,9192,1135761,1135946
6268,185,9204,1135789,1135974
4445,185,9239,1135794,1135979
2211,185,9326,1135747,1135932
7399,185,9340,1135773,1135958
1511,185,9355,1135798,1135983
7655,185,9361,1135832,1136017
5525,185,9415,1135818,1136003
3692,185,9530,1135743,1135928
2939,185,9754,1135559,1135744
9418,185,9793,1135560,1135745
7502,185,9814,1135579,1135764
8763,185,9817,1135616,1135801
3690,185,9896,1135577,1135762
3162,185,9928,1135585,1135770
1334,186,8000,1137553,1137739
3073,186,8004,1137590,1137776
7272,186,8032,1137603,1137789
3070,186,8035,1137641,1137827
3903,186,8112,1137605,1137791
5191,186,8200,1137558,1137744
4572,186,8208,1137591,1137777
2088,186,8296,1137544,1137730
1425,186,8304,1137577,1137763
2263,186,8353,1137569,1137755
2141,186,8539,1137424,1137610
2311,186,8583,1137421,1137607
3815,186,8621,1137424,1137610
6941,186,8791,1137295,1137481
9461,186,8865,1137262,1137448
3716,186,8902,1137266,1137452
3493,186,8906,1137303,1137489
3563,186,9100,1137150,1137336
2820,186,9212,1137079,1137265
1262,186,9241,1137091,1137277
3442,186,9252,1137121,1137307
8527,186,9256,1137158,1137344
3679,186,9316,1137139,1137325
3740,186,9328,1137168,1137354
3086,186,9471,1137066,1137252
4457,186,9532,1137046,1137232
6377,186,9543,1137076,1137262
5247,186,9601,1137059,1137245
3351,186,9622,1137079,1137265
9989,186,9687,1137055,1137241
1331,186,9708,1137075,1137261
2616,186,9831,1136993,1137179
3005,186,9857,1137008,1137194
3141,186,9873,1137033,1137219
2860,186,9942,1137005,1137191
7667,186,9998,1136990,1137176
2968,187,8058,1138971,1139158
4667,187,8107,1138964,1139151
1706,187,8112,1139001,1139188
4854,187,8248,1138907,1139094
9614,187,8254,1138943,1139130
5512,187,8296,1138943,1139130
3364,187,8445,1138836,1139023
6825,187,8459,1138864,1139051
1479,187,8549,1138816,1139003
3758,187,8560,1138847,1139034
8520,187,8602,1138847,1139034
7968,187,8614,1138877,1139064
7546,187,8660,1138873,1139060
3199,187,8838,1138737,1138924
6475,187,8890,1138727,1138914
8026,187,8899,1138760,1138947
5010,187,9006,1138695,1138882
6164,187,9040,1138703,1138890
5431,187,9147,1138638,1138825
3096,187,9272,1138555,1138742
3180,187,9303,1138566,1138753
7682,187,9358,1138553,1138740
2897,187,9727,1138226,1138413
9891,187,9739,1138256,1138443
9285,187,9900,1138137,1138324
4155,188,8230,1139849,1140037
8947,188,8353,1139769,1139957
7857,188,8376,1139789,1139977
4435,188,8417,1139791,1139979
1077,188,8483,1139768,1139956
1774,188,8510,1139784,1139972
2418,188,8593,1139744,1139932
5306,188,8621,1139759,1139947
3657,188,8672,1139751,1139939
6754,188,8859,1139607,1139795
7006,188,9217,1139292,1139480
3155,188,9390,1139162,1139350
4964,188,9403,1139192,1139380
5798,188,9508,1139130,1139318
7063,188,9522,1139159,1139347
8941,188,9554,1139170,1139358
1773,188,9591,1139176,1139364
3383,188,9832,1138978,1139166
5639,188,9856,1138997,1139185
5614,189,8079,1140817,1141006
1665,189,8210,1140730,1140919
9742,189,8247,1140737,1140926
8480,189,8571,1140457,1140646
4518,189,8590,1140482,1140671
2914,189,8609,1140507,1140696
7353,189,8644,1140516,1140705
9962,189,8739,1140465,1140654
4505,189,8744,1140504,1140693
2958,189,8810,1140482,1140671
5176,189,8836,1140500,1140689
1369,189,8883,1140497,1140686
5047,189,8891,1140533,1140722
6346,189,9180,1140288,1140477
8820,189,9202,1140310,1140499
6727,189,9348,1140208,1140397
5291,189,9365,1140235,1140424
3500,189,9385,1140259,1140448
8959,189,9423,1140265,1140454
8116,189,9495,1140237,1140426
7640,189,9557,1140219,1140408
1772,189,9590,1140230,1140419
6129,189,9611,1140253,1140442
8435,189,9695,1140213,1140402
2583,189,9752,1140200,1140389
9108,189,9787,1140209,1140398
3401,189,9812,1140228,1140417
5709,189,9820,1140264,1140453
8933,189,9888,1140240,1140429
3074,189,9946,1140226,1140415
5471,190,8073,1142143,1142333
4202,190,8116,1142145,1142335
9883,190,8131,1142175,1142365
7582,190,8187,1142164,1142354
7275,190,8200,1142196,1142386
3416,190,8254,1142187,1142377
2007,190,8412,1142074,1142264
8050,190,8551,1141980,1142170
6703,190,8559,1142017,1142207
8647,190,8620,1142001,1142191
8956,190,8692,1141974,1142164
3064,190,8874,1141837,1142027
6851,190,9096,1141660,1141850
9189,190,9200,1141601,1141791
6678,190,9283,1141563,1141753
3634,190,9309,1141582,1141772
3418,190,9383,1141553,1141743
6705,190,9423,1141558,1141748
2639,190,9571,1141455,1141645
8778,190,9657,1141414,1141604
9147,190,9684,1141432,1141622
4080,190,9709,1141452,1141642
9149,190,9727,1141479,1141669
4217,190,9762,1141489,1141679
9948,190,9774,1141522,1141712
7155,190,9921,1141420,1141610
5224,190,9993,1141393,1141583
8084,191,8033,1143398,1143589
7746,191,8046,1143431,1143622
6184,191,8301,1143222,1143413
7477,191,8438,1143131,1143322
7096,191,8515,1143100,1143291
6534,191,8567,1143094,1143285
5542,191,8576,1143131,1143322
1860,191,8601,1143152,1143343
2942,191,8611,1143188,1143379
3944,191,8658,1143187,1143378
8787,191,8880,1143011,1143202
7053,191,8957,1142980,1143171
7743,191,9209,1142774,1142965
5494,191,9247,1142782,1142973
1297,191,9293,1142782,1142973
8366,191,9326,1142795,1142986
4987,191,9327,1142840,1143031
8577,191,9350,1142863,1143054
2584,191,9377,1142882,1143073
9488,191,9433,1142872,1143063
2971,191,9497,1142854,1143045
8368,191,9587,1142810,1143001
2891,191,9643,1142800,1142991
9749,191,9663,1142826,1143017
7470,191,9752,1142783,1142974
8275,191,9757,1142824,1143015
9762,191,9847,1142780,1142971
3814,191,9871,1142802,1142993
2940,191,9898,1142821,1143012
3612,191,9949,1142816,1143007
6025,191,9988,1142823,1143014
2514,192,8096,1144761,1144953
6552,192,8277,1144627,1144819
1254,192,8293,1144658,1144850
5030,192,8303,1144695,1144887
2515,192,8495,1144550,1144742
1861,192,8542,1144550,1144742
9163,192,8568,1144571,1144763
5027,192,8659,1144527,1144719
1973,192,8682,1144551,1144743
9765,192,8750,1144530,1144722
4771,192,8754,1144573,1144765
7132,192,8838,1144536,1144728
8053,192,8849,1144572,1144764
5970,192,8923,1144545,1144737
6057,192,8971,1144544,1144736
5002,192,9008,1144554,1144746
7501,192,9123,1144486,1144678
1937,192,9141,1144515,1144707
5934,192,9171,1144532,1144724
5553,192,9179,1144571,1144763
9683,192,9211,1144586,1144778
4042,192,9223,1144621,1144813
7996,192,9230,1144661,1144853
5372,192,9231,1144707,1144899
8083,192,9242,1144743,1144935
1851,192,9316,1144716,1144908
8193,192,9331,1144748,1144940
6716,192,9344,1144782,1144974
8403,192,9390,1144783,1144975
8994,192,9444,1144776,1144968
6124,192,9462,1144805,1144997
6505,192,9533,1144781,1144973
5253,192,9577,1144784,1144976
3177,192,9649,1144759,1144951
1672,192,9686,1144769,1144961
6081,192,9739,1144763,1144955
1265,192,9752,1144797,1144989
4066,192,9951,1144645,1144837
6031,192,9984,1144659,1144851
2826,193,8010,1146680,1146873
5078,193,8036,1146702,1146895
9597,193,8067,1146719,1146912
7417,193,8157,1146677,1146870
1367,193,8239,1146643,1146836
8336,193,8438,1146492,1146685
4257,193,8477,1146501,1146694
9941,193,8585,1146441,1146634
4106,193,8597,1146477,1146670
9032,193,8610,1146512,1146705
7958,193,8732,1146438,1146631
8339,193,8732,1146486,1146679
4307,193,8870,1146396,1146589
7314,193,8931,1146383,1146576
6972,193,9067,1146295,1146488
2625,193,9070,1146340,1146533
1980,193,9138,1146320,1146513
1740,193,9169,1146337,1146530
5779,193,9197,1146357,1146550
3484,193,9216,1146386,1146579
6789,193,9342,1146308,1146501
6519,193,9407,1146291,1146484
3026,193,9431,1146315,1146508
5887,193,9550,1146244,1146437
6417,193,9551,1146291,1146484
7298,193,9657,1146233,1146426
6125,193,9671,1146267,1146460
6859,193,9681,1146305,1146498
6546,193,9732,1146302,1146495
5694,193,9854,1146228,1146421
5375,194,8125,1148005,1148199
6676,194,8391,1147788,1147982
9550,194,8464,1147764,1147958
5796,194,8618,1147659,1147853
9492,194,8688,1147638,1147832
9938,194,8925,1147450,1147644
9126,194,9072,1147352,1147546
7649,194,9174,1147299,1147493
8081,194,9208,1147314,1147508
8823,194,9357,1147214,1147408
8832,194,9360,1147260,1147454
3783,194,9523,1147146,1147340
7762,194,9534,1147184,1147378
9387,194,9541,1147226,1147420
8511,194,9655,1147161,1147355
3640,194,9687,1147178,1147372
7734,194,9764,1147150,1147344
1287,194,9815,1147148,1147342
9476,194,9963,1147049,1147243
6639,195,8008,1149053,1149248
1755,195,8039,1149072,1149267
2343,195,8218,1148943,1149138
3591,195,8223,1148988,1149183
2105,195,8226,1149035,1149230
8610,195,8270,1149041,1149236
8543,195,8324,1149037,1149232
9283,195,8419,1148992,1149187
9855,195,8448,1149013,1149208
7336,195,8450,1149061,1149256
5164,195,8470,1149091,1149286
6436,195,8520,1149091,1149286
5572,195,8579,1149082,1149277
2499,195,8580,1149131,1149326
2182,195,8625,1149136,1149331
1179,195,8693,1149118,1149313
3018,195,8694,1149167,1149362
4330,195,8700,1149211,1149406
5632,195,8717,1149244,1149439
5617,195,8722,1149289,1149484
1143,195,8771,1149290,1149485
7619,195,8789,1149322,1149517
9435,195,8810,1149351,1149546
4807,195,8918,1149293,1149488
8689,195,8922,1149339,1149534
7881,195,9011,1149300,1149495
1850,195,9092,1149269,1149464
8565,195,9123,1149288,1149483
6343,195,9140,1149321,1149516
3620,195,9194,1149317,1149512
7478,195,9214,1149347,1149542
6958,195,9223,1149388,1149583
5899,195,9254,1149407,1149602
4566,195,9278,1149433,1149628
1358,195,9302,1149459,1149654
4405,195,9592,1149219,1149414
7925,195,9603,1149258,1149453
7466,195,9634,1149277,1149472
2529,195,9850,1149111,1149306
8210,195,9872,1149139,1149334
1141,195,9912,1149149,1149344
4714,195,9923,1149188,1149383
8198,195,9929,1149232,1149427
6205,196,8122,1151089,1151285
9677,196,8183,1151079,1151275
4813,196,8245,1151068,1151264
7570,196,8268,1151096,1151292
2889,196,8333,1151082,1151278
5315,196,8335,1151131,1151327
1431,196,8402,1151115,1151311
4796,196,8505,1151063,1151259
7951,196,8620,1150999,1151195
2309,196,8725,1150945,1151141
2293,196,8868,1150853,1151049
9014,196,8942,1150830,1151026
8814,196,8943,1150880,1151076
5885,196,9235,1150639,1150835
2556,196,9352,1150573,1150769
1207,196,9385,1150591,1150787
6104,196,9507,1150520,1150716
5692,196,9550,1150528,1150724
7561,196,9562,1150567,1150763
9091,196,9686,1150494,1150690
3554,196,9718,1150513,1150709
1579,196,9751,1150531,1150727
9943,196,9766,1150567,1150763
7285,196,9821,1150563,1150759
1280,196,9862,1150573,1150769
8023,196,9924,1150562,1150758
7034,197,8001,1152536,1152733
6848,197,8054,1152535,1152732
1264,197,8156,1152485,1152682
1347,197,8343,1152350,1152547
3830,197,8370,1152375,1152572
9025,197,8447,1152350,1152547
6975,197,8626,1152223,1152420
3391,197,8633,1152268,1152465
6710,197,8655,1152298,1152495
2118,197,8681,1152324,1152521
2129,197,8714,1152343,1152540
6399,197,8721,1152388,1152585
1268,197,8756,1152405,1152602
8160,197,8809,1152404,1152601
8005,197,8983,1152282,1152479
7080,197,9038,1152279,1152476
1433,197,9044,1152325,1152522
6431,197,9045,1152376,1152573
6579,197,9108,1152365,1152562
6006,197,9137,1152388,1152585
6537,197,9269,1152308,1152505
4560,197,9287,1152342,1152539
3068,197,9307,1152374,1152571
6998,197,9651,1152082,1152279
3996,197,9753,1152032,1152229
8068,197,9766,1152071,1152268
7777,197,9798,1152091,1152288
1483,197,9816,1152125,1152322
7630,197,9945,1152048,1152245
1428,198,8001,1154044,1154242
5938,198,8031,1154067,1154265
6587,198,8052,1154099,1154297
2858,198,8142,1154062,1154260
6454,198,8211,1154046,1154244
4123,198,8246,1154064,1154262
7726,198,8255,1154108,1154306
4170,198,8406,1154010,1154208
5303,198,8460,1154009,1154207
1073,198,8569,1153953,1154151
5665,198,8611,1153964,1154162
4027,198,8786,1153842,1154040
3298,198,8794,1153887,1154085
9652,198,8811,1153923,1154121
6632,198,8929,1153858,1154056
5758,198,8945,1153895,1154093
6742,198,8947,1153946,1154144
1520,198,9040,1153906,1154104
7703,198,9074,1153925,1154123
9141,198,9185,1153867,1154065
7290,198,9304,1153801,1153999
4697,198,9429,1153729,1153927
8186,198,9827,1153384,1153582
2890,198,9936,1153328,1153526
4755,198,9986,1153331,1153529
1643,199,8077,1155293,1155492
9443,199,8110,1155314,1155513
1194,199,8380,1155098,1155297
7219,199,8579,1154953,1155152
1870,199,8583,1155003,1155202
1756,199,8596,1155044,1155243
4937,199,8618,1155076,1155275
6736,199,8730,1155018,1155217
4191,199,8734,1155068,1155267
7349,199,8768,1155088,1155287
1613,199,8805,1155105,1155304
2828,199,8807,1155157,1155356
9432,199,8812,1155206,1155405
4582,199,8834,1155238,1155437
1336,199,8874,1155252,1155451
1408,199,9162,1155018,1155217
7695,199,9261,1154973,1155172
9048,199,9304,1154984,1155183
8034,199,9371,1154971,1155170
5144,199,9529,1154867,1155066
5503,199,9543,1154907,1155106
4108,199,9616,1154888,1155087
8857,199,9791,1154767,1154966
5008,199,9822,1154790,1154989
1024,199,9827,1154839,1155038
5585,199,9893,1154827,1155026
1163,200,8005,1156769,1156969
7910,200,8022,1156807,1157007
6468,200,8135,1156749,1156949
8542,200,8195,1156744,1156944
8021,200,8249,1156745,1156945
2673,200,8273,1156776,1156976
3275,200,8324,1156780,1156980
7209,200,8366,1156793,1156993
5507,200,8387,1156827,1157027
7371,200,8475,1156794,1156994
5117,200,8573,1156751,1156951
6775,200,8648,1156731,1156931
3908,200,8788,1156646,1156846
5536,200,8852,1156637,1156837
9942,200,8879,1156665,1156865
9755,200,8894,1156705,1156905
1404,200,8945,1156709,1156909
1474,200,9090,1156619,1156819
7769,200,9167,1156597,1156797
9927,200,9222,1156597,1156797
6172,200,9423,1156451,1156651
6936,200,9432,1156497,1156697
4536,200,9445,1156539,1156739
3185,200,9459,1156580,1156780
1580,200,9573,1156521,1156721
2331,200,9599,1156550,1156750
9524,200,9683,1156521,1156721
1828,200,9702,1156557,1156757
9232,200,9737,1156577,1156777
5753,200,9769,1156600,1156800
8622,200,9896,1156528,1156728
9849,201,8017,1158462,1158663
9256,201,8070,1158465,1158666
7595,201,8092,1158499,1158700
3212,201,8328,1158319,1158520
5220,201,8359,1158344,1158545
9688,201,8452,1158307,1158508
2395,201,8662,1158153,1158354
9958,201,8667,1158204,1158405
2621,201,8779,1158148,1158349
5960,201,8786,1158197,1158398
6585,201,8910,1158129,1158330
1736,201,9060,1158035,1158236
7258,201,9125,1158026,1158227
5474,201,9136,1158071,1158272
6385,201,9204,1158059,1158260
5992,201,9208,1158111,1158312
1370,201,9221,1158154,1158355
5985,201,9229,1158202,1158403
9687,201,9275,1158212,1158413
1906,201,9299,1158244,1158445
7017,201,9311,1158288,1158489
1524,201,9341,1158314,1158515
6643,201,9444,1158267,1158468
3837,201,9520,1158247,1158448
5484,201,9549,1158274,1158475
1638,201,9641,1158238,1158439
9195,201,9774,1158161,1158362
2138,201,9788,1158203,1158404
1606,201,9834,1158213,1158414
9633,201,9959,1158144,1158345
7342,201,9967,1158192,1158393
8258,201,9981,1158234,1158435
4104,202,8063,1160208,1160410
5722,202,8119,1160209,1160411
5576,202,8137,1160248,1160450
3788,202,8184,1160258,1160460
7245,202,8279,1160220,1160422
8579,202,8303,1160253,1160455
1100,202,8383,1160230,1160432
5065,202,8395,1160275,1160477
6088,202,8529,1160198,1160400
2753,202,8536,1160248,1160450
1201,202,8580,1160261,1160463
2901,202,8637,1160261,1160463
1460,202,8650,1160305,1160507
3987,202,8693,1160319,1160521
1070,202,8711,1160358,1160560
6101,202,8734,1160392,1160594
4947,202,8848,1160335,1160537
1634,202,8881,1160359,1160561
5265,202,8913,1160384,1160586
5786,202,8999,1160355,1160557
5183,202,9051,1160360,1160562
3818,202,9053,1160415,1160617
9496,202,9063,1160462,1160664
1544,202,9069,1160513,1160715
4743,202,9085,1160554,1160756
1357,202,9090,1160606,1160808
9553,202,9099,1160654,1160856
4045,202,9148,1160662,1160864
6791,202,9318,1160549,1160751
5086,202,9330,1160594,1160796
2565,202,9419,1160562,1160764
1932,202,9488,1160550,1160752
9077,202,9548,1160547,1160749
4837,202,9558,1160594,1160796
7036,202,9652,1160557,1160759
7752,202,9672,1160594,1160796
1098,202,9730,1160593,1160795
2935,202,9740,1160640,1160842
1743,202,9744,1160693,1160895
9063,202,9810,1160684,1160886
8218,202,9878,1160673,1160875
5676,202,9978,1160630,1160832
6143,203,8011,1162654,1162857
4646,203,8170,1162553,1162756
2527,203,8203,1162578,1162781
8088,203,8211,1162628,1162831
9700,203,8268,1162629,1162832
3243,203,8331,1162624,1162827
3530,203,8335,1162678,1162881
3233,203,8460,1162611,1162814
1167,203,8484,1162645,1162848
3152,203,8622,1162565,1162768
8450,203,8796,1162449,1162652
3668,203,8863,1162440,1162643
8439,203,8864,1162497,1162700
1948,203,8917,1162502,1162705
6453,203,8972,1162505,1162708
6768,203,8981,1162554,1162757
2487,203,9041,1162552,1162755
6451,203,9078,1162573,1162776
9371,203,9103,1162606,1162809
1277,203,9138,1162629,1162832
1155,203,9396,1162429,1162632
9241,203,9510,1162373,1162576
4419,203,9565,1162376,1162579
8630,203,9714,1162285,1162488
8812,203,9731,1162326,1162529
1042,203,9736,1162379,1162582
6252,203,9868,1162305,1162508
6586,203,9883,1162348,1162551
3779,204,8014,1164275,1164479
7487,204,8074,1164274,1164478
7686,204,8158,1164249,1164453
1281,204,8262,1164204,1164408
9911,204,8393,1164132,1164336
8374,204,8624,1163960,1164164
1096,204,8645,1163998,1164202
6599,204,8660,1164042,1164246
5800,204,8712,1164049,1164253
4151,204,8722,1164098,1164302
7181,204,8791,1164088,1164292
5608,204,8873,1164065,1164269
1371,204,8966,1164031,1164235
5167,204,9091,1163965,1164169
5790,204,9187,1163928,1164132
5986,204,9344,1163830,1164034
8826,204,9480,1163753,1163957
4500,204,9484,1163808,1164012
6221,204,9541,1163810,1164014
1818,204,9556,1163854,1164058
3031,204,9580,1163889,1164093
9662,204,9667,1163861,1164065
1476,204,9675,1163912,1164116
1001,204,9682,1163964,1164168
8037,204,9683,1164022,1164226
1374,204,9714,1164050,1164254
8560,204,9855,1163968,1164172
7654,204,9876,1164006,1164210
8008,204,9886,1164055,1164259
1814,204,9928,1164072,1164276
5043,204,9929,1164130,1164334
5056,204,9983,1164135,1164339
2755,205,8044,1166133,1166338
1451,205,8198,1166039,1166244
2638,205,8420,1165877,1166082
1553,205,8438,1165919,1166124
5592,205,8455,1165962,1166167
1126,205,8507,1165970,1166175
3705,205,8529,1166008,1166213
3399,205,8603,1165994,1166199
1111,205,8668,1165989,1166194
4026,205,8688,1166029,1166234
7115,205,8688,1166089,1166294
1390,205,8741,1166096,1166301
5855,205,8756,1166141,1166346
3764,205,8917,1166040,1166245
1187,205,8959,1166058,1166263
2480,205,8988,1166089,1166294
1423,205,9027,1166110,1166315
5909,205,9125,1166072,1166277
5964,205,9193,1166064,1166269
6995,205,9208,1166109,1166314
6880,205,9313,1166064,1166269
7583,205,9387,1166050,1166255
6194,205,9432,1166065,1166270
7446,205,9448,1166109,1166314
6007,205,9497,1166120,1166325
9753,205,9546,1166131,1166336
8096,205,9563,1166174,1166379
8064,205,9593,1166204,1166409
6501,205,9731,1166126,1166331
5743,205,9750,1166167,1166372
3684,205,9865,1166112,1166317
1562,205,9907,1166130,1166335
4249,205,9945,1166152,1166357
3733,205,9946,1166211,1166416
1724,205,9987,1166230,1166435
3312,206,8067,1168210,1168416
2083,206,8133,1168205,1168411
7856,206,8292,1168107,1168313
8460,206,8336,1168124,1168330
6990,206,8777,1167744,1167950
1628,206,8781,1167801,1168007
6309,206,8854,1167789,1167995
5304,206,9023,1167681,1167887
9415,206,9052,1167713,1167919
6111,206,9082,1167744,1167950
6774,206,9098,1167789,1167995
3878,206,9104,1167844,1168050
9270,206,9104,1167905,1168111
4634,206,9136,1167934,1168140
9053,206,9138,1167993,1168199
6598,206,9200,1167992,1168198
1526,206,9230,1168023,1168229
2110,206,9253,1168061,1168267
1678,206,9260,1168115,1168321
5225,206,9358,1168078,1168284
4997,206,9373,1168124,1168330
9510,206,9524,1168034,1168240
6940,206,9531,1168088,1168294
3954,206,9555,1168125,1168331
9906,206,9576,1168165,1168371
7547,206,9607,1168195,1168401
3292,206,9621,1168242,1168448
4606,206,9665,1168259,1168465
1951,206,9679,1168306,1168512
7119,206,9711,1168335,1168541
1955,206,9751,1168356,1168562
5913,206,9781,1168387,1168593
9370,206,9814,1168415,1168621
8139,206,9870,1168420,1168626
8308,206,9877,1168474,1168680
6915,206,9888,1168524,1168730
4354,206,9946,1168527,1168733
1839,207,8005,1170529,1170736
8269,207,8012,1170584,1170791
1941,207,8196,1170462,1170669
1897,207,8238,1170482,1170689
9182,207,8298,1170484,1170691
7241,207,8347,1170497,1170704
8611,207,8414,1170492,1170699
4100,207,8487,1170481,1170688
4913,207,8517,1170513,1170720
9236,207,8520,1170572,1170779
3899,207,8561,1170593,1170800
2325,207,8571,1170645,1170852
8346,207,8650,1170628,1170835
1887,207,8698,1170642,1170849
4669,207,8706,1170696,1170903
4724,207,8740,1170724,1170931
6414,207,8744,1170782,1170989
8954,207,8792,1170796,1171003
3885,207,8883,1170767,1170974
5177,207,8893,1170819,1171026
8425,207,9001,1170773,1170980
7194,207,9019,1170817,1171024
1753,207,9033,1170865,1171072
1765,207,9106,1170854,1171061
5568,207,9369,1170653,1170860
8070,207,9403,1170681,1170888
5371,207,9492,1170654,1170861
9873,207,9572,1170636,1170843
5025,207,9589,1170681,1170888
3153,207,9674,1170658,1170865
2701,207,9689,1170705,1170912
3343,207,9719,1170737,1170944
1884,207,9753,1170765,1170972
2632,207,9767,1170813,1171020
8553,207,9795,1170847,1171054
7256,207,9866,1170838,1171045
8229,208,8018,1172748,1172956
8277,208,8035,1172794,1173002
6260,208,8065,1172827,1173035
8362,208,8109,1172846,1173054
6317,208,8143,1172875,1173083
5944,208,8368,1172713,1172921
7545,208,8402,1172742,1172950
2185,208,8475,1172732,1172940
1510,208,8804,1172466,1172674
9271,208,8807,1172526,1172734
2528,208,8810,1172586,1172794
3940,208,8825,1172634,1172842
6833,208,8826,1172696,1172904
2955,208,8901,1172684,1172892
4079,208,8940,1172708,1172916
4737,208,8958,1172753,1172961
1032,208,9063,1172711,1172919
8410,208,9075,1172762,1172970
1255,208,9134,1172766,1172974
9452,208,9393,1172570,1172778
7521,208,9399,1172627,1172835
9590,208,9473,1172616,1172824
1976,208,9552,1172600,1172808
6008,208,9642,1172573,1172781
4280,208,9808,1172470,1172678
8419,208,9910,1172431,1172639
8825,208,9924,1172480,1172688
4348,209,8145,1174322,1174531
4719,209,8147,1174384,1174593
7347,209,8199,1174396,1174605
8386,209,8205,1174454,1174663
2655,209,8221,1174502,1174711
4378,209,8254,1174533,1174742
3415,209,8318,1174533,1174742
6461,209,8344,1174571,1174780
1441,209,8410,1174569,1174778
9543,209,8500,1174543,1174752
1842,209,8519,1174588,1174797
5058,209,8521,1174650,1174859
7819,209,8539,1174696,1174905
5483,209,8635,1174664,1174873
1835,209,8636,1174727,1174936
1539,209,8693,1174734,1174943
6039,209,8808,1174683,1174892
3921,209,8895,1174660,1174869
5738,209,8907,1174712,1174921
1162,209,9298,1174385,1174594
2768,209,9357,1174390,1174599
3947,209,9435,1174376,1174585
4562,209,9485,1174390,1174599
6232,209,9676,1174263,1174472
9804,209,9678,1174325,1174534
4941,209,9706,1174361,1174570
9675,209,9714,1174417,1174626
8635,209,9761,1174434,1174643
6256,209,9772,1174487,1174696
9389,209,9827,1174496,1174705
6132,209,9884,1174503,1174712
2001,209,9900,1174551,1174760
6240,210,8058,1176457,1176667
5643,210,8187,1176393,1176603
1542,210,8275,1176370,1176580
2932,210,8349,1176361,1176571
1913,210,8385,1176390,1176600
5792,210,8546,1176294,1176504
1429,210,8588,1176317,1176527
4775,210,8613,1176357,1176567
6843,210,8627,1176408,1176618
3297,210,8631,1176469,1176679
8976,210,8649,1176516,1176726
1438,210,8667,1176563,1176773
7160,210,8675,1176620,1176830
7167,210,8723,1176637,1176847
4269,210,8745,1176680,1176890
4417,210,8975,1176515,1176725
5526,210,9046,1176509,1176719
5033,210,9058,1176562,1176772
1231,210,9061,1176624,1176834
8771,210,9174,1176576,1176786
2148,210,9182,1176633,1176843
4010,210,9194,1176686,1176896
2469,210,9197,1176748,1176958
2834,210,9211,1176799,1177009
3708,210,9211,1176864,1177074
4831,210,9291,1176849,1177059
2099,210,9334,1176871,1177081
7906,210,9473,1176797,1177007
4078,210,9501,1176834,1177044
4600,210,9552,1176848,1177058
2819,210,9847,1176618,1176828
2863,211,8080,1178450,1178661
3599,211,8306,1178290,1178501
7810,211,8343,1178319,1178530
1975,211,8413,1178315,1178526
1868,211,8422,1178372,1178583
2287,211,8497,1178363,1178574
3752,211,8499,1178427,1178638
9766,211,8516,1178476,1178687
2618,211,8517,1178541,1178752
2162,211,8729,1178395,1178606
9582,211,8775,1178415,1178626
3723,211,8843,1178413,1178624
2690,211,8868,1178454,1178665
2248,211,8984,1178404,1178615
7345,211,9109,1178345,1178556
7044,211,9276,1178244,1178455
7442,211,9282,1178304,1178515
5928,211,9376,1178276,1178487
3751,211,9384,1178334,1178545
9428,211,9434,1178350,1178561
9159,211,9505,1178345,1178556
2929,211,9508,1178408,1178619
6986,211,9531,1178451,1178662
2398,211,9543,1178505,1178716
4462,211,9543,1178571,1178782
8704,211,9544,1178636,1178847
4643,211,9604,1178642,1178853
6089,211,9643,1178669,1178880
4444,211,9650,1178728,1178939
2510,211,9715,1178729,1178940
7661,211,9828,1178682,1178893
4496,211,9928,1178648,1178859
1014,212,8064,1180578,1180790
6529,212,8117,1180592,1180804
9664,212,8250,1180526,1180738
4520,212,8422,1180421,1180633
7689,212,8500,1180410,1180622
5856,212,8512,1180465,1180677
2538,212,8565,1180479,1180691
4157,212,8576,1180535,1180747
2327,212,8735,1180443,1180655
2303,212,8744,1180501,1180713
5761,212,8800,1180512,1180724
7069,212,8848,1180531,1180743
3829,212,8910,1180536,1180748
5481,212,9019,1180494,1180706
8062,212,9022,1180558,1180770
2788,212,9065,1180582,1180794
9850,212,9214,1180500,1180712
2092,212,9257,1180524,1180736
6788,212,9266,1180582,1180794
2230,212,9494,1180421,1180633
9197,212,9615,1180367,1180579
5830,212,9624,1180425,1180637
1283,212,9639,1180477,1180689
1760,212,9705,1180478,1180690
4778,212,9714,1180536,1180748
2237,212,9721,1180596,1180808
2737,212,9861,1180523,1180735
5110,212,9869,1180582,1180794
2944,212,9872,1180646,1180858
6151,213,8012,1182573,1182786
3260,213,8019,1182634,1182847
5333,213,8172,1182549,1182762
1168,213,8174,1182615,1182828
4352,213,8364,1182493,1182706
6061,213,8390,1182535,1182748
9333,213,8508,1182485,1182698
4674,213,8534,1182527,1182740
6807,213,8551,1182578,1182791
9243,213,8555,1182642,1182855
7278,213,8557,1182708,1182921
4388,213,8564,1182769,1182982
8868,213,8606,1182795,1183008
8359,213,8652,1182817,1183030
8191,213,8745,1182792,1183005
2382,213,8774,1182831,1183044
6971,213,8905,1182768,1182981
2390,213,8910,1182831,1183044
5335,213,9038,1182771,1182984
2649,213,9040,1182837,1183050
5179,213,9051,1182894,1183107
2175,213,9167,1182846,1183059
1320,213,9185,1182896,1183109
7175,213,9252,1182897,1183110
1403,213,9274,1182943,1183156
5209,213,9278,1183007,1183220
2652,213,9307,1183046,1183259
2823,213,9377,1183044,1183257
8498,213,9758,1182731,1182944
3058,213,9934,1182623,1182836
8209,213,9964,1182661,1182874
7450,214,8193,1184500,1184714
1496,214,8253,1184509,1184723
4851,214,8273,1184558,1184772
9441,214,8384,1184516,1184730
5524,214,8388,1184581,1184795
9350,214,8421,1184617,1184831
5791,214,8523,1184584,1184798
9571,214,8568,1184608,1184822
8385,214,8637,1184608,1184822
9193,214,8661,1184653,1184867
3362,214,8677,1184706,1184920
3514,214,8886,1184566,1184780
4054,214,8941,1184580,1184794
2269,214,8954,1184636,1184850
6176,214,8975,1184684,1184898
9034,214,9034,1184694,1184908
2965,214,9066,1184731,1184945
6966,214,9093,1184773,1184987
2633,214,9188,1184747,1184961
2712,214,9196,1184808,1185022
7457,214,9247,1184826,1185040
5188,214,9253,1184889,1185103
1603,214,9302,1184909,1185123
6391,214,9346,1184934,1185148
1321,214,9360,1184989,1185203
8807,214,9421,1184997,1185211
4403,214,9455,1185032,1185246
4859,214,9599,1184957,1185171
3517,214,9710,1184915,1185129
2708,214,9803,1184891,1185105
7849,214,9839,1184924,1185138
1398,214,9849,1184983,1185197
9953,214,9892,1185009,1185223
2878,215,8012,1186958,1187173
2813,215,8042,1186998,1187213
5420,215,8055,1187055,1187270
4797,215,8103,1187077,1187292
8093,215,8159,1187091,1187306
7988,215,8175,1187145,1187360
6885,215,8192,1187198,1187413
6776,215,8245,1187215,1187430
4679,215,8268,1187262,1187477
3111,215,8269,1187331,1187546
8680,215,8305,1187365,1187580
3324,215,8309,1187431,1187646
8942,215,8328,1187482,1187697
8806,215,8331,1187549,1187764
3224,215,8514,1187436,1187651
1239,215,8554,1187466,1187681
6152,215,8595,1187495,1187710
4532,215,8605,1187555,1187770
4684,215,8831,1187399,1187614
9515,215,8916,1187384,1187599
8285,215,9015,1187355,1187570
6460,215,9024,1187416,1187631
2970,215,9139,1187371,1187586
4950,215,9199,1187381,1187596
4121,215,9290,1187360,1187575
7815,215,9297,1187423,1187638
5721,215,9419,1187371,1187586
3369,215,9441,1187419,1187634
1224,215,9555,1187375,1187590
8131,215,9657,1187343,1187558
1112,215,9719,1187351,1187566
4632,215,9822,1187318,1187533
3211,215,9901,1187309,1187524
3271,215,9938,1187342,1187557
6406,216,8110,1189240,1189456
4960,216,8199,1189222,1189438
1696,216,8259,1189233,1189449
7493,216,8562,1189001,1189217
6662,216,8692,1188942,1189158
9604,216,8710,1188995,1189211
6004,216,8748,1189028,1189244
3851,216,8754,1189093,1189309
8282,216,8778,1189140,1189356
6634,216,8844,1189145,1189361
4034,216,8915,1189145,1189361
9251,216,8934,1189197,1189413
2745,216,9017,1189185,1189401
9050,216,9040,1189233,1189449
7715,216,9056,1189288,1189504
7888,216,9107,1189308,1189524
4974,216,9297,1189189,1189405
3820,216,9327,1189230,1189446
3931,216,9609,1189019,1189235
6925,216,9775,1188924,1189140
8486,216,9821,1188949,1189165
4889,216,9844,1188997,1189213
6697,216,9862,1189050,1189266
9504,216,9952,1189031,1189247
6223,216,9975,1189079,1189295
4037,217,8074,1191051,1191268
4999,217,8180,1191017,1191234
6280,217,8243,1191026,1191243
6909,217,8287,1191054,1191271
6693,217,8297,1191116,1191333
5346,217,8325,1191160,1191377
1636,217,8465,1191092,1191309
3094,217,8469,1191160,1191377
7002,217,8764,1190937,1191154
6993,217,8818,1190955,1191172
4783,217,8851,1190994,1191211
3693,217,8921,1190996,1191213
2924,217,9089,1190900,1191117
8032,217,9133,1190928,1191145
1223,217,9672,1190461,1190678
9366,217,9676,1190529,1190746
2995,217,9678,1190599,1190816
6338,217,9786,1190563,1190780
2080,217,9817,1190604,1190821
1356,217,9829,1190664,1190881
3884,217,9859,1190706,1190923
9329,217,9875,1190762,1190979
5920,217,9877,1190832,1191049
2443,217,9900,1190881,1191098
9398,217,9967,1190886,1191103
7916,217,9991,1190934,1191151
3049,218,8010,1192987,1193205
3203,218,8027,1193043,1193261
7157,218,8051,1193092,1193310
6024,218,8114,1193102,1193320
5310,218,8232,1193057,1193275
4431,218,8237,1193125,1193343
2781,218,8294,1193141,1193359
5736,218,8304,1193204,1193422
7185,218,8379,1193202,1193420
6481,218,8454,1193200,1193418
2274,218,8468,1193259,1193477
1874,218,8743,1193057,1193275
6082,218,8765,1193108,1193326
3100,218,8811,1193135,1193353
6278,218,8857,1193162,1193380
8775,218,8916,1193176,1193394
7576,218,8932,1193233,1193451
1305,218,8971,1193267,1193485
1857,218,8971,1193340,1193558
5566,218,9170,1193214,1193432
1728,218,9180,1193277,1193495
2681,218,9182,1193348,1193566
9841,218,9197,1193406,1193624
8674,218,9400,1193276,1193494
8101,218,9490,1193259,1193477
8132,218,9499,1193323,1193541
3826,218,9520,1193375,1193593
4563,218,9522,1193446,1193664
3560,218,9544,1193497,1193715
9175,218,9567,1193547,1193765
2983,218,9599,1193588,1193806
3491,218,9619,1193641,1193859
3911,218,9761,1193572,1193790
5946,218,9869,1193537,1193755
4135,218,9880,1193599,1193817
8798,218,9886,1193666,1193884
5261,218,9954,1193671,1193889
5041,218,9975,1193723,1193941
9792,218,9986,1193785,1194003
4182,219,8038,1195806,1196025
8078,219,8041,1195877,1196096
2666,219,8150,1195842,1196061
2795,219,8223,1195843,1196062
7476,219,8250,1195890,1196109
4956,219,8316,1195898,1196117
3822,219,8402,1195886,1196105
8462,219,8498,1195864,1196083
3871,219,8511,1195925,1196144
8290,219,8512,1195998,1196217
2603,219,8534,1196050,1196269
5194,219,8575,1196083,1196302
7368,219,8652,1196080,1196299
1090,219,8657,1196149,1196368
8110,219,8869,1196011,1196230
4670,219,8909,1196045,1196264
6530,219,9063,1195965,1196184
9976,219,9101,1196001,1196220
2295,219,9110,1196066,1196285
9957,219,9140,1196110,1196329
7236,219,9202,1196122,1196341
6297,219,9321,1196077,1196296
8398,219,9394,1196078,1196297
9684,219,9418,1196128,1196347
7540,219,9421,1196199,1196418
9040,219,9494,1196200,1196419
9316,219,9497,1196271,1196490
2996,219,9529,1196313,1196532
6892,219,9593,1196323,1196542
2770,219,9684,1196306,1196525
5449,219,9856,1196208,1196427
7028,219,9877,1196261,1196480
5242,219,9941,1196271,1196490
1489,220,8134,1198152,1198372
4725,220,8237,1198124,1198344
4730,220,8272,1198164,1198384
8167,220,8313,1198198,1198418
1573,220,8319,1198267,1198487
5350,220,8558,1198103,1198323
9520,220,8641,1198095,1198315
6532,220,8669,1198142,1198362
5756,220,8743,1198143,1198363
2218,220,8749,1198212,1198432
5488,220,8828,1198208,1198428
8204,220,8846,1198265,1198485
9482,220,8879,1198307,1198527
6799,220,8888,1198373,1198593
4718,220,8915,1198421,1198641
4766,220,8926,1198485,1198705
5386,220,8989,1198497,1198717
9756,220,9157,1198404,1198624
3845,220,9245,1198391,1198611
8895,220,9295,1198416,1198636
1322,220,9510,1198276,1198496
4855,220,9559,1198302,1198522
1538,220,9594,1198342,1198562
4844,220,9850,1198161,1198381
7426,220,9899,1198187,1198407
7534,220,9955,1198206,1198426
1560,220,9986,1198250,1198470
2636,221,8015,1200296,1200517
9230,221,8060,1200327,1200548
2677,221,8128,1200335,1200556
4910,221,8151,1200388,1200609
6991,221,8152,1200463,1200684
5803,221,8153,1200538,1200759
4244,221,8262,1200505,1200726
2308,221,8706,1200137,1200358
3933,221,8745,1200174,1200395
7867,221,8784,1200211,1200432
9593,221,8925,1200146,1200367
4242,221,8932,1200215,1200436
1930,221,9017,1200206,1200427
1027,221,9105,1200194,1200415
9164,221,9459,1199916,1200137
6327,221,9548,1199903,1200124
4800,221,9589,1199938,1200159
2124,221,9664,1199939,1200160
3059,221,9669,1200010,1200231
5427,221,9683,1200072,1200293
4166,221,9714,1200117,1200338
5250,221,9733,1200174,1200395
7750,221,9734,1200249,1200470
2428,221,9763,1200296,1200517
6755,221,9841,1200294,1200515
8541,221,9873,1200338,1200559
8866,222,8004,1202283,1202505
9061,222,8150,1202214,1202436
8631,222,8180,1202261,1202483
6562,222,8181,1202337,1202559
1278,222,8348,1202247,1202469
2993,222,8448,1202224,1202446
9754,222,8478,1202271,1202493
5466,222,8490,1202336,1202558
6591,222,8496,1202407,1202629
1940,222,8820,1202160,1202382
3972,222,8852,1202205,1202427
8546,222,8911,1202223,1202445
1202,222,8937,1202274,1202496
3024,222,8943,1202345,1202567
5249,222,8945,1202420,1202642
9499,222,9022,1202420,1202642
2280,222,9136,1202383,1202605
3532,222,9163,1202433,1202655
2300,222,9263,1202410,1202632
8910,222,9318,1202432,1202654
6673,222,9322,1202505,1202727
6032,222,9345,1202559,1202781
9854,222,9351,1202630,1202852
6613,222,9387,1202671,1202893
3516,222,9404,1202731,1202953
4416,222,9639,1202573,1202795
8337,222,9706,1202583,1202805
9689,222,9743,1202623,1202845
8612,222,9874,1202569,1202791
4030,222,9930,1202590,1202812
5118,222,9988,1202609,1202831
9381,223,8072,1384320,1384543
9187,223,8140,1384253,1384476
9426,223,8217,1384177,1384400
9812,223,8356,1384039,1384262
7102,223,8626,1383770,1383993
8685,223,8737,1383660,1383883
9513,223,8765,1383633,1383856
9225,223,8771,1383628,1383851
4240,223,8953,1383447,1383670
7239,223,8966,1383435,1383658
4456,223,8971,1383431,1383654
4051,223,9029,1383374,1383597
7607,223,9072,1383332,1383555
5412,223,9153,1383252,1383475
3821,223,9175,1383231,1383454
8129,223,9299,1383108,1383331
8391,223,9354,1383054,1383277
2761,223,9390,1383019,1383242
5674,223,9398,1383012,1383235
4585,223,9402,1383009,1383232
6410,223,9408,1383004,1383227
6467,223,9412,1383001,1383224
6204,223,9470,1382944,1383167
6818,223,9575,1382840,1383063
6439,223,9628,1382788,1383011
1467,223,9636,1382781,1383004
4221,223,9700,1382718,1382941
8772,223,9719,1382700,1382923
4019,223,9793,1382627,1382850
8187,223,9798,1382623,1382846
6749,223,9807,1382615,1382838
3846,224,8168,1384255,1384479
9203,224,8195,1384230,1384454
5935,224,8556,1383871,1384095
3085,224,8716,1383713,1383937
3466,224,8737,1383694,1383918
7177,224,8739,1383694,1383918
4577,224,8740,1383695,1383919
7496,224,8793,1383644,1383868
9130,224,8882,1383557,1383781
6622,224,9094,1383347,1383571
6167,224,9240,1383203,1383427
4581,224,9267,1383178,1383402
8214,224,9291,1383156,1383380
9092,224,9294,1383155,1383379
4464,224,9344,1383107,1383331
3556,224,9363,1383090,1383314
8770,224,9378,1383077,1383301
3398,224,9399,1383058,1383282
5827,224,9456,1383003,1383227
5896,224,9482,1382979,1383203
9947,224,9488,1382975,1383199
9083,224,9515,1382950,1383174
8384,224,9538,1382929,1383153
7920,224,9645,1382824,1383048
7332,224,9647,1382824,1383048
6816,224,9672,1382801,1383025
7134,224,9683,1382792,1383016
4081,224,9711,1382766,1382990
5024,224,9817,1382662,1382886
7305,224,9868,1382613,1382837
8736,224,9894,1382589,1382813
9377,224,9911,1382574,1382798
1029,224,9945,1382542,1382766
2928,225,8118,1384371,1384596
9769,225,8144,1384348,1384573
6064,225,8148,1384347,1384572
4116,225,8240,1384258,1384483
8605,225,8357,1384144,1384369
5777,225,8841,1383663,1383888
7326,225,9000,1383507,1383732
1784,225,9072,1383438,1383663
8171,225,9106,1383407,1383632
3454,225,9292,1383224,1383449
3974,225,9347,1383172,1383397
8743,225,9398,1383124,1383349
8699,225,9511,1383014,1383239
6066,225,9620,1382908,1383133
8788,225,9657,1382874,1383099
9922,225,9739,1382795,1383020
4173,225,9798,1382739,1382964
6767,225,9883,1382657,1382882
6158,225,9983,1382560,1382785
7087,225,9992,1382554,1382779
4147,226,8077,1384472,1384698
3627,226,8147,1384406,1384632
1486,226,8255,1384302,1384528
1080,226,8316,1384245,1384471
2911,226,8345,1384220,1384446
6596,226,8412,1384157,1384383
4990,226,8516,1384057,1384283
2104,226,8553,1384024,1384250
7337,226,8601,1383980,1384206
5109,226,8708,1383877,1384103
5848,226,8784,1383805,1384031
6401,226,8805,1383788,1384014
3799,226,9135,1383462,1383688
4622,226,9139,1383462,1383688
6162,226,9151,1383454,1383680
5955,226,9177,1383432,1383658
3174,226,9275,1383338,1383564
5714,226,9455,1383162,1383388
3075,226,9460,1383161,1383387
5516,226,9489,1383136,1383362
3587,226,9620,1383009,1383235
2811,226,9687,1382946,1383172
2113,226,9707,1382930,1383156
3183,226,9778,1382863,1383089
1072,226,9810,1382835,1383061
4353,226,9872,1382777,1383003
1527,226,9887,1382766,1382992
9022,227,8098,1384559,1384786
8776,227,8124,1384538,1384765
8855,227,8139,1384528,1384755
9691,227,8196,1384476,1384703
6861,227,8244,1384433,1384660
5948,227,8321,1384361,1384588
2717,227,8325,1384362,1384589
1877,227,8330,1384362,1384589
4615,227,8330,1384367,1384594
8332,227,8376,1384326,1384553
9198,227,8391,1384316,1384543
8811,227,8469,1384243,1384470
8299,227,8551,1384166,1384393
3774,227,8587,1384135,1384362
7948,227,8610,1384117,1384344
9157,227,8629,1384103,1384330
3130,227,8640,1384097,1384324
1578,227,8703,1384039,1384266
2401,227,8723,1384024,1384251
3405,227,8727,1384025,1384252
1484,227,8780,1383977,1384204
5655,227,8810,1383952,1384179
4122,227,9009,1383758,1383985
2060,227,9117,1383655,1383882
8080,227,9151,1383626,1383853
3354,227,9191,1383591,1383818
7922,227,9194,1383593,1383820
4823,227,9211,1383581,1383808
5418,227,9270,1383527,1383754
7565,227,9317,1383485,1383712
2137,227,9456,1383351,1383578
6448,227,9544,1383268,1383495
2074,227,9593,1383224,1383451
3918,227,9596,1383226,1383453
1038,227,9686,1383141,1383368
9718,227,9707,1383125,1383352
5969,227,9748,1383089,1383316
1442,227,9756,1383086,1383313
6281,227,9765,1383082,1383309
6677,227,9895,1382957,1383184
8578,228,8072,1384785,1385013
2930,228,8087,1384776,1385004
1830,228,8212,1384657,1384885
7643,228,8269,1384606,1384834
9952,228,8408,1384473,1384701
8584,228,8438,1384449,1384677
2757,228,8551,1384342,1384570
7865,228,8573,1384326,1384554
8257,228,8600,1384305,1384533
1813,228,8618,1384293,1384521
8029,228,8708,1384209,1384437
3681,228,8720,1384203,1384431
2562,228,8908,1384021,1384249
4438,228,8932,1384003,1384231
2004,228,8933,1384008,1384236
7544,228,9088,1383859,1384087
9621,228,9189,1383764,1383992
3307,228,9228,1383731,1383959
4660,228,9243,1383722,1383950
1046,228,9278,1383693,1383921
3348,228,9297,1383680,1383908
7249,228,9341,1383642,1383870
3675,228,9443,1383546,1383774
1651,228,9541,1383454,1383682
4110,228,9615,1383386,1383614
7324,228,9642,1383365,1383593
6660,228,9653,1383360,1383588
4921,228,9661,1383358,1383586
2413,228,9855,1383170,1383398
2279,228,9895,1383136,1383364
4247,228,9906,1383131,1383359
8754,228,9984,1383059,1383287
1203,228,9988,1383061,1383289
7147,229,8111,1384944,1385173
8055,229,8162,1384900,1385129
7814,229,8224,1384845,1385074
9268,229,8273,1384803,1385032
1501,229,8284,1384799,1385028
8416,229,8363,1384727,1384956
3912,229,8419,1384678,1384907
8182,229,8500,1384604,1384833
4758,229,8614,1384497,1384726
1227,229,8631,1384487,1384716
3592,229,8765,1384360,1384589
3338,229,8815,1384317,1384546
9537,229,8829,1384310,1384539
3357,229,8964,1384182,1384411
7018,229,9016,1384137,1384366
6412,229,9084,1384076,1384305
8175,229,9113,1384054,1384283
5469,229,9213,1383961,1384190
6834,229,9321,1383860,1384089
3279,229,9394,1383794,1384023
2642,229,9400,1383795,1384024
9795,229,9442,1383760,1383989
3191,229,9443,1383766,1383995
7503,229,9648,1383568,1383797
1654,229,9649,1383574,1383803
4750,229,9738,1383492,1383721
8717,229,9909,1383328,1383557
7251,229,9911,1383333,1383562
4756,230,8104,1385147,1385377
2359,230,8180,1385079,1385309
4878,230,8456,1384811,1385041
4893,230,8468,1384807,1385037
4923,230,8501,1384782,1385012
9592,230,8562,1384729,1384959
3396,230,8617,1384682,1384912
9908,230,8692,1384615,1384845
2598,230,8750,1384565,1384795
3811,230,8752,1384571,1384801
3259,230,8798,1384533,1384763
9424,230,8811,1384528,1384758
9761,230,8954,1384393,1384623
5493,230,9001,1384354,1384584
2470,230,9072,1384291,1384521
5274,230,9124,1384247,1384477
2202,230,9204,1384175,1384405
8764,230,9327,1384060,1384290
7987,230,9349,1384046,1384276
7424,230,9394,1384009,1384239
8313,230,9492,1383919,1384149
4567,230,9498,1383921,1384151
8228,230,9515,1383912,1384142
9453,230,9541,1383894,1384124
9506,230,9570,1383873,1384103
7837,230,9636,1383815,1384045
6667,230,9716,1383743,1383973
8525,230,9721,1383746,1383976
5633,230,9855,1383620,1383850
8423,230,9865,1383618,1383848
6083,230,9867,1383624,1383854
3474,230,9992,1383507,1383737
6772,231,8112,1385395,1385626
9931,231,8123,1385393,1385624
9038,231,8161,1385364,1385595
5854,231,8168,1385366,1385597
1515,231,8221,1385322,1385553
3319,231,8243,1385309,1385540
7165,231,8275,1385286,1385517
2160,231,8333,1385237,1385468
8113,231,8422,1385157,1385388
3588,231,8541,1385047,1385278
6429,231,8567,1385030,1385261
7915,231,8649,1384957,1385188
8003,231,8709,1384906,1385137
1471,231,8743,1384881,1385112
4490,231,8755,1384878,1385109
4881,231,8808,1384834,1385065
2077,231,8845,1384806,1385037
9413,231,8906,1384754,1384985
4977,231,8949,1384720,1384951
4972,231,8965,1384713,1384944
5574,231,8975,1384712,1384943
1004,231,9111,1384585,1384816
2536,231,9173,1384532,1384763
4175,231,9255,1384459,1384690
3864,231,9333,1384390,1384621
9220,231,9432,1384300,1384531
7805,231,9466,1384275,1384506
8602,231,9481,1384269,1384500
7385,231,9506,1384253,1384484
7362,231,9543,1384225,1384456
3462,231,9560,1384217,1384448
5022,231,9611,1384175,1384406
6960,231,9661,1384134,1384365
8544,231,9774,1384030,1384261
3978,231,9847,1383966,1384197
1687,231,9893,1383929,1384160
1068,231,9975,1383856,1384087
4773,231,9976,1383864,1384095
5149,231,9983,1383866,1384097
4554,232,8074,1385784,1386016
5173,232,8183,1385685,1385917
8158,232,8244,1385634,1385866
9144,232,8293,1385595,1385827
2246,232,8368,1385530,1385762
7924,232,8397,1385511,1385743
9049,232,8403,1385515,1385747
4827,232,8427,1385501,1385733
6653,232,8470,1385468,1385700
6261,232,8563,1385385,1385617
8449,232,8587,1385371,1385603
2368,232,8588,1385380,1385612
2749,232,8623,1385355,1385587
1867,232,8696,1385292,1385524
4035,232,8698,1385300,1385532
5508,232,8710,1385298,1385530
3160,232,8844,1385174,1385406
6735,232,8859,1385169,1385401
4390,232,8913,1385125,1385357
2139,232,8981,1385067,1385299
1945,232,8997,1385061,1385293
4085,232,9117,1384951,1385183
5583,232,9194,1384884,1385116
2866,232,9281,1384807,1385039
2492,232,9323,1384775,1385007
9217,232,9361,1384747,1384979
6796,232,9422,1384696,1384928
9969,232,9521,1384607,1384839
5951,232,9586,1384552,1384784
7468,232,9615,1384533,1384765
5882,232,9625,1384533,1384765
1293,232,9674,1384494,1384726
7516,232,9727,1384451,1384683
9252,232,9778,1384410,1384642
3727,233,8033,1386165,1386398
5703,233,8156,1386053,1386286
7300,233,8182,1386038,1386271
3839,233,8274,1385957,1386190
2102,233,8419,1385823,1386056
7204,233,8738,1385515,1385748
5616,233,8850,1385414,1385647
9334,233,8932,1385343,1385576
1604,233,9002,1385284,1385517
8079,233,9021,1385276,1385509
5540,233,9023,1385285,1385518
7282,233,9064,1385255,1385488
7869,233,9124,1385206,1385439
5857,233,9210,1385131,1385364
4866,233,9292,1385060,1385293
2087,233,9350,1385013,1385246
8238,233,9418,1384956,1385189
9870,233,9470,1384915,1385148
5765,233,9528,1384868,1385101
3374,233,9753,1384654,1384887
2574,233,9896,1384522,1384755
7410,234,8125,1386304,1386538
2923,234,8157,1386284,1386518
6616,234,8181,1386272,1386506
4801,234,8209,1386256,1386490
6952,234,8239,1386238,1386472
7611,234,8257,1386232,1386466
1677,234,8295,1386206,1386440
2599,234,8316,1386197,1386431
6123,234,8425,1386100,1386334
1022,234,8440,1386097,1386331
6251,234,8488,1386061,1386295
7311,234,8512,1386049,1386283
7921,234,8841,1385732,1385966
8246,234,8858,1385727,1385961
8145,234,8880,1385717,1385951
8633,234,8986,1385623,1385857
2485,234,9002,1385619,1385853
9939,234,9078,1385555,1385789
5343,234,9103,1385542,1385776
4289,234,9278,1385379,1385613
5810,234,9356,1385313,1385547
3786,234,9373,1385308,1385542
6424,234,9394,1385299,1385533
6756,234,9426,1385279,1385513
5278,234,9473,1385244,1385478
6146,234,9474,1385255,1385489
5713,234,9622,1385119,1385353
7738,234,9675,1385078,1385312
9551,234,9866,1384899,1385133
3411,234,9945,1384832,1385066
3524,234,9972,1384817,1385051
5079,234,9990,1384811,1385045
4482,235,8002,1386811,1387046
7004,235,8042,1386784,1387019
3318,235,8085,1386754,1386989
7696,235,8095,1386757,1386992
2548,235,8099,1386766,1387001
5519,235,8158,1386720,1386955
7585,235,8216,1386675,1386910
6520,235,8219,1386685,1386920
5607,235,8240,1386677,1386912
2679,235,8241,1386689,1386924
2575,235,8253,1386690,1386925
1272,235,8350,1386606,1386841
5254,235,8410,1386559,1386794
1049,235,8416,1386566,1386801
2039,235,8551,1386444,1386679
4231,235,8565,1386443,1386678
1981,235,8631,1386390,1386625
8125,235,8850,1386184,1386419
8840,235,8936,1386111,1386346
2849,235,8976,1386084,1386319
8128,235,9003,1386070,1386305
7834,235,9008,1386078,1386313
1717,235,9021,1386078,1386313
8162,235,9452,1385660,1385895
7392,235,9567,1385558,1385793
5958,235,9671,1385467,1385702
2543,235,9823,1385328,1385563
4976,235,9857,1385307,1385542
6282,235,9940,1385237,1385472
5141,236,8015,1387175,1387411
2026,236,8046,1387158,1387394
4274,236,8082,1387136,1387372
8181,236,8206,1387026,1387262
3494,236,8226,1387020,1387256
9715,236,8367,1386893,1387129
7255,236,8488,1386786,1387022
3060,236,8519,1386769,1387005
1618,236,8632,1386670,1386906
5825,236,8705,1386611,1386847
4031,236,8838,1386492,1386728
1883,236,9000,1386344,1386580
1314,236,9009,1386349,1386585
1416,236,9023,1386349,1386585
7961,236,9061,1386325,1386561
2558,236,9135,1386265,1386501
5529,236,9161,1386253,1386489
5596,236,9397,1386031,1386267
6526,236,9426,1386016,1386252
8756,236,9721,1385735,1385971
2531,236,9780,1385690,1385926
9445,236,9797,1385687,1385923
7824,236,9910,1385588,1385824
2426,236,9941,1385571,1385807
7192,236,9987,1385539,1385775
4602,237,8011,1387529,1387766
4655,237,8053,1387502,1387739
6361,237,8134,1387436,1387673
2656,237,8262,1387323,1387560
5729,237,8305,1387295,1387532
7991,237,8398,1387217,1387454
2073,237,8428,1387202,1387439
4092,237,8478,1387167,1387404
8738,237,8507,1387153,1387390
7879,237,8549,1387126,1387363
7823,237,8571,1387119,1387356
3372,237,8599,1387106,1387343
5440,237,8656,1387064,1387301
2130,237,8695,1387040,1387277
6249,237,8716,1387034,1387271
6329,237,8806,1386959,1387196
1529,237,9153,1386627,1386864
6376,237,9233,1386562,1386799
7101,237,9365,1386445,1386682
2226,237,9431,1386394,1386631
9803,237,9527,1386313,1386550
1458,237,9538,1386317,1386554
8850,237,9604,1386266,1386503
8363,237,9617,1386268,1386505
3286,237,9734,1386166,1386403
3448,237,9806,1386109,1386346
7515,237,9830,1386100,1386337
7111,237,9874,1386071,1386308
4461,237,9910,1386050,1386287
9480,238,8006,1387969,1388207
1294,238,8029,1387962,1388200
9897,238,8032,1387975,1388213
1426,238,8133,1387890,1388128
6434,238,8162,1387877,1388115
3986,238,8210,1387845,1388083
3197,238,8243,1387828,1388066
5355,238,8348,1387739,1387977
7498,238,8487,1387616,1387854
6245,238,8622,1387497,1387735
9106,238,8663,1387472,1387710
3734,238,8690,1387461,1387699
2775,238,8700,1387467,1387705
3378,238,8704,1387479,1387717
4056,238,8730,1387469,1387707
4537,238,8837,1387378,1387616
6882,238,8954,1387277,1387515
9437,238,9027,1387220,1387458
5811,238,9382,1386881,1387119
2919,238,9408,1386871,1387109
4793,238,9416,1386879,1387117
6352,238,9484,1386827,1387065
4232,238,9723,1386604,1386842
1017,239,8208,1388135,1388374
1154,239,8223,1388137,1388376
4359,239,8235,1388142,1388381
8405,239,8338,1388056,1388295
9297,239,8346,1388065,1388304
7690,239,8354,1388074,1388313
3810,239,8362,1388083,1388322
7379,239,8486,1387976,1388215
2354,239,8524,1387955,1388194
2289,239,8864,1387632,1387871
1260,239,8920,1387593,1387832
7230,239,8925,1387605,1387844
9608,239,9089,1387458,1387697
8150,239,9311,1387253,1387492
5584,239,9320,1387261,1387500
1570,239,9326,1387272,1387511
4285,239,9420,1387195,1387434
7040,239,9438,1387194,1387433
5874,239,9446,1387203,1387442
3054,239,9456,1387210,1387449
8466,239,9511,1387172,1387411
8912,239,9587,1387113,1387352
5961,239,9595,1387122,1387361
9729,239,9603,1387131,1387370
6201,239,9644,1387107,1387346
7448,239,9745,1387023,1387262
7281,239,9753,1387032,1387271
2169,239,9761,1387041,1387280
8502,239,9806,1387013,1387252
2475,239,9834,1387002,1387241
4120,239,9985,1386868,1387107
9570,240,8005,1388865,1389105
2068,240,8101,1388787,1389027
7831,240,8120,1388786,1389026
7387,240,8253,1388671,1388911
1844,240,8274,1388668,1388908
9946,240,8424,1388536,1388776
7700,240,8508,1388470,1388710
7507,240,8530,1388466,1388706
8483,240,8571,1388443,1388683
9780,240,8572,1388460,1388700
5035,240,8648,1388402,1388642
6292,240,8784,1388284,1388524
1326,240,8834,1388252,1388492
5666,240,8944,1388160,1388400
1500,240,8953,1388169,1388409
5711,240,8964,1388176,1388416
2177,240,9197,1387961,1388201
2705,240,9222,1387954,1388194
1797,240,9329,1387865,1388105
2165,240,9443,1387769,1388009
2457,240,9531,1387699,1387939
3012,240,9538,1387710,1387950
1242,240,9576,1387690,1387930
1410,240,9682,1387602,1387842
4006,240,9710,1387592,1387832
4922,240,9738,1387582,1387822
1003,240,9743,1387595,1387835
5613,240,9796,1387560,1387800
2098,240,9897,1387477,1387717
7188,240,9902,1387490,1387730
6493,240,9906,1387504,1387744
8768,240,9935,1387493,1387733
7852,240,9988,1387458,1387698
4340,241,8043,1389421,1389662
9319,241,8045,1389438,1389679
6199,241,8082,1389420,1389661
5966,241,8086,1389435,1389676
6438,241,8093,1389447,1389688
6549,241,8103,1389456,1389697
1083,241,8131,1389447,1389688
3249,241,8211,1389386,1389627
4565,241,8263,1389353,1389594
3253,241,8330,1389305,1389546
7451,241,8331,1389323,1389564
8692,241,8514,1389159,1389400
4329,241,8669,1389023,1389264
6794,241,8691,1389020,1389261
4153,241,8810,1388920,1389161
4227,241,8816,1388933,1389174
3246,241,8898,1388870,1389111
6479,241,9121,1388666,1388907
3862,241,9258,1388548,1388789
6886,241,9271,1388554,1388795
3833,241,9289,1388555,1388796
9215,241,9331,1388532,1388773
3350,241,9373,1388509,1388750
5132,241,9461,1388440,1388681
2560,241,9596,1388324,1388565
2422,242,8041,1389898,1390140
5863,242,8085,1389874,1390116
3227,242,8162,1389817,1390059
7388,242,8205,1389794,1390036
2205,242,8213,1389806,1390048
8634,242,8304,1389735,1389977
2776,242,8453,1389606,1389848
2429,242,8522,1389557,1389799
2227,242,8544,1389555,1389797
7603,242,8584,1389535,1389777
6444,242,8722,1389417,1389659
8651,242,8738,1389421,1389663
8161,242,8818,1389361,1389603
9538,242,8835,1389364,1389606
3488,242,8906,1389313,1389555
4498,242,8921,1389318,1389560
2512,242,8950,1389309,1389551
6375,242,8957,1389322,1389564
3451,242,9076,1389223,1389465
4710,242,9104,1389215,1389457
7315,242,9112,1389227,1389469
8713,242,9138,1389221,1389463
8783,242,9138,1389241,1389483
8259,242,9149,1389250,1389492
4589,242,9166,1389253,1389495
5240,242,9230,1389209,1389451
1457,242,9325,1389134,1389376
6934,242,9359,1389120,1389362
5554,242,9417,1389082,1389324
9221,242,9446,1389073,1389315
2038,242,9464,1389075,1389317
2780,242,9470,1389089,1389331
1406,242,9487,1389092,1389334
5339,242,9493,1389106,1389348
3042,242,9495,1389124,1389366
5287,242,9660,1388979,1389221
4888,242,9694,1388965,1389207
8378,242,9704,1388975,1389217
5011,242,9725,1388974,1389216
6507,242,9843,1388876,1389118
5677,242,9874,1388865,1389107
4446,243,8036,1390723,1390966
8117,243,8089,1390691,1390934
6627,243,8118,1390683,1390926
5071,243,8259,1390563,1390806
6472,243,8271,1390572,1390815
7019,243,8289,1390575,1390818
8143,243,8516,1390369,1390612
2845,243,8546,1390360,1390603
8278,243,8672,1390255,1390498
4146,243,8749,1390199,1390442
8978,243,8815,1390154,1390397
6357,243,8837,1390153,1390396
7378,243,8846,1390165,1390408
2489,243,8858,1390174,1390417
5434,243,8874,1390179,1390422
8952,243,8883,1390191,1390434
9142,243,8897,1390198,1390441
4337,243,8943,1390173,1390416
4604,243,8972,1390165,1390408
4961,243,9058,1390100,1390343
8505,243,9085,1390094,1390337
2869,243,9097,1390103,1390346
1787,243,9155,1390066,1390309
3342,243,9315,1389927,1390170
2171,243,9326,1389937,1390180
2145,243,9447,1389837,1390080
4694,243,9482,1389823,1390066
8597,243,9493,1389833,1390076
8593,243,9511,1389836,1390079
4952,243,9597,1389771,1390014
5534,243,9777,1389612,1389855
3118,244,8082,1391328,1391572
1061,244,8136,1391296,1391540
4819,244,8269,1391185,1391429
4350,244,8324,1391152,1391396
2072,244,8329,1391169,1391413
3728,244,8407,1391113,1391357
9255,244,8574,1390968,1391212
2419,244,8618,1390946,1391190
3949,244,8689,1390897,1391141
5221,244,8695,1390913,1391157
9745,244,8764,1390866,1391110
5615,244,8884,1390768,1391012
2839,244,8894,1390780,1391024
5387,244,8912,1390784,1391028
8203,244,8975,1390743,1390987
3144,244,8999,1390741,1390985
1276,244,9039,1390723,1390967
6726,244,9097,1390687,1390931
2873,244,9138,1390668,1390912
6594,244,9205,1390623,1390867
5127,244,9559,1390291,1390535
5994,244,9566,1390306,1390550
3961,244,9631,1390263,1390507
1548,244,9649,1390267,1390511
9160,244,9730,1390208,1390452
5506,244,9768,1390192,1390436
4111,244,9885,1390097,1390341
2340,245,8021,1391983,1392228
9791,245,8116,1391911,1392156
7223,245,8327,1391723,1391968
3056,245,8477,1391596,1391841
6269,245,8494,1391602,1391847
9310,245,8497,1391622,1391867
2433,245,8498,1391644,1391889
6364,245,8516,1391649,1391894
2116,245,8557,1391631,1391876
4715,245,8622,1391589,1391834
6719,245,8650,1391584,1391829
8903,245,8826,1391431,1391676
5564,245,8832,1391448,1391693
2471,245,8842,1391461,1391706
2302,245,8867,1391459,1391704
5973,245,8891,1391458,1391703
1338,245,8989,1391383,1391628
3527,245,9028,1391367,1391612
8273,245,9074,1391344,1391589
2803,245,9103,1391338,1391583
9162,245,9175,1391289,1391534
1876,245,9217,1391270,1391515
1145,245,9421,1391089,1391334
8881,245,9499,1391034,1391279
4644,245,9504,1391052,1391297
7158,245,9510,1391069,1391314
1629,245,9512,1391090,1391335
5683,245,9557,1391068,1391313
7966,245,9842,1390806,1391051
4738,245,9883,1390788,1391033
4323,245,9943,1390751,1390996
5997,245,9976,1390741,1390986
8283,245,9989,1390751,1390996
9669,246,8058,1392705,1392951
7103,246,8192,1392595,1392841
7870,246,8301,1392510,1392756
8445,246,8417,1392418,1392664
8437,246,8454,1392405,1392651
9382,246,8740,1392143,1392389
8844,246,8796,1392111,1392357
2921,246,8834,1392097,1392343
2907,246,8847,1392108,1392354
7189,246,8878,1392101,1392347
7761,246,8891,1392112,1392358
3984,246,8917,1392110,1392356
6513,246,8949,1392102,1392348
7551,246,9030,1392045,1392291
7795,246,9048,1392051,1392297
8796,246,9074,1392049,1392295
3175,246,9168,1391979,1392225
2982,246,9377,1391794,1392040
8998,246,9611,1391584,1391830
8853,246,9630,1391589,1391835
8669,246,9754,1391489,1391735
4656,246,9894,1391373,1391619
2877,246,9941,1391350,1391596
4685,246,9941,1391374,1391620
1013,246,9988,1391351,1391597
8681,246,9993,1391370,1391616
3628,247,8278,1393109,1393356
7425,247,8366,1393046,1393293
5456,247,8432,1393005,1393252
1228,247,8575,1392887,1393134
6350,247,8610,1392877,1393124
5838,247,8682,1392830,1393077
1284,247,8725,1392812,1393059
6400,247,8814,1392748,1392995
9882,247,8883,1392704,1392951
7598,247,8943,1392669,1392916
6171,247,8946,1392691,1392938
4427,247,8981,1392681,1392928
6976,247,9004,1392683,1392930
5801,247,9008,1392704,1392951
2535,247,9031,1392706,1392953
6672,247,9034,1392728,1392975
4818,247,9051,1392736,1392983
7524,247,9370,1392442,1392689
7697,247,9413,1392424,1392671
4789,247,9624,1392238,1392485
6588,247,9653,1392234,1392481
4698,247,9680,1392232,1392479
3267,247,9804,1392133,1392380
8237,247,9827,1392135,1392382
6228,248,8013,1393974,1394222
9454,248,8023,1393990,1394238
3523,248,8054,1393985,1394233
6709,248,8099,1393966,1394214
3575,248,8104,1393987,1394235
3594,248,8201,1393916,1394164
9118,248,8287,1393856,1394104
9075,248,8325,1393844,1394092
5638,248,8337,1393858,1394106
5322,248,8342,1393879,1394127
3906,248,8408,1393839,1394087
7048,248,8468,1393805,1394053
2089,248,8473,1393826,1394074
8559,248,8610,1393715,1393963
6623,248,8644,1393707,1393955
7627,248,8761,1393616,1393864
8653,248,8769,1393634,1393882
9326,248,8783,1393646,1393894
7624,248,8920,1393535,1393783
6049,248,9099,1393382,1393630
8311,248,9118,1393389,1393637
3285,248,9135,1393398,1393646
7765,248,9171,1393388,1393636
9245,248,9209,1393376,1393624
2741,248,9292,1393319,1393567
4192,248,9297,1393340,1393588
5853,248,9316,1393347,1393595
7529,248,9357,1393332,1393580
2591,248,9415,1393300,1393548
7403,248,9445,1393296,1393544
8043,248,9475,1393292,1393540
5007,248,9568,1393225,1393473
2297,248,9735,1393084,1393332
6093,248,9800,1393045,1393293
1415,248,9856,1393015,1393263
5537,248,9964,1392933,1393181
9744,248,9978,1392945,1393193
3979,249,8331,1394618,1394867
1995,249,8605,1394371,1394620
7733,249,8616,1394387,1394636
9620,249,8678,1394352,1394601
2680,249,8744,1394313,1394562
4013,249,8799,1394285,1394534
1819,249,8818,1394293,1394542
6853,249,8831,1394307,1394556
9970,249,8916,1394249,1394498
7985,249,8950,1394242,1394491
8387,249,8950,1394269,1394518
2146,249,8954,1394292,1394541
8248,249,9014,1394259,1394508
9352,249,9083,1394217,1394466
2460,249,9085,1394242,1394491
9036,249,9116,1394238,1394487
5092,249,9117,1394264,1394513
4279,249,9151,1394257,1394506
8856,249,9247,1394188,1394437
2199,249,9309,1394153,1394402
5097,249,9432,1394057,1394306
1759,249,9451,1394065,1394314
9693,249,9512,1394031,1394280
2960,249,9687,1393883,1394132
3850,249,9916,1393681,1393930
4761,249,9922,1393702,1393951
9588,249,9937,1393714,1393963
9434,250,8015,1395663,1395913
5478,250,8031,1395675,1395925
2421,250,8042,1395692,1395942
9066,250,8094,1395668,1395918
1692,250,8111,1395679,1395929
6150,250,8153,1395665,1395915
6422,250,8160,1395686,1395936
7001,250,8250,1395624,1395874
8271,250,8260,1395642,1395892
2519,250,8298,1395632,1395882
8428,250,8312,1395646,1395896
2644,250,8492,1395494,1395744
2347,250,8566,1395448,1395698
4117,250,8602,1395440,1395690
4574,250,8610,1395460,1395710
6696,250,8706,1395392,1395642
7447,250,8771,1395355,1395605
4156,250,8777,1395377,1395627
4700,250,8824,1395358,1395608
5271,250,8944,1395266,1395516
4318,250,8972,1395266,1395516
5489,250,9057,1395209,1395459
5452,250,9085,1395209,1395459
3923,250,9162,1395160,1395410
3852,250,9189,1395161,1395411
2291,250,9274,1395104,1395354
3263,250,9299,1395107,1395357
8289,250,9448,1394986,1395236
1757,250,9510,1394952,1395202
8243,250,9564,1394926,1395176
4542,250,9658,1394860,1395110
9615,250,9804,1394742,1394992
2375,250,9814,1394760,1395010
2441,250,9877,1394725,1394975
5527,251,8026,1396604,1396855
6904,251,8048,1396611,1396862
5569,251,8083,1396605,1396856
5890,251,8124,1396593,1396844
9720,251,8162,1396584,1396835
8667,251,8212,1396563,1396814
8007,251,8220,1396584,1396835
3975,251,8268,1396565,1396816
7225,251,8292,1396570,1396821
6539,251,8321,1396570,1396821
4757,251,8323,1396597,1396848
1450,251,8345,1396604,1396855
3600,251,8360,1396618,1396869
4502,251,8376,1396631,1396882
2815,251,8484,1396552,1396803
1917,251,8647,1396418,1396669
4058,251,8808,1396286,1396537
4675,251,8963,1396160,1396411
1033,251,9035,1396117,1396368
4908,251,9317,1395864,1396115
1324,251,9341,1395869,1396120
8072,251,9363,1395876,1396127
1673,251,9395,1395873,1396124
5443,251,9524,1395773,1396024
4295,251,9611,1395715,1395966
4953,251,9772,1395583,1395834
3455,251,9778,1395606,1395857
2283,252,8266,1397147,1397399
6718,252,8505,1396938,1397190
5974,252,8824,1396649,1396901
7621,252,8825,1396678,1396930
5707,252,8835,1396698,1396950
7883,252,8881,1396682,1396934
2112,252,8898,1396695,1396947
9412,252,8920,1396703,1396955
4749,252,9016,1396637,1396889
7954,252,9084,1396599,1396851
2313,252,9122,1396591,1396843
6308,252,9197,1396546,1396798
2937,252,9215,1396558,1396810
1261,252,9222,1396581,1396833
7400,252,9292,1396541,1396793
5121,252,9297,1396566,1396818
6920,252,9303,1396590,1396842
3951,252,9318,1396605,1396857
5995,252,9362,1396591,1396843
5328,252,9364,1396619,1396871
1966,252,9378,1396635,1396887
2525,252,9413,1396630,1396882
8554,252,9421,1396652,1396904
3371,252,9483,1396620,1396872
7880,252,9579,1396554,1396806
8572,252,9653,1396510,1396762
7706,252,9723,1396470,1396722
4422,252,9734,1396489,1396741
5699,252,9747,1396506,1396758
6748,252,9877,1396406,1396658
6801,253,8091,1398222,1398475
8512,253,8153,1398191,1398444
2121,253,8331,1398044,1398297
8240,253,8350,1398056,1398309
1211,253,8396,1398041,1398294
1133,253,8501,1397967,1398220
4969,253,8507,1397992,1398245
2345,253,8609,1397921,1398174
7820,253,8630,1397931,1398184
2989,253,8660,1397932,1398185
2824,253,8786,1397837,1398090
7578,253,8907,1397747,1398000
6102,253,8932,1397753,1398006
8582,253,8933,1397783,1398036
1811,253,8963,1397784,1398037
8549,253,9027,1397751,1398004
8852,253,9080,1397729,1397982
6615,253,9212,1397628,1397881
4465,253,9353,1397518,1397771
8737,253,9359,1397543,1397796
1153,253,9528,1397405,1397658
4514,253,9572,1397392,1397645
7319,253,9759,1397236,1397489
9606,253,9800,1397226,1397479
6340,253,9939,1397118,1397371
4250,253,9944,1397144,1397397
7150,253,9971,1397148,1397401
5410,254,8007,1399143,1399397
9814,254,8027,1399155,1399409
4207,254,8129,1399085,1399339
6919,254,8143,1399103,1399357
6744,254,8173,1399105,1399359
5296,254,8175,1399135,1399389
3795,254,8357,1398985,1399239
4015,254,8496,1398878,1399132
6328,254,8544,1398862,1399116
5061,254,8744,1398694,1398948
9233,254,8906,1398564,1398818
1353,254,8929,1398573,1398827
6133,254,8958,1398576,1398830
9001,254,9047,1398519,1398773
2464,254,9102,1398496,1398750
9645,254,9161,1398469,1398723
6234,254,9173,1398489,1398743
9714,254,9228,1398466,1398720
2630,254,9252,1398474,1398728
9825,254,9292,1398466,1398720
8025,254,9294,1398496,1398750
7494,254,9633,1398189,1398443
2867,254,9646,1398208,1398462
6247,254,9681,1398205,1398459
7838,254,9766,1398152,1398406
4488,254,9768,1398182,1398436
2837,254,9785,1398197,1398451
3067,254,9799,1398215,1398469
3879,254,9868,1398178,1398432
9613,254,9983,1398095,1398349
5954,255,8047,1400063,1400318
3877,255,8120,1400023,1400278
5228,255,8127,1400049,1400304
8211,255,8312,1399897,1400152
3559,255,8439,1399803,1400058
1289,255,8501,1399774,1400029
3421,255,8532,1399776,1400031
2078,255,8584,1399757,1400012
3898,255,8634,1399740,1399995
9185,255,8697,1399710,1399965
3666,255,8722,1399718,1399973
2961,255,8963,1399510,1399765
9876,255,9140,1399366,1399621
5805,255,9152,1399387,1399642
1924,255,9256,1399316,1399571
8481,255,9279,1399326,1399581
8716,255,9280,1399358,1399613
5222,255,9483,1399188,1399443
3255,255,9492,1399212,1399467
4046,255,9515,1399222,1399477
3149,255,9607,1399163,1399418
5120,255,9638,1399165,1399420
3192,255,9662,1399174,1399429
9411,255,9704,1399165,1399420
5000,255,9720,1399182,1399437
2042,255,9732,1399203,1399458
8376,255,9919,1399049,1399304
6073,256,8155,1400846,1401102
4762,256,8239,1400796,1401052
2335,256,8417,1400652,1400908
7509,256,8447,1400656,1400912
5975,256,8535,1400602,1400858
6951,256,8577,1400594,1400850
2438,256,8587,1400618,1400874
1243,256,8619,1400620,1400876
1275,256,8665,1400608,1400864
9827,256,8696,1400611,1400867
6322,256,8719,1400622,1400878
5363,256,8811,1400564,1400820
6015,256,8822,1400587,1400843
2789,256,8869,1400574,1400830
2948,256,8884,1400593,1400849
6314,256,8955,1400556,1400812
8968,256,8963,1400582,1400838
9420,256,9081,1400498,1400754
4301,256,9182,1400431,1400687
2910,256,9319,1400328,1400584
2522,256,9356,1400325,1400581
5551,256,9447,1400268,1400524
1722,256,9454,1400295,1400551
4127,256,9474,1400309,1400565
7645,256,9492,1400325,1400581
4998,256,9519,1400332,1400588
1641,256,9522,1400363,1400619
8270,256,9540,1400379,1400635
9649,256,9763,1400190,1400446
7325,256,9772,1400215,1400471
8153,256,9860,1400161,1400417
7633,256,9886,1400169,1400425
4701,256,9979,1400110,1400366
4477,257,8022,1402101,1402358
4538,257,8026,1402132,1402389
6926,257,8039,1402154,1402411
8106,257,8076,1402152,1402409
8309,257,8126,1402137,1402394
3990,257,8155,1402143,1402400
8497,257,8165,1402168,1402425
1649,257,8170,1402198,1402455
3709,257,8183,1402220,1402477
2147,257,8197,1402241,1402498
4236,257,8318,1402155,1402412
3089,257,8359,1402149,1402406
4311,257,8401,1402142,1402399
3066,257,8411,1402167,1402424
2506,257,8442,1402171,1402428
3046,257,8530,1402118,1402375
4260,257,8581,1402102,1402359
7593,257,8607,1402111,1402368
7232,257,8628,1402125,1402382
8697,257,8652,1402136,1402393
3450,257,8669,1402154,1402411
6550,257,8671,1402187,1402444
1996,257,8678,1402215,1402472
1551,257,8703,1402225,1402482
8219,257,8709,1402254,1402511
8801,257,8732,1402266,1402523
4023,257,8792,1402241,1402498
9501,257,8905,1402163,1402420
8945,257,8923,1402180,1402437
5910,257,8925,1402213,1402470
9698,257,9211,1401962,1402219
5134,257,9322,1401886,1402143
8656,257,9354,1401889,1402146
1019,257,9459,1401819,1402076
2751,257,9531,1401782,1402039
3107,257,9585,1401763,1402020
9237,257,9597,1401786,1402043
7758,257,9652,1401766,1402023
8987,257,9744,1401709,1401966
6326,257,9745,1401743,1402000
7839,257,9799,1401724,1401981
6154,257,9893,1401665,1401922
2537,257,9906,1401687,1401944
1848,257,9916,1401712,1401969
6279,257,9923,1401740,1401997
9020,258,8200,1403498,1403756
3909,258,8290,1403444,1403702
9674,258,8305,1403465,1403723
3832,258,8308,1403498,1403756
5154,258,8345,1403497,1403755
1918,258,8360,1403518,1403776
4671,258,8401,1403513,1403771
4198,258,8461,1403489,1403747
8317,258,8471,1403515,1403773
6447,258,8577,1403445,1403703
1969,258,8700,1403358,1403616
2410,258,8793,1403301,1403559
8751,258,8871,1403259,1403517
1047,258,8935,1403231,1403489
2234,258,9134,1403068,1403326
4965,258,9158,1403080,1403338
9896,258,9217,1403057,1403315
9224,258,9275,1403035,1403293
3936,258,9404,1402942,1403200
9661,258,9465,1402917,1403175
2346,258,9483,1402935,1403193
2447,258,9558,1402896,1403154
3755,258,9617,1402873,1403131
2006,258,9648,1402878,1403136
6337,258,9651,1402911,1403169
2477,258,9687,1402911,1403169
3872,258,9710,1402924,1403182
9779,258,9762,1402908,1403166
6929,258,9787,1402919,1403177
4721,258,9892,1402850,1403108
6884,259,8014,1404764,1405023
1122,259,8019,1404796,1405055
3861,259,8037,1404815,1405074
2260,259,8122,1404767,1405026
2370,259,8152,1404774,1405033
5408,259,8183,1404780,1405039
5544,259,8287,1404713,1404972
3404,259,8309,1404728,1404987
5279,259,8358,1404716,1404975
5637,259,8399,1404712,1404971
4443,259,8453,1404695,1404954
3234,259,8465,1404720,1404979
6879,259,8486,1404736,1404995
9423,259,8516,1404743,1405002
3747,259,8532,1404764,1405023
6746,259,8544,1404789,1405048
9368,259,8624,1404746,1405005
7543,259,8759,1404648,1404907
1350,259,8902,1404542,1404801
9180,259,8904,1404577,1404836
5258,259,8946,1404572,1404831
8474,259,9205,1404350,1404609
3038,259,9250,1404342,1404601
9926,259,9348,1404281,1404540
1159,259,9583,1404083,1404342
7891,259,9722,1403981,1404240
1128,259,9784,1403956,1404215
1693,259,9798,1403979,1404238
1602,259,9806,1404008,1404267
7581,259,9827,1404024,1404283
6386,259,9862,1404026,1404285
2213,260,8199,1405726,1405986
6404,260,8285,1405678,1405938
3330,260,8326,1405675,1405935
8060,260,8384,1405655,1405915
2357,260,8455,1405622,1405882
9707,260,8463,1405652,1405912
1536,260,8533,1405620,1405880
2654,260,8591,1405600,1405860
2435,260,8646,1405583,1405843
2797,260,8768,1405499,1405759
3687,260,8781,1405524,1405784
2239,260,8823,1405520,1405780
1137,260,8834,1405547,1405807
8185,260,8862,1405557,1405817
5166,260,9109,1405348,1405608
6488,260,9112,1405383,1405643
2902,260,9130,1405403,1405663
3593,260,9132,1405439,1405699
4898,260,9137,1405472,1405732
4102,260,9247,1405400,1405660
3221,260,9297,1405388,1405648
7877,260,9348,1405375,1405635
5162,260,9357,1405404,1405664
7584,260,9358,1405441,1405701
3859,260,9452,1405385,1405645
3541,260,9516,1405359,1405619
5904,260,9541,1405372,1405632
6388,260,9556,1405395,1405655
9564,260,9557,1405432,1405692
9532,260,9634,1405393,1405653
7211,260,9679,1405386,1405646
1978,260,9792,1405311,1405571
6336,261,8025,1407116,1407377
6294,261,8060,1407120,1407381
3564,261,8332,1406887,1407148
4742,261,8374,1406884,1407145
8183,261,8386,1406911,1407172
3029,261,8530,1406806,1407067
6525,261,8559,1406816,1407077
7390,261,8709,1406705,1406966
6980,261,8894,1406559,1406820
5733,261,9204,1406288,1406549
2699,261,9228,1406303,1406564
3791,261,9271,1406299,1406560
7791,261,9338,1406271,1406532
7845,261,9404,1406244,1406505
3452,261,9470,1406217,1406478
5436,261,9487,1406239,1406500
2096,261,9501,1406264,1406525
9400,261,9642,1406162,1406423
9494,261,9693,1406150,1406411
1737,261,9888,1405994,1406255
6607,261,9930,1405991,1406252
2892,262,8056,1452988,1453250
8745,262,8296,1452749,1453011
9990,262,8386,1452660,1452922
8616,262,8600,1452447,1452709
3063,262,8669,1452379,1452641
7638,262,8784,1452265,1452527
9397,262,9077,1451973,1452235
2692,262,9135,1451916,1452178
4980,262,9209,1451843,1452105
7992,262,9210,1451843,1452105
3860,262,9250,1451804,1452066
5980,262,9274,1451781,1452043
7389,262,9293,1451763,1452025
3618,262,9346,1451711,1451973
9887,262,9539,1451519,1451781
3552,262,9608,1451451,1451713
6757,262,9647,1451413,1451675
7287,262,9724,1451337,1451599
2365,262,9866,1451196,1451458
1762,263,8217,1452846,1453109
9977,263,8218,1452847,1453110
3866,263,8257,1452810,1453073
1366,263,8508,1452561,1452824
9002,263,8595,1452476,1452739
5495,263,8628,1452445,1452708
1729,263,8741,1452334,1452597
4516,263,8814,1452263,1452526
8296,263,8847,1452232,1452495
6142,263,8948,1452133,1452396
1646,263,8951,1452132,1452395
3807,263,8996,1452089,1452352
9446,263,9163,1451924,1452187
5599,263,9286,1451803,1452066
1273,263,9409,1451682,1451945
4101,263,9487,1451606,1451869
7634,263,9633,1451462,1451725
7525,263,9656,1451441,1451704
3633,263,9753,1451346,1451609
6445,263,9819,1451282,1451545
6120,263,9850,1451253,1451516
3426,263,9941,1451164,1451427
3804,264,8082,1453025,1453289
1512,264,8125,1452985,1453249
2595,264,8250,1452863,1453127
3581,264,8294,1452822,1453086
1803,264,8383,1452736,1453000
2864,264,8480,1452642,1452906
3299,264,8583,1452542,1452806
6084,264,8665,1452463,1452727
8409,264,8671,1452460,1452724
8459,264,8925,1452209,1452473
1012,264,9034,1452103,1452367
9632,264,9126,1452014,1452278
3427,264,9147,1451996,1452260
2785,264,9206,1451940,1452204
2236,264,9315,1451834,1452098
1171,264,9324,1451828,1452092
9467,264,9337,1451818,1452082
1817,264,9368,1451790,1452054
1832,264,9417,1451744,1452008
9904,264,9425,1451739,1452003
8135,264,9567,1451600,1451864
2523,264,9577,1451593,1451857
9930,264,9614,1451559,1451823
7430,264,9625,1451551,1451815
5389,264,9764,1451415,1451679
4235,264,9792,1451390,1451654
9104,264,9885,1451300,1451564
9915,264,9927,1451261,1451525
6193,265,8048,1453143,1453408
4349,265,8053,1453142,1453407
6076,265,8083,1453116,1453381
2404,265,8086,1453117,1453382
1252,265,8151,1453056,1453321
4039,265,8271,1452940,1453205
2045,265,8349,1452866,1453131
7382,265,8470,1452749,1453014
9544,265,8472,1452751,1453016
9781,265,8883,1452344,1452609
3624,265,8906,1452325,1452590
3856,265,9093,1452142,1452407
5332,265,9238,1452001,1452266
1713,265,9289,1451954,1452219
8292,265,9292,1451955,1452220
4463,265,9372,1451879,1452144
8557,265,9445,1451810,1452075
2081,265,9529,1451730,1451995
4251,265,9590,1451673,1451938
8190,265,9622,1451645,1451910
1801,265,9649,1451622,1451887
8992,265,9711,1451564,1451829
9785,265,9746,1451533,1451798
7268,265,9757,1451526,1451791
1853,265,9770,1451517,1451782
8902,265,9775,1451516,1451781
9071,265,9845,1451450,1451715
9459,265,9888,1451411,1451676
4689,266,8098,1453205,1453471
4809,266,8195,1453113,1453379
3397,266,8248,1453065,1453331
4541,266,8272,1453046,1453312
4057,266,8290,1453033,1453299
4266,266,8419,1452909,1453175
8859,266,8576,1452757,1453023
9373,266,8619,1452719,1452985
6079,266,8645,1452698,1452964
8632,266,8787,1452561,1452827
7975,266,8863,1452490,1452756
1965,266,8936,1452422,1452688
7043,266,9117,1452246,1452512
4966,266,9121,1452247,1452513
1125,266,9166,1452207,1452473
1445,266,9254,1452124,1452390
1791,266,9287,1452096,1452362
8091,266,9318,1452070,1452336
8644,266,9380,1452013,1452279
8706,266,9438,1451960,1452226
7419,266,9453,1451950,1452216
5957,266,9568,1451840,1452106
4451,266,9579,1451834,1452100
4003,266,9634,1451784,1452050
7635,266,9636,1451787,1452053
7116,266,9660,1451768,1452034
7021,266,9729,1451704,1451970
5252,266,9734,1451704,1451970
1716,266,9761,1451682,1451948
6131,266,9782,1451666,1451932
9666,266,9794,1451659,1451925
6764,266,9813,1451645,1451911
2321,266,9830,1451633,1451899
7437,266,9856,1451612,1451878
2738,267,8071,1453402,1453669
5439,267,8147,1453332,1453599
8267,267,8171,1453314,1453581
7226,267,8488,1453003,1453270
6312,267,8525,1452972,1453239
3806,267,8636,1452867,1453134
4070,267,8642,1452867,1453134
1637,267,8683,1452832,1453099
4963,267,8759,1452762,1453029
3196,267,8767,1452760,1453027
3156,267,8804,1452729,1452996
6407,267,9221,1452318,1452585
7352,267,9292,1452253,1452520
7310,267,9319,1452232,1452499
7330,267,9430,1452127,1452394
2516,267,9517,1452046,1452313
3544,267,9590,1451979,1452246
5815,267,9644,1451931,1452198
8769,267,9683,1451898,1452165
5784,267,9716,1451871,1452138
3880,267,9909,1451684,1451951
6797,267,9931,1451668,1451935
7671,267,9938,1451667,1451934
7664,268,8101,1453510,1453778
9392,268,8101,1453517,1453785
8205,268,8180,1453445,1453713
4736,268,8214,1453418,1453686
8654,268,8258,1453381,1453649
4510,268,8438,1453208,1453476
2377,268,8683,1452970,1453238
7179,268,8874,1452786,1453054
4611,268,9008,1452659,1452927
9462,268,9064,1452610,1452878
4361,268,9108,1452573,1452841
7099,268,9156,1452532,1452800
4692,268,9168,1452527,1452795
9490,268,9201,1452501,1452769
2693,268,9252,1452457,1452725
6707,268,9361,1452355,1452623
1249,268,9400,1452323,1452591
5083,268,9499,1452231,1452499
4857,268,9549,1452188,1452456
2315,268,9590,1452154,1452422
5894,268,9622,1452129,1452397
5223,268,9631,1452127,1452395
9587,268,9722,1452043,1452311
2043,268,9795,1451977,1452245
3010,268,9971,1451808,1452076
1497,268,9988,1451798,1452066
8732,269,8031,1453762,1454031
1734,269,8271,1453530,1453799
1422,269,8330,1453479,1453748
5864,269,8406,1453411,1453680
8614,269,8415,1453410,1453679
6418,269,8541,1453292,1453561
4539,269,8829,1453012,1453281
5054,269,8930,1452919,1453188
8876,269,8986,1452871,1453140
6523,269,9041,1452824,1453093
1987,269,9055,1452818,1453087
6605,269,9070,1452811,1453080
6942,269,9118,1452771,1453040
7295,269,9527,1452370,1452639
6449,269,9675,1452230,1452499
9072,269,9701,1452212,1452481
1513,269,9766,1452155,1452424
8962,269,9784,1452145,1452414
5898,269,9794,1452143,1452412
4471,269,9860,1452085,1452354
7042,269,9877,1452076,1452345
9450,269,9901,1452060,1452329
3093,269,9924,1452045,1452314
8485,269,9962,1452015,1452284
3790,270,8106,1453879,1454149
6921,270,8151,1453843,1454113
1234,270,8274,1453729,1453999
4149,270,8431,1453581,1453851
9743,270,8468,1453553,1453823
4852,270,8493,1453537,1453807
7658,270,8568,1453471,1453741
4205,270,8620,1453428,1453698
9005,270,8623,1453434,1453704
7279,270,8796,1453270,1453540
4739,270,8864,1453211,1453481
1058,270,9358,1452726,1452996
4195,270,9433,1452660,1452930
1335,270,9505,1452597,1452867
2975,270,9594,1452517,1452787
8077,270,9604,1452516,1452786
8351,270,9657,1452472,1452742
6989,270,9757,1452381,1452651
1298,270,9817,1452330,1452600
2711,270,9920,1452236,1452506
7893,270,9920,1452245,1452515
9622,271,8189,1453985,1454256
4722,271,8260,1453924,1454195
6981,271,8499,1453695,1453966
1523,271,8525,1453679,1453950
3960,271,8648,1453566,1453837
9936,271,8784,1453440,1453711
9131,271,8802,1453432,1453703
1885,271,8824,1453420,1453691
5402,271,8888,1453366,1453637
4392,271,9025,1453239,1453510
5751,271,9026,1453248,1453519
2055,271,9067,1453217,1453488
6956,271,9107,1453187,1453458
9291,271,9141,1453163,1453434
9113,271,9159,1453155,1453426
1825,271,9169,1453155,1453426
1102,271,9199,1453135,1453406
6019,271,9228,1453116,1453387
6996,271,9403,1452951,1453222
9893,271,9417,1452947,1453218
5096,271,9456,1452918,1453189
9487,271,9509,1452875,1453146
4557,271,9591,1452803,1453074
2242,271,9848,1452556,1452827
1802,272,8040,1454374,1454646
4729,272,8160,1454265,1454537
6169,272,8220,1454216,1454488
6821,272,8271,1454176,1454448
7120,272,8332,1454126,1454398
1871,272,8369,1454100,1454372
8657,272,8426,1454054,1454326
4234,272,8492,1453999,1454271
9228,272,8510,1453992,1454264
5171,272,8527,1453986,1454258
3340,272,8699,1453825,1454097
4129,272,8757,1453778,1454050
2244,272,8773,1453773,1454045
2997,272,8795,1453762,1454034
7364,272,9064,1453504,1453776
7366,272,9153,1453426,1453698
1831,272,9186,1453404,1453676
6728,272,9226,1453375,1453647
4208,272,9312,1453300,1453572
2444,272,9411,1453212,1453484
6893,272,9444,1453190,1453462
4981,272,9478,1453167,1453439
6331,272,9496,1453160,1453432
1198,272,9558,1453109,1453381
8924,272,9576,1453102,1453374
5490,272,9628,1453061,1453333
1561,272,9729,1452971,1453243
6029,272,9736,1452975,1453247
7775,272,9773,1452949,1453221
1089,272,9903,1452830,1453102
1701,272,9935,1452809,1453081
1836,272,9970,1452785,1453057
9678,273,8067,1454699,1454972
3420,273,8086,1454692,1454965
8953,273,8213,1454577,1454850
3363,273,8326,1454476,1454749
8513,273,8459,1454355,1454628
8261,273,8626,1454200,1454473
3928,273,8712,1454126,1454399
2214,273,8878,1453972,1454245
1983,273,8887,1453975,1454248
5273,273,8892,1453982,1454255
2076,273,9049,1453837,1454110
5502,273,9208,1453690,1453963
1645,273,9432,1453478,1453751
4781,273,9534,1453388,1453661
1448,273,9578,1453356,1453629
1949,273,9658,1453288,1453561
3210,273,9759,1453199,1453472
5063,273,9880,1453090,1453363
8226,273,9932,1453050,1453323
8340,274,8064,1454930,1455204
4988,274,8089,1454918,1455192
4365,274,8275,1454745,1455019
7778,274,8442,1454591,1454865
5984,274,8502,1454544,1454818
2962,274,8532,1454527,1454801
4199,274,8631,1454441,1454715
2204,274,8670,1454415,1454689
4767,274,8777,1454321,1454595
9717,274,8878,1454233,1454507
3967,274,8896,1454228,1454502
2646,274,8943,1454194,1454468
2150,274,8966,1454184,1454458
6631,274,9014,1454149,1454423
5561,274,9078,1454098,1454372
9919,274,9112,1454077,1454351
2355,274,9156,1454046,1454320
5215,274,9298,1453917,1454191
7144,274,9312,1453916,1454190
3992,274,9354,1453887,1454161
7552,274,9396,1453858,1454132
7677,274,9434,1453833,1454107
4315,274,9471,1453809,1454083
1502,274,9527,1453766,1454040
5971,274,9576,1453730,1454004
9920,274,9592,1453727,1454001
9899,274,9613,1453719,1453993
1220,274,9724,1453621,1453895
2818,274,9749,1453609,1453883
1319,274,9763,1453608,1453882
5275,274,9790,1453594,1453868
7905,274,9861,1453536,1453810
4342,274,9894,1453516,1453790
2352,275,8122,1455301,1455576
2288,275,8258,1455179,1455454
4720,275,8349,1455102,1455377
9179,275,8424,1455041,1455316
2474,275,8474,1455005,1455280
3084,275,8498,1454995,1455270
9760,275,8608,1454899,1455174
5422,275,8631,1454890,1455165
8708,275,8635,1454900,1455175
6465,275,8684,1454865,1455140
3731,275,8694,1454869,1455144
9086,275,8802,1454775,1455050
7361,275,8845,1454746,1455021
5369,275,8854,1454751,1455026
2696,275,9103,1454516,1454791
5455,275,9121,1454512,1454787
4853,275,9132,1454515,1454790
8166,275,9398,1454263,1454538
4375,275,9436,1454239,1454514
1094,275,9445,1454244,1454519
4885,275,9459,1454244,1454519
6928,275,9656,1454061,1454336
6895,275,9699,1454032,1454307
7890,275,9705,1454040,1454315
6625,275,9725,1454034,1454309
3981,275,9795,1453978,1454253
5708,275,9822,1453965,1454240
2634,275,9850,1453951,1454226
2158,275,9883,1453932,1454207
3457,275,9922,1453907,1454182
6985,275,9946,1453897,1454172
9247,276,8002,1455855,1456131
6491,276,8036,1455836,1456112
9176,276,8237,1455650,1455926
2200,276,8382,1455520,1455796
6139,276,8404,1455513,1455789
8965,276,8495,1455437,1455713
4948,276,8530,1455417,1455693
1462,276,8661,1455301,1455577
4038,276,8715,1455262,1455538
3057,276,8773,1455219,1455495
8355,276,8807,1455200,1455476
9281,276,8808,1455214,1455490
7882,276,8831,1455206,1455482
2682,276,8885,1455167,1455443
6659,276,8989,1455078,1455354
5218,276,9075,1455007,1455283
8215,276,9253,1454844,1455120
5082,276,9281,1454831,1455107
8224,276,9538,1454589,1454865
8628,276,9658,1454484,1454760
4768,276,9750,1454407,1454683
1057,276,9789,1454383,1454659
5872,276,9789,1454398,1454674
9287,276,9799,1454403,1454679
2973,276,9801,1454416,1454692
6219,276,9814,1454418,1454694
9968,276,9992,1454255,1454531
5993,277,8138,1456124,1456401
9190,277,8193,1456085,1456362
4907,277,8416,1455878,1456155
4287,277,8425,1455885,1456162
9650,277,8497,1455829,1456106
1920,277,8576,1455766,1456043
3958,277,8594,1455764,1456041
6930,277,8601,1455773,1456050
8880,277,8643,1455747,1456024
5772,277,8670,1455736,1456013
2771,277,8833,1455589,1455866
9134,277,8936,1455502,1455779
3689,277,8977,1455477,1455754
3677,277,8984,1455486,1455763
4271,277,9008,1455478,1455755
6398,277,9061,1455441,1455718
9676,277,9085,1455433,1455710
8975,277,9104,1455430,1455707
5748,277,9221,1455329,1455606
3763,277,9233,1455333,1455610
1718,277,9253,1455329,1455606
9300,277,9276,1455322,1455599
9579,277,9411,1455203,1455480
2238,277,9655,1454975,1455252
5541,277,9663,1454983,1455260
7499,277,9735,1454927,1455204
3589,277,9769,1454909,1455186
2671,277,9849,1454845,1455122
2022,277,9854,1454856,1455133
6286,278,8105,1456621,1456899
6927,278,8219,1456524,1456802
6770,278,8235,1456525,1456803
4481,278,8335,1456442,1456720
4344,278,8422,1456372,1456650
3110,278,8551,1456260,1456538
4658,278,8565,1456263,1456541
8453,278,8582,1456263,1456541
6890,278,8607,1456255,1456533
1824,278,8642,1456237,1456515
7092,278,8844,1456052,1456330
5277,278,8861,1456052,1456330
9332,278,8996,1455934,1456212
4347,278,8997,1455950,1456228
9362,278,9013,1455951,1456229
6641,278,9061,1455920,1456198
6747,278,9149,1455849,1456127
6392,278,9225,1455790,1456068
9229,278,9228,1455804,1456082
8914,278,9310,1455739,1456017
4543,278,9389,1455677,1455955
3977,278,9539,1455544,1455822
5460,278,9651,1455449,1455727
5932,278,9653,1455464,1455742
9458,278,9732,1455402,1455680
7846,278,9743,1455408,1455686
7993,278,9796,1455372,1455650
4169,278,9876,1455309,1455587
4803,278,9882,1455320,1455598
2496,278,9891,1455328,1455606
4452,278,9907,1455329,1455607
1680,278,9978,1455275,1455553
2192,278,9988,1455282,1455560
1675,279,8144,1457143,1457422
6161,279,8186,1457119,1457398
2697,279,8206,1457117,1457396
3843,279,8212,1457129,1457408
7505,279,8355,1457004,1457283
4986,279,8376,1457001,1457280
1439,279,8397,1456998,1457277
7866,279,8421,1456992,1457271
2351,279,8444,1456987,1457266
6046,279,8473,1456976,1457255
6786,279,8520,1456947,1457226
4678,279,8567,1456918,1457197
1385,279,8671,1456832,1457111
6573,279,8776,1456745,1457024
8649,279,8778,1456761,1457040
2381,279,8929,1456628,1456907
4795,279,8940,1456635,1456914
9644,279,9051,1456542,1456821
2468,279,9082,1456529,1456808
4968,279,9100,1456529,1456808
2554,279,9131,1456516,1456795
4713,279,9141,1456524,1456803
8789,279,9170,1456513,1456792
9852,279,9197,1456504,1456783
4154,279,9309,1456410,1456689
9784,279,9326,1456411,1456690
7474,279,9398,1456357,1456636
3119,279,9629,1456144,1456423
4690,279,9660,1456131,1456410
6658,279,9669,1456140,1456419
1454,279,9698,1456129,1456408
6913,279,9722,1456123,1456402
4055,279,9755,1456108,1456387
9044,279,9836,1456045,1456324
1257,279,9850,1456049,1456328
5492,279,9864,1456053,1456332
3346,280,8048,1457887,1458167
1577,280,8174,1457780,1458060
4219,280,8178,1457795,1458075
4474,280,8298,1457694,1457974
9559,280,8372,1457639,1457919
6351,280,8418,1457612,1457892
8421,280,8419,1457630,1457910
6072,280,8454,1457614,1457894
1569,280,8455,1457632,1457912
3116,280,8456,1457650,1457930
3711,280,8482,1457643,1457923
7428,280,8486,1457658,1457938
1921,280,8496,1457667,1457947
7612,280,8507,1457675,1457955
4458,280,8836,1457365,1457645
7878,280,8944,1457276,1457556
9165,280,8974,1457265,1457545
2885,280,9043,1457215,1457495
1843,280,9109,1457168,1457448
8829,280,9207,1457089,1457369
7166,280,9239,1457076,1457356
1274,280,9307,1457027,1457307
5282,280,9338,1457015,1457295
6499,280,9355,1457017,1457297
3616,280,9382,1457009,1457289
7482,280,9438,1456972,1457252
8477,280,9449,1456980,1457260
4226,280,9551,1456897,1457177
7436,280,9571,1456896,1457176
2497,280,9696,1456790,1457070
8898,280,9766,1456739,1457019
8239,280,9784,1456740,1457020
7716,280,9941,1456602,1456882
9516,280,9941,1456621,1456901
2493,280,9982,1456599,1456879
6945,280,9997,1456603,1456883
7590,281,8105,1458514,1458795
9194,281,8154,1458485,1458766
5138,281,8162,1458497,1458778
8370,281,8204,1458475,1458756
3802,281,8288,1458411,1458692
6333,281,8295,1458424,1458705
3158,281,8395,1458344,1458625
6099,281,8436,1458323,1458604
4426,281,8517,1458262,1458543
7090,281,8557,1458242,1458523
8429,281,8624,1458195,1458476
1389,281,8695,1458144,1458425
5276,281,8747,1458112,1458393
4939,281,8807,1458072,1458353
7967,281,8830,1458069,1458350
2299,281,8834,1458085,1458366
8356,281,8901,1458038,1458319
5697,281,8992,1457967,1458248
8225,281,9013,1457966,1458247
1084,281,9046,1457953,1458234
1363,281,9047,1457972,1458253
2183,281,9209,1457830,1458111
7928,281,9237,1457822,1458103
9359,281,9240,1457839,1458120
3922,281,9300,1457799,1458080
6569,281,9319,1457800,1458081
1730,281,9467,1457672,1457953
5717,281,9497,1457662,1457943
4513,281,9502,1457677,1457958
7600,281,9657,1457542,1457823
6827,281,9741,1457478,1457759
3863,281,9816,1457423,1457704
1786,281,9848,1457411,1457692
2082,281,9875,1457404,1457685
6694,281,9954,1457345,1457626
3753,282,8200,1459119,1459401
8184,282,8200,1459140,1459422
5514,282,8211,1459150,1459432
7599,282,8230,1459152,1459434
9317,282,8269,1459134,1459416
7465,282,8292,1459132,1459414
5416,282,8319,1459126,1459408
5145,282,8359,1459107,1459389
7712,282,8380,1459107,1459389
6908,282,8504,1459004,1459286
5702,282,8743,1458786,1459068
7025,282,8982,1458568,1458850
1424,282,9025,1458546,1458828
8929,282,9027,1458565,1458847
1910,282,9290,1458323,1458605
3611,282,9487,1458147,1458429
5348,282,9530,1458125,1458407
8030,282,9535,1458141,1458423
8147,282,9553,1458144,1458426
3431,282,9587,1458131,1458413
9572,282,9616,1458123,1458405
9343,282,9624,1458136,1458418
4559,282,9658,1458123,1458405
2267,282,9710,1458092,1458374
5799,282,9852,1457971,1458253
5518,282,9856,1457988,1458270
8038,282,9865,1458000,1458282
1971,282,9980,1457906,1458188
1798,283,8032,1471803,1472086
5802,283,8080,1471756,1472039
4059,283,8133,1471704,1471987
4277,283,8135,1471703,1471986
8180,283,8169,1471670,1471953
8739,283,8206,1471634,1471917
6136,283,8257,1471584,1471867
2209,283,8265,1471577,1471860
4575,283,8284,1471559,1471842
6463,283,8342,1471502,1471785
4292,283,8438,1471407,1471690
7420,283,8451,1471395,1471678
5148,283,8616,1471231,1471514
7674,283,8671,1471177,1471460
5124,283,8738,1471111,1471394
5530,283,8880,1470970,1471253
2317,283,8885,1470966,1471249
2450,283,8901,1470951,1471234
2247,283,8905,1470948,1471231
1900,283,8941,1470913,1471196
7808,283,8944,1470911,1471194
5091,283,8977,1470879,1471162
8606,283,8981,1470876,1471159
6628,283,8999,1470859,1471142
9772,283,9111,1470748,1471031
2180,283,9127,1470733,1471016
9355,283,9150,1470711,1470994
2106,283,9173,1470689,1470972
1352,283,9187,1470676,1470959
5048,283,9218,1470646,1470929
4306,283,9228,1470637,1470920
3682,283,9273,1470593,1470876
4396,283,9296,1470571,1470854
5591,283,9330,1470538,1470821
8087,283,9338,1470531,1470814
5881,283,9350,1470520,1470803
1989,283,9393,1470478,1470761
4610,283,9424,1470448,1470731
6700,283,9492,1470381,1470664
7156,283,9578,1470296,1470579
8255,283,9664,1470211,1470494
2502,283,9896,1469980,1470263
2341,283,9914,1469963,1470246
2534,284,8043,1471835,1472119
2021,284,8084,1471796,1472080
3487,284,8201,1471681,1471965
2225,284,8280,1471604,1471888
2661,284,8305,1471581,1471865
6344,284,8328,1471560,1471844
6318,284,8345,1471545,1471829
5266,284,8525,1471367,1471651
8639,284,8583,1471311,1471595
3608,284,8622,1471274,1471558
2964,284,8771,1471127,1471411
7790,284,8781,1471119,1471403
9556,284,8920,1470982,1471266
7970,284,8923,1470981,1471265
7766,284,8942,1470964,1471248
3962,284,9043,1470865,1471149
7091,284,9211,1470699,1470983
8328,284,9215,1470697,1470981
9695,284,9237,1470677,1470961
6593,284,9257,1470659,1470943
2764,284,9387,1470531,1470815
4018,284,9531,1470389,1470673
4838,284,9690,1470232,1470516
4599,284,9708,1470216,1470500
1136,284,9734,1470192,1470476
5448,284,9741,1470187,1470471
2798,284,9808,1470122,1470406
2888,284,9814,1470118,1470402
6657,284,9946,1469988,1470272
7077,284,9958,1469978,1470262
9321,285,8042,1471896,1472181
2228,285,8048,1471893,1472178
2917,285,8078,1471866,1472151
7280,285,8172,1471775,1472060
4468,285,8228,1471722,1472007
7291,285,8329,1471624,1471909
1621,285,8357,1471599,1471884
2255,285,8373,1471586,1471871
2549,285,8404,1471558,1471843
5589,285,8595,1471370,1471655
8901,285,8641,1471327,1471612
2173,285,8667,1471304,1471589
2879,285,8708,1471266,1471551
7458,285,8739,1471238,1471523
1341,285,8796,1471184,1471469
3792,285,8859,1471124,1471409
4636,285,8896,1471090,1471375
4203,285,8914,1471075,1471360
4782,285,8952,1471040,1471325
8471,285,8988,1471007,1471292
3037,285,9019,1470979,1471264
8718,285,9028,1470973,1471258
4929,285,9038,1470966,1471251
3586,285,9055,1470952,1471237
8989,285,9127,1470883,1471168
1191,285,9155,1470858,1471143
7785,285,9392,1470624,1470909
8044,285,9488,1470531,1470816
3819,285,9685,1470337,1470622
3188,285,9716,1470309,1470594
3955,285,9749,1470279,1470564
5737,285,9787,1470244,1470529
2552,285,9889,1470145,1470430
2353,285,9917,1470120,1470405
2342,285,9919,1470121,1470406
5603,286,8010,1472033,1472319
5926,286,8069,1471978,1472264
9278,286,8069,1471982,1472268
8960,286,8167,1471888,1472174
6198,286,8202,1471857,1472143
9651,286,8220,1471843,1472129
9731,286,8261,1471806,1472092
4946,286,8390,1471681,1471967
1690,286,8406,1471669,1471955
8731,286,8503,1471576,1471862
3436,286,8552,1471531,1471817
9623,286,8600,1471487,1471773
1537,286,8621,1471470,1471756
1362,286,8666,1471429,1471715
7243,286,8720,1471379,1471665
3718,286,8812,1471291,1471577
2779,286,8857,1471250,1471536
4555,286,8896,1471215,1471501
1327,286,8899,1471216,1471502
8121,286,9136,1470983,1471269
1886,286,9362,1470761,1471047
8719,286,9483,1470644,1470930
3824,286,9571,1470560,1470846
1963,286,9579,1470556,1470842
3410,286,9724,1470415,1470701
2938,286,9899,1470244,1470530
9842,286,9908,1470239,1470525
6359,287,8001,1472150,1472437
1158,287,8156,1472000,1472287
8821,287,8174,1471987,1472274
7844,287,8446,1471720,1472007
2059,287,8524,1471647,1471934
8883,287,8592,1471584,1471871
1318,287,8636,1471545,1471832
3910,287,8637,1471549,1471836
1998,287,8654,1471537,1471824
1392,287,8896,1471300,1471587
3676,287,8951,1471250,1471537
7402,287,9123,1471083,1471370
9767,287,9282,1470929,1471216
6108,287,9457,1470759,1471046
6321,287,9536,1470685,1470972
8009,287,9543,1470683,1470970
3123,287,9605,1470626,1470913
7393,287,9727,1470509,1470796
5227,287,9753,1470488,1470775
6313,287,9773,1470473,1470760
8095,287,9783,1470468,1470755
4376,287,9951,1470305,1470592
6750,288,8005,1472256,1472544
5186,288,8036,1472231,1472519
6933,288,8040,1472233,1472521
5621,288,8229,1472050,1472338
5865,288,8233,1472052,1472340
2034,288,8343,1471948,1472236
4723,288,8423,1471874,1472162
2874,288,8461,1471842,1472130
8138,288,8513,1471796,1472084
3925,288,8526,1471789,1472077
3769,288,8618,1471703,1471991
2016,288,8635,1471692,1471980
8152,288,8745,1471588,1471876
8002,288,8851,1471488,1471776
5003,288,8869,1471476,1471764
3526,288,8878,1471473,1471761
1192,288,8881,1471476,1471764
3138,288,8931,1471432,1471720
3016,288,8973,1471396,1471684
7508,288,8979,1471396,1471684
4210,288,9043,1471338,1471626
8322,288,9049,1471338,1471626
6274,288,9132,1471261,1471549
1401,288,9228,1471171,1471459
2461,288,9525,1470880,1471168
7539,288,9547,1470864,1471152
2101,288,9617,1470800,1471088
8530,288,9657,1470766,1471054
5404,288,9693,1470736,1471024
2509,288,9736,1470699,1470987
3121,288,9784,1470657,1470945
5433,288,9894,1470553,1470841
8518,288,9894,1470559,1470847
7710,289,8122,1472337,1472626
9878,289,8221,1472245,1472534
4484,289,8251,1472222,1472511
4871,289,8306,1472174,1472463
1695,289,8339,1472148,1472437
4549,289,8468,1472026,1472315
9619,289,8501,1472000,1472289
4083,289,8727,1471781,1472070
1619,289,8769,1471746,1472035
5090,289,8846,1471676,1471965
7045,289,8978,1471551,1471840
4918,289,9065,1471471,1471760
9123,289,9108,1471435,1471724
6289,289,9153,1471397,1471686
1184,289,9185,1471372,1471661
6877,289,9220,1471344,1471633
7024,289,9253,1471318,1471607
8581,289,9300,1471278,1471567
2094,289,9586,1470999,1471288
4561,289,9587,1471005,1471294
6023,289,9630,1470969,1471258
8268,289,9645,1470961,1471250
6752,289,9653,1470960,1471249
8528,289,9712,1470908,1471197
4869,289,9729,1470898,1471187
9422,289,9804,1470830,1471119
4683,289,9808,1470833,1471122
8858,289,9820,1470828,1471117
1129,289,9837,1470818,1471107
3531,289,9859,1470803,1471092
4774,289,9879,1470790,1471079
5414,289,9920,1470756,1471045
1006,290,8038,1472645,1472935
1002,290,8039,1472652,1472942
4105,290,8052,1472647,1472937
1139,290,8122,1472585,1472875
5496,290,8123,1472592,1472882
3069,290,8125,1472598,1472888
9863,290,8138,1472593,1472883
8555,290,8157,1472582,1472872
7800,290,8210,1472537,1472827
6446,290,8250,1472505,1472795
5766,290,8264,1472499,1472789
4136,290,8295,1472476,1472766
4112,290,8581,1472198,1472488
9449,290,8608,1472179,1472469
3400,290,8661,1472134,1472424
1418,290,8703,1472100,1472390
1652,290,8821,1471990,1472280
2881,290,9005,1471814,1472104
1564,290,9009,1471818,1472108
9912,290,9025,1471810,1472100
7404,290,9076,1471767,1472057
4534,290,9182,1471669,1471959
2884,290,9230,1471629,1471919
3303,290,9303,1471564,1471854
7229,290,9322,1471553,1471843
7901,290,9522,1471361,1471651
8507,290,9641,1471250,1471540
7356,290,9702,1471197,1471487
4495,290,9767,1471140,1471430
4568,290,9770,1471145,1471435
8603,290,9883,1471040,1471330
5509,291,8050,1472881,1473172
4479,291,8150,1472790,1473081
3216,291,8200,1472749,1473040
6430,291,8344,1472614,1472905
9603,291,8357,1472610,1472901
1667,291,8368,1472608,1472899
4259,291,8393,1472592,1472883
5871,291,8470,1472524,1472815
4326,291,8530,1472473,1472764
5983,291,8550,1472462,1472753
4955,291,8748,1472273,1472564
3344,291,8750,1472280,1472571
3178,291,8789,1472250,1472541
5771,291,8812,1472236,1472527
9325,291,8813,1472244,1472535
6189,291,8865,1472201,1472492
4552,291,8909,1472166,1472457
5739,291,9117,1471967,1472258
1685,291,9144,1471949,1472240
5877,291,9157,1471945,1472236
4152,291,9179,1471932,1472223
9274,291,9312,1471808,1472099
3997,291,9401,1471728,1472019
5901,291,9418,1471720,1472011
5023,291,9567,1471580,1471871
6828,291,9568,1471588,1471879
3965,292,8029,1473136,1473428
3483,292,8083,1473092,1473384
3179,292,8103,1473082,1473374
8990,292,8182,1473013,1473305
7727,292,8243,1472962,1473254
7528,292,8313,1472902,1473194
5153,292,8481,1472744,1473036
1550,292,8522,1472713,1473005
3545,292,8567,1472678,1472970
4379,292,8617,1472638,1472930
7061,292,8636,1472629,1472921
5841,292,8652,1472623,1472915
8082,292,8820,1472465,1472757
1007,292,8824,1472471,1472763
7842,292,8902,1472403,1472695
3825,292,8977,1472338,1472630
9546,292,9137,1472188,1472480
4011,292,9139,1472196,1472488
1829,292,9140,1472205,1472497
2360,292,9154,1472201,1472493
8570,292,9187,1472178,1472470
2454,292,9265,1472110,1472402
8124,292,9280,1472105,1472397
8098,292,9310,1472085,1472377
4346,292,9392,1472013,1472305
2449,292,9399,1472016,1472308
4215,292,9496,1471929,1472221
4345,292,9527,1471908,1472200
4551,292,9535,1471910,1472202
9996,292,9561,1471894,1472186
8889,292,9608,1471857,1472149
5039,292,9728,1471747,1472039
5989,292,9755,1471730,1472022
5001,292,9822,1471673,1471965
7145,292,9824,1471681,1471973
7486,293,8026,1476029,1476322
1666,293,8036,1476020,1476313
1779,293,8061,1475996,1476289
3146,293,8219,1475839,1476132
1164,293,8258,1475801,1476094
7264,293,8258,1475802,1476095
9242,293,8262,1475799,1476092
7205,293,8313,1475749,1476042
4041,293,8405,1475658,1475951
7519,293,8408,1475656,1475949
3506,293,8420,1475645,1475938
6038,293,8539,1475527,1475820
6354,293,8583,1475484,1475777
5828,293,8658,1475410,1475703
1355,293,8738,1475331,1475624
3680,293,8777,1475293,1475586
9668,293,8838,1475233,1475526
6621,293,8847,1475225,1475518
4360,293,8951,1475122,1475415
8249,293,8990,1475084,1475377
1134,293,9008,1475067,1475360
2294,293,9138,1474938,1475231
4816,293,9221,1474856,1475149
6397,293,9245,1474833,1475126
8888,293,9295,1474784,1475077
6790,293,9478,1474602,1474895
2614,293,9535,1474546,1474839
3697,293,9535,1474547,1474840
3785,293,9600,1474483,1474776
7084,293,9663,1474421,1474714
1967,293,9849,1474236,1474529
1499,293,9872,1474214,1474507
3048,293,9930,1474157,1474450
9567,293,9989,1474099,1474392
5073,294,8128,1475961,1476255
6595,294,8253,1475838,1476132
7050,294,8308,1475785,1476079
6502,294,8323,1475772,1476066
6498,294,8389,1475708,1476002
7294,294,8434,1475665,1475959
9440,294,8490,1475611,1475905
5006,294,8519,1475584,1475878
4131,294,8580,1475525,1475819
8558,294,8584,1475523,1475817
7348,294,8667,1475442,1475736
6647,294,8733,1475378,1475672
1880,294,8736,1475377,1475671
7453,294,8736,1475379,1475673
6965,294,8819,1475298,1475592
6555,294,8830,1475289,1475583
8262,294,8831,1475290,1475584
7162,294,8949,1475174,1475468
3379,294,9224,1474901,1475195
6617,294,9255,1474872,1475166
3983,294,9297,1474832,1475126
3630,294,9323,1474808,1475102
8065,294,9408,1474725,1475019
7131,294,9419,1474716,1475010
5345,294,9505,1474632,1474926
1584,294,9519,1474620,1474914
2338,294,9584,1474557,1474851
4580,294,9640,1474503,1474797
6148,294,9860,1474285,1474579
2758,295,8090,1476057,1476352
8625,295,8119,1476031,1476326
9058,295,8163,1475990,1476285
8170,295,8176,1475980,1476275
6285,295,8253,1475906,1476201
8728,295,8488,1475674,1475969
2136,295,8585,1475580,1475875
6856,295,8621,1475547,1475842
2388,295,8672,1475499,1475794
3875,295,8740,1475434,1475729
8432,295,8785,1475392,1475687
6721,295,8832,1475348,1475643
3150,295,8947,1475236,1475531
4453,295,8974,1475212,1475507
7506,295,8974,1475215,1475510
7117,295,9049,1475143,1475438
3578,295,9051,1475144,1475439
2620,295,9052,1475146,1475441
2220,295,9129,1475072,1475367
5290,295,9131,1475073,1475368
7713,295,9149,1475058,1475353
4334,295,9236,1474974,1475269
4693,295,9244,1474969,1475264
9573,295,9251,1474965,1475260
3934,295,9411,1474808,1475103
1568,295,9434,1474788,1475083
7788,295,9442,1474783,1475078
5129,295,9498,1474730,1475025
8402,295,9518,1474713,1475008
6509,295,9599,1474635,1474930
3888,295,9639,1474598,1474893
9498,295,9661,1474579,1474874
4759,295,9679,1474564,1474859
6968,295,9769,1474477,1474772
6870,295,9771,1474478,1474773
7940,295,9854,1474398,1474693
1149,295,9877,1474378,1474673
6374,296,8032,1476226,1476522
1750,296,8069,1476193,1476489
7383,296,8157,1476109,1476405
2036,296,8196,1476074,1476370
1025,296,8369,1475905,1476201
9115,296,8383,1475895,1476191
1823,296,8434,1475848,1476144
8482,296,8455,1475831,1476127
6394,296,8465,1475825,1476121
7999,296,8520,1475774,1476070
4253,296,8650,1475648,1475944
7981,296,8665,1475637,1475933
6421,296,8839,1475467,1475763
2900,296,8854,1475456,1475752
8383,296,8917,1475397,1475693
8624,296,8959,1475359,1475655
4233,296,9032,1475290,1475586
5497,296,9093,1475233,1475529
2721,296,9118,1475212,1475508
8442,296,9157,1475177,1475473
5781,296,9301,1475037,1475333
7659,296,9351,1474991,1475287
7109,296,9422,1474924,1475220
2732,296,9519,1474831,1475127
8804,296,9746,1474608,1474904
1799,296,9764,1474594,1474890
8013,296,9795,1474567,1474863
5405,296,9820,1474546,1474842
3497,296,9827,1474543,1474839
7171,296,9922,1474452,1474748
9468,296,9936,1474442,1474738
1670,297,8028,1476846,1477143
8331,297,8190,1476685,1476982
2456,297,8216,1476660,1476957
5594,297,8311,1476566,1476863
4241,297,8377,1476501,1476798
2546,297,8393,1476486,1476783
6442,297,8459,1476421,1476718
5759,297,8512,1476369,1476666
6092,297,8522,1476360,1476657
2702,297,8558,1476325,1476622
1984,297,8708,1476176,1476473
4867,297,8715,1476170,1476467
5817,297,8721,1476165,1476462
7965,297,8766,1476121,1476418
7406,297,8802,1476086,1476383
9768,297,8854,1476035,1476332
8551,297,8896,1475994,1476291
9747,297,8904,1475987,1476284
1151,297,8944,1475948,1476245
2215,297,9249,1475644,1475941
7588,297,9421,1475473,1475770
3927,297,9480,1475415,1475712
6090,297,9531,1475365,1475662
4587,297,9590,1475307,1475604
5076,297,9623,1475275,1475572
4415,297,9709,1475190,1475487
8515,297,9801,1475099,1475396
9843,297,9826,1475075,1475372
7818,297,9972,1474930,1475227
6547,298,8137,1476766,1477064
7900,298,8147,1476758,1477056
7064,298,8203,1476704,1477002
7953,298,8340,1476569,1476867
7794,298,8369,1476542,1476840
5367,298,8494,1476419,1476717
8447,298,8628,1476287,1476585
5558,298,8664,1476253,1476551
2252,298,8669,1476250,1476548
6186,298,8714,1476207,1476505
1411,298,8728,1476195,1476493
5018,298,8847,1476078,1476376
6342,298,8932,1475995,1476293
6584,298,8993,1475936,1476234
3165,298,9053,1475878,1476176
6771,298,9071,1475862,1476160
9421,298,9072,1475863,1476161
6426,298,9082,1475855,1476153
2782,298,9101,1475838,1476136
5292,298,9186,1475755,1476053
9201,298,9277,1475666,1475964
5077,298,9302,1475643,1475941
1127,298,9360,1475587,1475885
1176,298,9421,1475528,1475826
5284,298,9442,1475509,1475807
9314,298,9516,1475437,1475735
7329,298,9628,1475327,1475625
2912,298,9766,1475191,1475489
8252,298,9768,1475191,1475489
9035,298,9898,1475063,1475361
2405,298,9908,1475055,1475353
5053,299,8028,1477063,1477362
8532,299,8041,1477051,1477350
8596,299,8057,1477036,1477335
3159,299,8214,1476880,1477179
2212,299,8251,1476844,1477143
2482,299,8412,1476684,1476983
7773,299,8489,1476608,1476907
6290,299,8502,1476596,1476895
1833,299,8607,1476492,1476791
1498,299,8712,1476388,1476687
3133,299,8717,1476384,1476683
2201,299,8741,1476361,1476660
7020,299,8761,1476342,1476641
1640,299,8774,1476330,1476629
8233,299,8860,1476245,1476544
3789,299,8985,1476121,1476420
2856,299,8988,1476119,1476418
8774,299,9096,1476012,1476311
7720,299,9128,1475981,1476280
5297,299,9165,1475945,1476244
6695,299,9234,1475877,1476176
6559,299,9328,1475784,1476083
6096,299,9395,1475718,1476017
4421,299,9612,1475502,1475801
9879,299,9650,1475465,1475764
1461,299,9700,1475416,1475715
4317,299,9733,1475384,1475683
7587,299,9858,1475260,1475559
7943,299,9882,1475237,1475536
2908,299,9969,1475151,1475450
5211,300,8084,1477070,1477370
5155,300,8099,1477056,1477356
1783,300,8143,1477013,1477313
5457,300,8170,1476987,1477287
6425,300,8350,1476808,1477108
5294,300,8365,1476794,1477094
3117,300,8411,1476749,1477049
1214,300,8501,1476660,1476960
6542,300,8518,1476644,1476944
3004,300,8608,1476555,1476855
9972,300,8625,1476539,1476839
5943,300,8643,1476522,1476822
5829,300,8735,1476431,1476731
5734,300,8739,1476428,1476728
4709,300,8771,1476397,1476697
7196,300,8854,1476315,1476615
9136,300,8899,1476271,1476571
2174,300,9004,1476167,1476467
8730,300,9095,1476077,1476377
3883,300,9208,1475965,1476265
4672,300,9264,1475910,1476210
7032,300,9278,1475897,1476197
8231,300,9319,1475857,1476157
1518,300,9335,1475842,1476142
1970,300,9528,1475650,1475950
3296,300,9590,1475589,1475889
9525,300,9650,1475530,1475830
8287,300,9651,1475530,1475830
6582,300,9668,1475514,1475814
7489,300,9699,1475484,1475784
1827,300,9711,1475473,1475773
2566,300,9861,1475324,1475624
2271,300,9965,1475221,1475521
1770,300,9976,1475211,1475511

Average Waiting Time = 702225

Average Turn Around Time = 702373
