Process,Burst Time,Arrival Time,Waiting Time,Turn Around Time
30,46,1,0,46
38,15,1,46,61
1,18,2,60,78
24,16,3,77,93
22,15,4,92,107
93,44,4,107,151
11,4,7,148,152
88,41,7,152,193
32,29,9,191,220
41,1,11,218,219
21,40,12,218,258
72,45,12,258,303
20,46,13,302,348
17,20,14,347,367
3,26,16,365,391
65,29,16,391,420
57,26,17,419,445
100,29,17,445,474
23,36,18,473,509
25,47,18,509,556
14,1,19,555,556
67,3,19,556,559
2,27,20,558,585
16,38,20,585,623
47,29,21,622,651
51,26,21,651,677
26,44,22,676,720
34,16,23,719,735
58,37,23,735,772
66,18,24,771,789
86,20,24,789,809
96,26,24,809,835
12,19,25,834,853
55,28,25,853,881
10,16,27,879,895
29,2,27,895,897
80,30,27,897,927
84,29,27,927,956
63,40,29,954,994
18,28,31,992,1020
81,11,31,1020,1031
37,9,32,1030,1039
90,36,33,1038,1074
7,8,34,1073,1081
27,27,34,1081,1108
44,31,35,1107,1138
28,1,36,1137,1138
15,43,38,1136,1179
36,35,40,1177,1212
35,45,42,1210,1255
8,30,43,1254,1284
40,48,44,1283,1331
59,40,45,1330,1370
85,44,45,1370,1414
4,16,49,1410,1426
71,35,49,1426,1461
95,20,49,1461,1481
912,148,50,710827,710975
79,39,51,1519,1558
5,9,52,1557,1566
110,183,52,975362,975545
857,10,53,1605,1615
50,21,54,1614,1635
64,39,54,1635,1674
68,23,55,1673,1696
54,47,56,1695,1742
442,48,56,1742,1790
477,145,56,710929,711074
542,264,56,1346762,1347026
70,16,58,1868,1884
94,24,58,1884,1908
375,88,58,398974,399062
899,191,58,975459,975650
985,170,58,975530,975700
33,19,59,2027,2046
60,22,59,2046,2068
612,65,60,2067,2132
809,132,60,711110,711242
811,241,60,1346822,1347063
489,49,62,2210,2259
46,5,63,2258,2263
623,130,63,711199,711329
83,15,64,2302,2317
97,49,64,2317,2366
207,287,64,1450073,1450360
39,23,65,2405,2428
61,48,65,2428,2476
456,271,65,1346898,1347169
53,41,66,2515,2556
69,36,66,2556,2592
9,3,67,2591,2594
49,16,67,2594,2610
87,29,67,2610,2639
183,37,67,2639,2676
539,107,67,399293,399400
74,7,68,2715,2722
76,35,69,2721,2756
78,7,69,2756,2763
196,213,69,1187208,1187421
45,36,70,2802,2838
577,110,70,399397,399507
717,87,70,399467,399554
729,75,70,2918,2993
217,13,71,2992,3005
121,143,72,711360,711503
75,2,73,3043,3045
126,290,73,1450111,1450401
77,36,74,3084,3120
91,19,74,3120,3139
298,46,74,3139,3185
649,2,74,3185,3187
89,36,75,3186,3222
92,26,77,3220,3246
173,193,77,975761,975954
602,198,77,975834,976032
823,14,77,3326,3340
316,293,78,1450156,1450449
989,230,78,1187332,1187562
959,151,80,711615,711766
99,48,81,3456,3504
42,30,82,3503,3533
52,17,82,3533,3550
276,205,82,1187398,1187603
82,15,83,3589,3604
424,148,85,711721,711869
860,235,85,1187440,1187675
760,12,86,3681,3693
19,1,87,3692,3693
712,277,87,1347027,1347304
62,5,88,3732,3737
454,205,88,1187552,1187757
798,269,88,1347103,1347372
849,116,88,400016,400132
13,25,89,3856,3881
56,50,90,3880,3930
73,27,90,3930,3957
98,37,90,3957,3994
274,160,90,711944,712104
321,30,91,4033,4063
426,36,91,4063,4099
48,10,93,4097,4107
43,24,95,4105,4129
390,223,97,1187628,1187851
794,65,98,4166,4231
937,55,98,4231,4286
6,25,99,4285,4310
31,47,99,4310,4357
714,211,100,1187688,1187899
480,229,103,1187736,1187965
787,164,103,976286,976450
841,62,103,4473,4535
815,222,104,1187804,1188026
292,187,105,976368,976555
215,151,106,712248,712399
502,111,106,400394,400505
933,80,106,4692,4772
866,71,107,4771,4842
398,228,108,1187862,1188090
894,202,108,1187930,1188132
435,8,109,4920,4928
675,299,109,1450178,1450477
872,8,109,4968,4976
916,94,109,400582,400676
300,69,111,5014,5083
523,38,111,5083,5121
148,251,112,1347188,1347439
194,249,112,1347239,1347488
840,34,114,5198,5232
907,230,114,1188086,1188316
537,103,116,400749,400852
682,91,116,400812,400903
562,146,117,712548,712694
767,291,122,1450224,1450515
941,191,123,976697,976888
184,265,124,1347316,1347581
460,116,124,401015,401131
758,163,125,976806,976969
844,38,126,5580,5618
169,2,130,5614,5616
306,224,130,1188220,1188444
297,152,131,712800,712952
339,190,132,976882,977072
200,295,133,1450264,1450559
237,228,133,1188321,1188549
408,8,133,5813,5821
546,183,133,977031,977214
713,161,133,977094,977255
494,220,134,1188388,1188608
629,132,135,713108,713240
965,66,135,5979,6045
163,288,136,1450316,1450604
742,29,137,6083,6112
622,236,138,1188484,1188720
385,11,139,6150,6161
422,75,139,6161,6236
453,217,139,1188559,1188776
525,33,139,6276,6309
113,196,140,977288,977484
308,164,140,977364,977528
687,56,140,6388,6444
359,74,141,6443,6517
396,68,141,6517,6585
598,222,142,1188613,1188835
947,135,142,713393,713528
253,251,143,1347442,1347693
218,206,147,1188710,1188916
935,292,147,1450353,1450645
382,151,149,713561,713712
862,255,149,1347527,1347782
889,181,149,977599,977780
547,46,150,6896,6942
688,58,151,6941,6999
335,121,152,713709,713830
595,150,154,713748,713898
942,78,155,7075,7153
376,201,157,1188826,1189027
388,186,157,977692,977878
822,4,157,7231,7235
311,253,158,1347573,1347826
632,125,161,713931,714056
634,135,164,713973,714108
268,156,165,714027,714183
344,218,168,1188896,1189114
651,183,168,977827,978010
786,137,170,714178,714315
162,209,174,1188948,1189157
213,152,174,714271,714423
331,266,176,1347608,1347874
521,233,177,1189034,1189267
535,46,177,7655,7701
796,46,177,7701,7747
226,21,179,7745,7766
209,180,183,977995,978175
779,180,184,978054,978234
659,1,187,7838,7839
271,142,188,714489,714631
304,227,188,1189096,1189323
807,9,189,7917,7926
190,74,190,7925,7999
693,217,190,1189161,1189378
138,2,193,8036,8038
952,136,193,714626,714762
204,51,194,8077,8128
439,179,195,978183,978362
871,175,195,978242,978417
997,246,195,1347655,1347901
589,294,196,1450356,1450650
731,101,196,402939,403040
897,16,196,8326,8342
608,19,198,8340,8359
203,284,200,1450406,1450690
265,284,201,1450449,1450733
252,254,203,1347813,1348067
238,107,206,403110,403217
510,110,206,403177,403287
514,253,206,1347864,1348117
413,211,207,1189441,1189652
175,165,208,978564,978729
833,124,209,715066,715190
663,104,211,403402,403506
212,227,215,1189484,1189711
957,74,217,8780,8854
923,298,218,1450476,1450774
908,150,221,715178,715328
122,18,222,8929,8947
836,73,223,8946,9019
950,95,223,403574,403669
999,77,223,9059,9136
119,96,224,403628,403724
112,68,225,9174,9242
996,162,225,978672,978834
552,133,227,715282,715415
604,66,227,9320,9386
391,241,229,1347934,1348175
630,80,230,9423,9503
563,70,231,9502,9572
782,285,231,1450521,1450806
618,216,232,1189654,1189870
755,218,233,1189709,1189927
639,258,234,1348010,1348268
455,53,235,9728,9781
880,12,235,9781,9793
812,12,236,9792,9804
417,133,239,715523,715656
635,160,239,715576,715736
281,110,240,404028,404138
587,166,243,978896,979062
703,34,245,9955,9989
976,217,247,1189793,1190010
199,95,248,404170,404265
594,34,249,10065,10099
887,261,249,1348053,1348314
332,23,250,10138,10161
854,5,250,10161,10166
305,160,251,715764,715924
367,132,254,715841,715973
718,146,254,715893,716039
370,21,255,10281,10302
487,283,256,1450541,1450824
177,114,257,404416,404530
732,161,257,979048,979209
189,279,260,1348143,1348422
327,199,263,979123,979322
351,134,263,716110,716244
101,277,265,1348217,1348494
421,80,265,10572,10652
603,63,265,10652,10715
445,255,266,1348293,1348548
793,106,266,404721,404827
667,282,267,1450573,1450855
601,149,270,716277,716426
972,187,271,979314,979501
233,211,272,1190065,1190276
386,173,272,979420,979593
926,1,274,10986,10987
801,229,275,1190113,1190342
949,64,275,11026,11090
642,159,277,716499,716658
817,133,277,716578,716711
172,281,278,1450604,1450885
259,286,278,1450645,1450931
720,209,278,1190259,1190468
914,194,278,979627,979821
962,249,278,1348456,1348705
674,130,280,716828,716958
504,239,283,1190343,1190582
558,234,287,1190418,1190652
333,292,288,1450681,1450973
541,60,288,11517,11577
751,196,288,979851,980047
349,72,289,11616,11688
149,138,290,717028,717166
301,164,290,979925,980089
420,201,291,1190528,1190729
330,272,292,1348531,1348803
404,25,293,11844,11869
694,288,294,1450727,1451015
394,168,296,980083,980251
468,26,297,11945,11971
461,179,298,980129,980308
134,100,299,405754,405854
757,14,299,12049,12063
885,197,299,980187,980384
155,64,301,12101,12165
568,79,301,12165,12244
902,45,301,12244,12289
536,262,303,1348632,1348894
222,233,306,1190674,1190907
269,63,307,12363,12426
416,57,309,12424,12481
783,19,309,12481,12500
641,251,311,1348686,1348937
726,129,311,717465,717594
904,102,311,406002,406104
451,111,314,406061,406172
830,28,314,12655,12683
832,85,314,406132,406217
129,103,317,406174,406277
221,56,317,12760,12816
681,236,317,1190776,1191012
934,280,317,1348731,1349011
585,97,319,406315,406412
146,169,320,980443,980612
781,65,324,12969,13034
762,73,325,13033,13106
771,257,326,1348802,1349059
211,247,329,1348856,1349103
342,228,330,1190959,1191187
958,149,330,717735,717884
392,104,331,406560,406664
533,45,331,13300,13345
132,20,332,13344,13364
167,217,332,1191025,1191242
548,266,332,1348900,1349166
790,133,334,717880,718013
749,10,336,13480,13490
336,119,340,406735,406854
144,236,341,1191113,1191349
927,92,341,406853,406945
154,97,343,406903,407000
943,88,344,406959,407047
262,148,346,717961,718109
518,286,346,1450723,1451009
886,45,346,13760,13805
284,63,347,13804,13867
986,276,347,1348991,1349267
206,298,348,1450767,1451065
513,186,348,980824,981010
701,70,348,13986,14056
915,232,349,1191301,1191533
186,65,350,14094,14159
223,165,350,980928,981093
881,254,350,1349104,1349358
554,67,351,14238,14305
153,127,352,718303,718430
384,108,352,407359,407467
628,67,353,14383,14450
633,180,353,981010,981190
135,135,354,718388,718523
495,207,354,1191408,1191615
968,81,354,407545,407626
325,4,356,14607,14611
362,93,357,407583,407676
273,183,358,981105,981288
340,217,358,1191451,1191668
315,4,359,14728,14732
677,127,359,718558,718685
870,170,361,981205,981375
150,184,362,981254,981438
607,127,362,718682,718809
777,284,362,1450811,1451095
964,8,365,14926,14934
877,26,366,14933,14959
982,119,366,407907,408026
403,251,367,1349181,1349432
418,189,367,981393,981582
637,155,368,718843,718998
647,73,369,15116,15189
267,245,370,1349229,1349474
310,2,370,15228,15230
145,3,372,15228,15231
512,235,372,1191614,1191849
258,224,373,1191688,1191912
474,69,375,15308,15377
572,19,375,15377,15396
705,98,375,408217,408315
708,172,375,981574,981746
176,160,376,719070,719230
567,79,376,15515,15594
380,59,377,15593,15652
545,141,377,719149,719290
826,10,377,15692,15702
171,233,379,1191746,1191979
527,18,379,15740,15758
586,275,381,1349263,1349538
918,228,381,1191857,1192085
365,145,382,719325,719470
475,271,382,1349337,1349608
648,49,382,15915,15964
888,229,382,1191964,1192193
242,202,383,1192032,1192234
429,294,383,1450834,1451128
313,78,384,16082,16160
991,252,384,1349446,1349698
329,116,386,408744,408860
890,207,388,1192149,1192356
896,25,389,16275,16300
205,36,390,16299,16335
198,300,392,1450879,1451179
272,66,394,16371,16437
151,251,395,1349527,1349778
449,65,395,16476,16541
188,237,397,1192267,1192504
379,215,397,1192344,1192559
395,94,400,409006,409100
501,39,400,16656,16695
837,78,406,16689,16767
940,237,406,1192390,1192627
553,145,407,719805,719950
168,26,408,16845,16871
802,277,408,1349565,1349842
105,7,409,16910,16917
473,144,409,719908,720052
620,32,409,16957,16989
109,146,410,719971,720117
348,30,411,17027,17057
656,94,412,409248,409342
883,158,414,720033,720191
939,205,415,1192498,1192703
136,29,416,17172,17201
734,126,416,720149,720275
165,38,418,17239,17277
746,123,418,720193,720316
973,115,419,409455,409570
322,295,420,1450911,1451206
763,240,420,1192578,1192818
230,4,424,17431,17435
111,271,425,1349665,1349936
448,285,425,1450961,1451246
852,34,425,17514,17548
346,81,427,409682,409763
319,1,429,17584,17585
735,93,429,409721,409814
814,46,429,17625,17671
706,145,430,720384,720529
827,148,430,720449,720597
556,60,431,17749,17809
616,90,431,409852,409942
728,222,435,1192723,1192945
769,300,435,1450996,1451296
557,236,436,1192824,1193060
987,185,437,982484,982669
141,161,438,982548,982709
497,153,438,720709,720862
788,3,439,18081,18084
875,196,440,982587,982783
856,195,441,982662,982857
431,53,442,18161,18214
818,297,442,1451049,1451346
741,197,445,982773,982970
920,37,445,18291,18328
893,80,446,18327,18407
898,51,447,18406,18457
990,247,447,1349834,1350081
661,163,449,982886,983049
853,12,450,18534,18546
954,19,451,18545,18564
846,230,452,1192964,1193194
244,133,453,721047,721180
285,115,454,410439,410554
381,4,454,18681,18685
719,166,454,982964,983130
529,267,455,1349873,1350140
107,155,459,721174,721329
256,195,459,983045,983240
775,17,459,18840,18857
317,258,462,1349933,1350191
361,217,462,1193104,1193321
254,251,463,1349990,1350241
838,159,464,721404,721563
979,106,465,410823,410929
409,68,466,19050,19118
571,247,467,1350037,1350284
850,107,469,410925,411032
816,61,470,19194,19255
876,177,472,983267,983444
606,196,473,983323,983519
353,99,475,411066,411165
580,134,476,721591,721725
772,200,477,983395,983595
509,88,478,411202,411290
644,111,478,411250,411361
792,166,478,983474,983640
181,68,480,19565,19633
314,76,480,19633,19709
360,106,481,411358,411464
664,69,481,19748,19817
910,224,482,1193221,1193445
270,266,483,1350068,1350334
522,13,485,19893,19906
530,205,485,1193322,1193527
806,280,486,1350131,1350411
922,40,489,19982,20022
157,193,490,983668,983861
835,222,490,1193402,1193624
956,215,490,1193464,1193679
318,287,492,1451056,1451343
579,198,492,983859,984057
627,134,492,722069,722203
789,93,495,411810,411903
463,282,496,1451099,1451381
930,36,497,20334,20370
696,235,502,1193587,1193822
753,260,502,1350275,1350535
373,208,503,1193701,1193909
293,63,505,20482,20545
236,13,507,20543,20556
774,91,507,412011,412102
369,200,510,984079,984279
593,92,513,412096,412188
354,219,514,1193738,1193957
492,231,514,1193797,1194028
724,166,516,984233,984399
723,58,518,20785,20843
407,188,519,984276,984464
483,224,520,1193862,1194086
672,199,520,984383,984582
901,207,520,1193926,1194133
401,248,521,1350316,1350564
636,7,522,21039,21046
142,146,523,722612,722758
662,177,523,984539,984716
831,297,523,1451114,1451411
347,58,524,21164,21222
869,224,524,1194049,1194273
932,54,524,21262,21316
995,245,525,1350400,1350645
491,293,527,1451167,1451460
278,195,529,984750,984945
574,194,530,984824,985018
414,196,532,984896,985092
722,298,532,1451215,1451513
839,5,532,21548,21553
795,137,534,723027,723164
859,223,538,1194219,1194442
133,182,540,985044,985226
486,92,544,412957,413049
925,100,545,413008,413108
864,60,546,21739,21799
892,294,547,1451258,1451552
865,203,550,1194310,1194513
879,46,550,21875,21921
861,212,551,1194352,1194564
450,267,554,1350536,1350803
704,176,554,985252,985428
193,253,556,1350601,1350854
756,225,556,1194479,1194704
873,230,556,1194544,1194774
249,159,557,723461,723620
540,46,558,22193,22239
511,221,560,1194610,1194831
551,6,560,22277,22283
476,76,561,22282,22358
605,38,562,22357,22395
185,74,563,22394,22468
891,135,563,723574,723709
921,37,564,22507,22544
520,2,565,22543,22545
532,135,568,723624,723759
115,223,569,1194662,1194885
813,242,569,1350641,1350883
929,263,569,1350683,1350946
992,1,569,22701,22702
277,203,571,1194803,1195006
498,40,571,22740,22780
312,275,572,1350743,1351018
152,280,574,1350816,1351096
936,116,574,413759,413875
645,41,575,22896,22937
275,31,576,22936,22967
670,143,577,723910,724053
747,116,577,413872,413988
984,35,577,23046,23081
255,258,578,1350892,1351150
197,52,580,23118,23170
251,31,580,23170,23201
399,36,585,23196,23232
592,162,587,985715,985877
761,270,588,1350940,1351210
613,197,592,985792,985989
438,243,593,1351005,1351248
488,179,593,985908,986087
500,61,595,23422,23483
824,245,595,1351046,1351291
243,134,597,724233,724367
423,288,597,1451262,1451550
279,27,599,23599,23626
621,2,599,23626,23628
975,112,599,414286,414398
919,93,600,414357,414450
478,157,601,724323,724480
867,146,603,724398,724544
519,205,604,1195093,1195298
610,17,604,23823,23840
764,229,605,1195137,1195366
227,21,606,23878,23899
733,215,606,1195205,1195420
214,199,607,986153,986352
538,71,609,23976,24047
851,53,611,24045,24098
590,33,613,24096,24129
685,174,613,986226,986400
611,9,614,24168,24177
104,203,616,1195250,1195453
459,4,616,24215,24219
358,110,617,414713,414823
245,100,618,414782,414882
565,292,618,1451289,1451581
192,12,619,24336,24348
116,87,620,414880,414967
419,165,620,986353,986518
791,168,622,986396,986564
496,127,623,724804,724931
993,181,623,986443,986624
555,102,624,415083,415185
576,282,624,1451335,1451617
671,290,628,1451373,1451663
804,278,629,1351217,1351495
900,68,630,24697,24765
960,140,630,725004,725144
909,94,631,415298,415392
400,60,632,24843,24903
730,55,632,24903,24958
174,292,636,1451415,1451707
447,29,637,24993,25022
178,75,639,25020,25095
967,244,639,1351325,1351569
295,82,643,415420,415502
744,269,643,1351365,1351634
219,30,644,25210,25240
234,152,644,725170,725322
131,142,645,725241,725383
652,194,647,986720,986914
994,195,647,986794,986989
437,14,649,25395,25409
528,172,649,986867,987039
638,45,651,25447,25492
264,69,654,25489,25558
507,143,654,725414,725557
828,163,654,986914,987077
485,117,656,415769,415886
334,244,658,1351419,1351663
366,32,658,25714,25746
928,172,658,986993,987165
288,47,659,25785,25832
588,233,659,1195570,1195803
524,294,661,1451442,1451736
953,61,666,25905,25966
225,242,667,1351494,1351736
584,98,667,416035,416133
195,101,669,416091,416192
1000,80,671,26081,26161
118,57,672,26160,26217
371,292,673,1451484,1451776
581,208,674,1195748,1195956
676,147,677,725774,725921
653,277,679,1351564,1351841
434,237,680,1195830,1196067
845,85,680,416341,416426
224,187,682,987301,987488
471,1,682,26487,26488
356,47,683,26487,26534
797,283,683,1451526,1451809
843,126,683,725995,726121
803,171,684,987406,987577
969,157,684,726080,726237
752,134,686,726155,726289
241,211,687,1195940,1196151
428,150,689,726246,726396
287,300,690,1451562,1451862
446,262,690,1351710,1351972
364,277,691,1351771,1352048
368,86,693,416813,416899
690,151,693,726432,726583
484,180,698,987603,987783
658,289,698,1451614,1451903
239,164,699,987702,987866
299,77,699,27118,27195
974,138,702,726614,726752
397,268,705,1351874,1352142
139,297,706,1451655,1451952
650,96,707,417125,417221
534,130,708,726746,726876
355,169,709,987816,987985
597,269,709,1351978,1352247
683,177,711,987903,988080
411,14,712,27502,27516
472,287,712,1451706,1451993
692,188,712,987999,988187
506,170,713,988066,988236
283,265,714,1352082,1352347
619,113,714,417494,417607
855,103,714,417567,417670
646,185,715,988154,988339
458,143,716,727108,727251
596,98,716,417708,417806
931,225,716,1196322,1196547
560,164,718,988256,988420
770,51,718,27950,28001
323,47,721,27998,28045
402,60,721,28045,28105
503,258,721,1352140,1352398
508,72,722,28144,28216
944,149,722,727285,727434
821,70,724,28254,28324
863,212,724,1196419,1196631
374,59,726,28362,28421
378,134,727,727389,727523
499,214,728,1196467,1196681
320,296,730,1451735,1452031
878,134,730,727520,727654
963,166,730,988448,988614
490,297,733,1451788,1452085
440,187,734,988530,988717
882,113,738,418224,418337
977,183,738,988593,988776
482,64,739,28768,28832
739,111,739,418336,418447
389,69,740,28871,28940
158,146,742,727722,727868
235,166,742,988652,988818
737,145,742,727828,727973
847,300,744,1451834,1452134
257,137,745,727930,728067
917,56,746,29134,29190
457,299,748,1451890,1452189
493,204,749,1196660,1196864
140,242,750,1352329,1352571
583,255,751,1352370,1352625
702,207,752,1196781,1196988
911,294,752,1451945,1452239
805,221,755,1196865,1197086
296,207,756,1196925,1197132
377,9,756,29500,29509
517,63,757,29508,29571
743,169,757,989043,989212
905,202,757,1196971,1197173
309,80,759,29649,29729
655,168,760,989129,989297
467,231,763,1197007,1197238
543,18,763,29805,29823
338,71,764,29822,29893
350,202,764,1197077,1197279
103,69,767,29930,29999
352,5,767,29999,30004
766,196,767,989250,989446
383,149,770,728522,728671
180,280,771,1352445,1352725
466,260,772,1352524,1352784
229,8,773,30158,30166
665,3,773,30166,30169
286,104,774,419252,419356
848,76,775,30207,30283
387,215,777,1197186,1197401
250,197,780,989433,989630
406,246,780,1352576,1352822
372,76,781,30397,30473
246,27,782,30472,30499
302,105,782,419428,419533
978,134,785,728776,728910
591,7,788,30573,30580
906,159,788,728827,728986
980,229,788,1197270,1197499
640,254,791,1352611,1352865
678,262,791,1352665,1352927
260,235,792,1197415,1197650
425,152,795,729059,729211
575,145,795,729131,729276
955,104,795,419800,419904
216,193,797,989693,989886
343,130,797,729234,729364
393,162,797,989766,989928
680,236,798,1197484,1197720
669,27,801,31047,31074
689,8,801,31074,31082
108,16,802,31081,31097
432,192,804,989841,990033
736,206,804,1197554,1197760
868,26,807,31172,31198
570,298,808,1451943,1452241
479,300,809,1452000,1452300
208,196,810,990027,990223
550,46,810,31315,31361
660,142,810,729551,729693
441,259,812,1352786,1353045
748,114,812,420287,420401
945,249,813,1352844,1353093
970,86,813,420400,420486
128,6,815,31556,31562
363,283,816,1452053,1452336
695,59,824,31593,31652
106,80,826,31650,31730
946,273,827,1352919,1353192
544,195,829,990244,990439
691,23,830,31806,31829
710,194,831,990317,990511
465,190,832,990390,990580
738,195,832,990460,990655
578,38,834,31945,31983
643,15,837,31980,31995
164,97,839,420660,420757
740,134,839,729904,730038
810,215,839,1197805,1198020
773,100,840,420796,420896
337,175,842,990565,990740
280,196,844,990618,990814
130,252,845,1352974,1353226
263,233,845,1197894,1198127
433,255,847,1353024,1353279
625,53,849,32343,32396
679,39,849,32396,32435
754,147,849,730188,730335
842,42,849,32475,32517
858,108,849,421087,421195
566,99,851,421153,421252
716,283,851,1452061,1452344
179,30,852,32634,32664
341,216,852,1198040,1198256
778,53,853,32703,32756
780,79,855,32754,32833
721,171,856,990882,991053
759,119,857,421326,421445
924,77,857,32911,32988
938,203,857,1198091,1198294
626,81,860,421442,421523
117,93,861,421482,421575
231,57,862,33103,33160
481,201,863,1198128,1198329
776,133,863,730441,730574
182,92,865,421611,421703
569,261,865,1353101,1353362
137,70,866,33316,33386
526,65,866,33386,33451
988,43,866,33451,33494
614,293,868,1452087,1452380
191,169,870,991079,991248
981,193,870,991128,991321
415,157,871,730646,730803
874,130,871,730723,730853
324,44,874,33686,33730
615,38,877,33727,33765
707,47,879,33763,33810
715,192,879,991192,991384
247,88,881,421927,422015
505,244,881,1353186,1353430
120,133,882,730842,730975
307,68,884,33965,34033
727,275,884,1353227,1353502
201,285,886,1452122,1452407
452,33,887,34110,34143
202,222,888,1198344,1198566
290,57,888,34182,34239
709,25,891,34236,34261
785,249,891,1353335,1353584
114,202,892,1198442,1198644
430,215,894,1198482,1198697
631,210,894,1198537,1198747
819,150,895,731162,731312
561,175,897,991566,991741
564,226,897,1198584,1198810
961,189,898,991660,991849
600,237,900,1198647,1198884
784,287,900,1452153,1452440
170,228,902,1198762,1198990
971,129,902,731465,731594
248,121,903,731513,731634
768,267,903,1353412,1353679
808,26,905,34807,34833
998,84,906,422710,422794
291,151,907,731590,731741
913,146,911,731657,731803
765,188,912,991875,992063
725,216,916,1198856,1199072
143,172,917,991978,992150
326,88,917,422943,423031
711,202,920,1198908,1199110
220,299,921,1452179,1452478
884,90,923,423065,423155
125,113,924,423114,423227
160,156,924,731910,732066
668,226,927,1198983,1199209
948,59,927,35331,35390
166,61,930,35387,35448
684,46,934,35444,35490
147,124,936,732014,732138
427,290,938,1452221,1452511
232,55,940,35564,35619
464,235,941,1199075,1199310
266,6,943,35656,35662
599,22,943,35662,35684
698,48,944,35683,35731
582,140,945,732129,732269
410,129,946,732188,732317
210,8,948,35807,35815
470,81,948,423443,423524
289,132,949,732234,732366
294,104,950,423522,423626
657,17,950,35933,35950
654,222,951,1199140,1199362
895,42,951,35989,36031
700,234,952,1199201,1199435
820,214,952,1199275,1199489
951,178,952,992315,992493
303,4,954,36148,36152
357,55,954,36152,36207
686,294,954,1452255,1452549
983,223,956,1199365,1199588
282,185,957,992448,992633
799,174,957,992513,992687
825,162,957,992567,992729
261,178,959,992607,992785
444,4,960,36441,36445
531,266,960,1353542,1353808
573,186,960,992704,992890
673,88,962,424054,424142
161,135,964,732751,732886
559,98,965,424139,424237
666,9,965,36640,36649
240,155,966,732804,732959
102,77,967,36687,36764
750,233,968,1199456,1199689
187,177,969,992801,992978
412,243,969,1353599,1353842
624,224,969,1199568,1199792
228,170,971,992936,993106
156,291,972,1452291,1452582
834,104,973,424469,424573
697,163,974,993023,993186
609,80,975,37076,37156
462,190,983,993057,993247
159,89,985,424601,424690
515,220,985,1199656,1199876
469,41,986,37265,37306
829,187,987,993163,993350
903,73,987,37345,37418
443,274,988,1353663,1353937
549,294,989,1452325,1452619
345,173,990,993307,993480
800,125,991,733374,733499
124,41,993,37572,37613
436,37,993,37613,37650
127,15,994,37649,37664
328,98,994,424881,424979
405,105,994,424939,425044
617,175,994,993356,993531
745,82,996,425042,425124
516,15,998,37820,37835
123,137,999,733451,733588
699,92,999,425121,425213
966,19,999,37914,37933
1334,186,8000,986405,986591
5374,182,8000,986471,986653
6485,161,8000,986533,986694
8254,42,8000,31052,31094
1428,198,8001,986573,986771
4178,51,8001,31133,31184
6359,287,8001,1445367,1445654
7034,197,8001,986691,986888
4482,235,8002,1192819,1193054
5675,1,8002,31303,31304
8643,2,8002,31304,31306
8887,133,8002,726785,726918
9247,276,8002,1346803,1347079
4605,134,8003,726877,727011
9982,48,8003,31425,31473
1598,43,8004,31472,31515
2990,14,8004,31515,31529
3073,186,8004,986845,987031
3834,109,8004,418608,418717
6527,143,8004,726970,727113
6656,142,8004,727033,727175
7531,95,8004,418757,418852
8866,222,8004,1192932,1193154
1052,141,8005,727134,727275
1163,200,8005,986950,987150
1839,207,8005,1192993,1193200
3882,48,8005,31888,31936
5567,58,8005,31936,31994
5851,54,8005,31994,32048
6750,288,8005,1445410,1445698
9570,240,8005,1193080,1193320
3470,157,8006,727354,727511
9480,238,8006,1193159,1193397
4228,123,8007,727470,727593
5410,254,8007,1346914,1347168
6959,148,8007,727553,727701
8305,172,8007,987228,987400
3748,151,8008,727660,727811
4917,20,8008,32405,32425
6639,195,8008,987279,987474
9191,157,8008,727771,727928
2688,160,8009,727847,728007
5539,157,8009,727927,728084
5821,15,8009,32584,32599
2826,193,8010,987352,987545
3049,218,8010,1193273,1193491
5603,286,8010,1445453,1445739
7648,12,8010,32718,32730
9836,27,8010,32730,32757
1709,174,8011,987504,987678
2348,43,8011,32796,32839
4602,237,8011,1193370,1193607
5571,19,8011,32879,32898
6143,203,8011,1193447,1193650
7359,94,8011,419725,419819
9202,141,8011,728242,728383
2878,215,8012,1193489,1193704
6151,213,8012,1193544,1193757
8269,207,8012,1193597,1193804
9064,88,8012,419938,420026
9349,84,8012,419986,420070
2152,155,8013,728421,728576
4174,164,8013,987756,987920
4319,179,8013,987800,987979
5903,111,8013,420149,420260
6228,248,8013,1347002,1347250
3779,204,8014,1193682,1193886
6884,259,8014,1347049,1347308
7454,4,8014,33495,33499
9105,30,8014,33499,33529
2636,221,8015,1193765,1193986
5141,236,8015,1193826,1194062
9434,250,8015,1347107,1347357
9895,170,8015,988097,988267
2003,152,8016,728853,729005
3707,163,8016,988146,988309
5115,57,8016,33767,33824
5487,173,8016,988189,988362
9735,81,8016,420617,420698
3447,165,8017,988241,988406
5182,174,8017,988286,988460
9849,201,8017,1193940,1194141
5324,48,8018,34022,34070
8229,208,8018,1193980,1194188
1122,259,8019,1347153,1347412
1648,36,8019,34149,34185
3260,213,8019,1194067,1194280
3408,71,8020,34224,34295
5688,18,8020,34295,34313
9826,36,8020,34313,34349
2273,65,8021,34348,34413
2340,245,8021,1347210,1347455
2397,109,8021,420933,421042
5780,32,8021,34493,34525
6147,173,8021,988536,988709
8071,83,8021,421042,421125
2987,91,8022,421084,421175
4477,257,8022,1347254,1347511
6452,2,8022,34684,34686
7910,200,8022,988628,988828
8714,108,8022,421215,421323
1413,6,8023,34765,34771
6597,128,8023,729398,729526
6977,16,8023,34811,34827
9454,248,8023,1347310,1347558
9868,82,8023,421362,421444
1210,141,8024,729485,729626
8746,112,8024,421443,421555
5844,158,8025,729545,729703
6336,261,8025,1347356,1347617
6862,27,8025,35065,35092
4448,181,8026,988784,988965
4538,257,8026,1347416,1347673
5527,251,8026,1347473,1347724
6301,13,8026,35211,35224
7486,293,8026,1445483,1445776
3203,218,8027,1194392,1194610
4209,46,8027,35303,35349
5562,59,8027,35349,35408
6635,120,8027,421792,421912
8119,2,8027,35448,35450
9814,254,8027,1347563,1347817
1487,67,8028,35489,35556
1670,297,8028,1445534,1445831
5053,299,8028,1445591,1445890
6174,84,8028,421991,422075
7855,169,8028,989123,989292
1294,238,8029,1194568,1194806
3965,292,8029,1445649,1445941
4901,181,8029,989251,989432
9788,176,8029,989312,989488
2719,80,8030,35874,35954
7747,12,8030,35954,35966
2511,143,8031,730177,730320
5093,8,8031,36005,36013
5478,250,8031,1347733,1347983
5645,58,8031,36053,36111
5813,112,8031,422312,422424
5868,128,8031,730280,730408
5938,198,8031,989406,989604
6999,176,8031,989484,989660
8112,165,8031,989540,989705
8395,170,8031,989585,989755
8732,269,8031,1347783,1348052
9725,136,8031,730528,730664
1307,172,8032,989674,989846
1798,283,8032,1445698,1445981
6374,296,8032,1445741,1446037
7272,186,8032,989806,989992
9172,174,8032,989872,990046
9897,238,8032,1194843,1195081
3584,76,8033,36669,36745
3727,233,8033,1194920,1195153
6869,8,8033,36785,36793
8084,191,8033,990005,990196
9659,28,8033,36833,36861
9212,59,8034,36860,36919
2383,15,8035,36918,36933
2570,3,8035,36933,36936
3070,186,8035,990074,990260
8277,208,8035,1194991,1195199
1115,117,8036,423059,423176
1666,293,8036,1445793,1446086
4446,243,8036,1347967,1348210
5078,193,8036,990259,990452
5186,288,8036,1445846,1446134
6491,276,8036,1348050,1348326
3861,259,8037,1348125,1348384
1006,290,8038,1445892,1446182
2436,108,8038,423414,423522
4182,219,8038,1195276,1195495
4493,58,8038,37413,37471
1002,290,8039,1445941,1446231
1755,195,8039,990569,990764
2334,59,8039,37550,37609
3714,151,8039,731376,731527
6926,257,8039,1348262,1348519
1802,272,8040,1348318,1348590
2257,102,8040,423720,423822
4530,42,8040,37768,37810
6270,22,8040,37810,37832
6933,288,8040,1445990,1446278
8417,144,8040,731566,731710
2422,242,8041,1348429,1348671
7082,169,8041,990802,990971
8078,219,8041,1195532,1195751
8532,299,8041,1446037,1446336
2421,250,8042,1348510,1348760
2813,215,8042,1195670,1195885
5052,89,8042,424100,424189
5401,77,8042,38190,38267
7004,235,8042,1195725,1195960
8364,142,8042,731908,732050
9321,285,8042,1446095,1446380
2277,46,8043,38386,38432
2534,284,8043,1446139,1446423
3547,57,8043,38472,38529
4168,41,8043,38529,38570
4340,241,8043,1348639,1348880
7029,150,8043,732089,732239
1230,19,8044,38649,38668
2755,205,8044,1195918,1196123
7972,144,8044,732198,732342
9029,102,8044,424467,424569
9469,149,8044,732262,732411
9517,9,8044,38828,38837
1020,178,8045,991207,991385
6614,37,8045,38876,38913
9319,241,8045,1348678,1348919
1767,34,8046,38952,38986
2026,236,8046,1196001,1196237
4741,52,8046,39026,39078
5108,86,8046,424687,424773
7746,191,8046,991344,991535
8648,53,8046,39158,39211
5954,255,8047,1348717,1348972
6644,21,8047,39250,39271
2228,285,8048,1446178,1446463
3346,280,8048,1348811,1349091
6193,265,8048,1348891,1349156
6713,3,8048,39390,39393
6904,251,8048,1348956,1349207
8276,107,8048,424971,425078
9660,100,8048,425038,425138
1882,35,8049,39512,39547
7760,177,8049,991612,991789
1189,170,8050,991668,991838
4414,4,8050,39626,39630
5509,291,8050,1446221,1446512
6805,125,8051,732804,732929
7157,218,8051,1196312,1196530
1378,184,8052,991796,991980
1585,116,8052,425334,425450
4105,290,8052,1446270,1446560
6587,198,8052,991900,992098
8102,79,8052,39908,39987
4349,265,8053,1349082,1349347
4655,237,8053,1196448,1196685
9356,111,8053,425569,425680
9419,83,8053,425640,425723
3523,248,8054,1349146,1349394
5158,156,8054,733126,733282
6848,197,8054,992096,992293
7984,35,8054,40265,40300
8524,51,8054,40300,40351
1926,81,8055,425801,425882
5420,215,8055,1196563,1196778
5653,147,8055,733281,733428
6822,69,8055,40470,40539
2892,262,8056,1349192,1349454
5967,168,8056,992251,992419
1040,174,8057,992298,992472
2596,80,8057,40657,40737
2675,101,8057,426040,426141
3039,116,8057,426101,426217
3881,46,8057,40817,40863
8596,299,8057,1446315,1446614
2168,116,8058,426216,426332
2968,187,8058,992391,992578
6240,210,8058,1196695,1196905
9669,246,8058,1349292,1349538
1785,155,8059,733624,733779
6931,97,8059,426451,426548
9829,75,8059,41141,41216
1942,179,8060,992536,992715
2593,105,8060,426547,426652
3478,177,8060,992595,992772
6294,261,8060,1349336,1349597
9230,221,8060,1196823,1197044
1779,293,8061,1446370,1446663
2653,103,8061,426771,426874
4004,13,8061,41494,41507
6992,64,8061,41507,41571
4104,202,8063,1196921,1197123
7093,42,8063,41609,41651
7913,115,8063,426872,426987
1014,212,8064,1196962,1197174
7149,104,8064,426986,427090
8340,274,8064,1349433,1349707
2063,98,8065,427089,427187
4858,138,8065,734013,734151
6260,208,8065,1197053,1197261
2744,8,8066,41928,41936
4363,172,8066,992926,993098
6484,25,8066,41976,42001
3312,206,8067,1197099,1197305
9597,193,8067,993017,993210
9678,273,8067,1349504,1349777
2286,92,8068,427384,427476
2777,147,8068,734268,734415
3841,5,8068,42199,42204
8426,50,8068,42204,42254
8575,165,8068,993129,993294
8817,146,8068,734375,734521
1750,296,8069,1446415,1446711
5654,158,8069,734480,734638
5926,286,8069,1446471,1446757
9278,286,8069,1446517,1446803
9809,111,8069,427715,427826
1053,88,8070,427785,427873
1290,49,8070,42572,42621
3632,69,8070,42621,42690
3868,135,8070,734637,734772
9256,201,8070,1197302,1197503
2738,267,8071,1349693,1349960
9129,37,8071,42809,42846
8578,228,8072,1197381,1197609
8762,39,8072,42885,42924
9381,223,8072,1197449,1197672
3609,46,8073,42963,43009
4338,96,8073,428030,428126
5471,190,8073,993449,993639
7840,1,8073,43089,43090
8767,96,8073,428126,428222
9042,143,8073,734889,735032
9153,177,8073,993519,993696
1121,6,8074,43209,43215
3938,64,8074,43215,43279
4037,217,8074,1197510,1197727
4364,30,8074,43319,43349
4554,232,8074,1197567,1197799
4786,78,8074,43389,43467
5037,41,8074,43467,43508
7487,204,8074,1197639,1197843
9877,2,8074,43548,43550
3257,54,8075,43549,43603
3956,58,8075,43603,43661
8884,5,8075,43661,43666
1241,18,8076,43665,43683
4367,87,8076,428379,428466
8024,156,8076,735109,735265
8106,257,8076,1349755,1350012
8148,137,8076,735225,735362
1643,199,8077,993732,993931
4147,226,8077,1197720,1197946
7614,69,8077,43922,43991
9635,30,8077,43991,44021
2917,285,8078,1446554,1446839
3245,159,8078,735400,735559
4841,105,8078,428704,428809
4410,154,8079,735478,735632
5614,189,8079,993889,994078
2008,32,8080,44218,44250
2086,156,8080,735591,735747
2863,211,8080,1197823,1198034
3917,28,8080,44330,44358
4603,115,8080,428927,429042
5802,283,8080,1446597,1446880
9656,148,8080,735747,735895
2000,159,8081,735814,735973
3226,75,8081,44517,44592
4747,27,8081,44592,44619
7467,55,8081,44619,44674
8509,159,8081,735893,736052
9746,18,8081,44714,44732
3118,244,8082,1349886,1350130
3804,264,8082,1349930,1350194
4274,236,8082,1197992,1198228
5706,54,8082,44851,44905
6187,148,8082,736091,736239
6199,241,8082,1349994,1350235
8076,6,8082,44985,44991
1744,164,8083,994194,994358
1994,18,8083,45030,45048
3483,292,8083,1446637,1446929
5569,251,8083,1350074,1350325
6076,265,8083,1350125,1350390
1991,145,8084,736357,736502
2021,284,8084,1446688,1446972
4220,72,8084,45247,45319
4576,15,8084,45319,45334
5211,300,8084,1446732,1447032
9429,6,8084,45374,45380
3318,235,8085,1198305,1198540
5863,242,8085,1350268,1350510
8133,106,8085,429717,429823
9079,5,8085,45499,45504
9641,81,8085,429783,429864
2404,265,8086,1350309,1350574
2786,9,8086,45583,45592
3420,273,8086,1350374,1350647
3701,95,8086,429903,429998
4682,17,8086,45672,45689
5286,63,8086,45689,45752
5966,241,8086,1350447,1350688
9563,29,8086,45792,45821
9617,147,8086,736700,736847
2930,228,8087,1198538,1198766
8824,12,8087,45900,45912
8961,73,8087,45912,45985
8996,142,8087,736806,736948
9928,83,8087,430117,430200
1302,88,8088,430159,430247
2772,68,8088,46104,46172
6868,94,8088,430207,430301
3464,62,8089,46211,46273
4988,274,8089,1350485,1350759
8117,243,8089,1350559,1350802
2758,295,8090,1446786,1447081
2319,47,8091,46391,46438
3595,132,8091,736984,737116
6801,253,8091,1350640,1350893
7490,106,8091,430458,430564
1589,31,8092,46557,46588
7595,201,8092,1198761,1198962
2235,76,8093,46627,46703
2862,38,8093,46703,46741
3225,105,8093,430562,430667
4213,93,8093,430627,430720
5299,100,8093,430680,430780
6438,241,8093,1350691,1350932
8537,42,8093,46901,46943
8586,45,8093,46943,46988
8986,58,8093,46988,47046
4167,91,8094,430779,430870
5034,77,8094,47085,47162
5161,66,8094,47162,47228
7694,171,8094,994907,995078
9066,250,8094,1350731,1350981
2545,13,8095,47307,47320
7696,235,8095,1198879,1199114
7836,153,8095,737272,737425
2514,192,8096,995036,995228
3876,32,8096,47439,47471
5991,85,8096,431028,431113
7299,30,8096,47511,47541
5510,23,8097,47540,47563
4008,134,8098,737382,737516
4689,266,8098,1350777,1351043
5009,85,8098,431151,431236
6783,81,8098,431196,431277
9022,227,8098,1198991,1199218
2548,235,8099,1199057,1199292
5155,300,8099,1446832,1447132
6709,248,8099,1350882,1351130
1339,56,8100,47880,47936
4478,174,8100,995304,995478
9560,152,8100,737674,737826
2068,240,8101,1199210,1199450
3327,24,8101,48055,48079
3424,138,8101,737785,737923
3460,123,8101,737843,737966
7664,268,8101,1350928,1351196
9392,268,8101,1350996,1351264
1394,43,8102,48238,48281
5081,125,8102,737965,738090
7027,4,8102,48321,48325
8980,70,8102,48325,48395
2709,81,8103,431712,431793
3179,292,8103,1446888,1447180
4797,215,8103,1199408,1199623
5750,42,8103,48514,48556
6549,241,8103,1351102,1351343
7935,165,8103,995595,995760
9407,175,8103,995640,995815
1118,141,8104,738208,738349
3575,248,8104,1351142,1351390
4756,230,8104,1199542,1199772
5453,39,8104,48795,48834
7744,136,8104,738349,738485
4828,120,8105,432111,432231
6286,278,8105,1351189,1351467
6548,66,8105,48953,49019
7068,11,8105,49019,49030
7590,281,8105,1446938,1447219
3790,270,8106,1351306,1351576
7902,57,8106,49109,49166
9399,175,8106,995892,996067
2730,139,8107,738562,738701
3536,97,8107,432389,432486
4667,187,8107,995946,996133
9313,113,8107,432486,432599
2905,185,8108,996012,996197
6819,181,8108,996077,996258
8035,127,8108,738740,738867
1893,143,8109,738786,738929
3321,72,8109,49523,49595
5740,139,8109,738849,738988
6381,82,8109,432757,432839
8362,208,8109,1199727,1199935
2120,48,8110,49714,49762
2816,45,8110,49762,49807
5317,121,8110,738947,739068
6406,216,8110,1199774,1199990
7652,79,8110,49887,49966
9443,199,8110,996216,996415
9819,18,8110,50006,50024
1692,250,8111,1351371,1351621
7147,229,8111,1199869,1200098
8390,129,8111,739147,739276
9565,3,8111,50143,50146
1706,187,8112,996373,996560
2601,144,8112,739235,739379
3903,186,8112,996440,996626
6772,231,8112,1199937,1200168
6024,218,8114,1200006,1200224
8864,81,8114,433274,433355
1035,101,8115,433314,433415
2520,84,8115,433375,433459
4394,91,8115,433419,433510
6495,88,8115,433470,433558
7391,93,8115,433518,433611
2607,172,8116,996582,996754
4017,7,8116,50621,50628
4202,190,8116,996634,996824
4830,111,8116,433650,433761
9791,245,8116,1351416,1351661
3537,131,8117,739534,739665
6529,212,8117,1200101,1200313
9974,70,8117,50827,50897
2369,10,8118,50896,50906
2928,225,8118,1200152,1200377
4812,4,8118,50946,50950
5793,82,8118,433879,433961
6627,243,8118,1351459,1351702
9120,60,8118,51030,51090
4842,51,8119,51089,51140
5722,202,8119,1200256,1200458
8625,295,8119,1446965,1447260
9214,95,8119,434040,434135
3877,255,8120,1351540,1351795
7831,240,8120,1200377,1200617
8925,18,8120,51339,51357
1139,290,8122,1447017,1447307
2260,259,8122,1351633,1351892
2352,275,8122,1351692,1351967
6205,196,8122,997138,997334
7710,289,8122,1447067,1447356
1708,121,8123,740059,740180
5496,290,8123,1447115,1447405
9931,231,8123,1200654,1200885
1092,17,8124,51673,51690
4624,183,8124,997332,997515
5890,251,8124,1351845,1352096
6967,52,8124,51770,51822
8696,32,8124,51822,51854
8711,160,8124,740259,740419
8776,227,8124,1200764,1200991
1512,264,8125,1351895,1352159
2103,39,8125,51973,52012
2358,132,8125,740418,740550
3069,290,8125,1447163,1447453
4765,114,8125,434769,434883
5375,194,8125,997554,997748
7059,29,8125,52172,52201
7410,234,8125,1200910,1201144
8309,257,8126,1351998,1352255
9750,157,8126,740629,740786
1686,35,8127,52319,52354
3835,111,8127,435001,435112
3939,117,8127,435072,435189
5228,255,8127,1352054,1352309
5423,76,8127,52474,52550
8724,71,8127,52550,52621
8808,155,8127,740745,740900
2517,157,8128,740819,740976
2677,221,8128,1201061,1201282
2926,93,8128,435308,435401
4322,8,8128,52780,52788
5073,294,8128,1447210,1447504
4207,254,8129,1352147,1352401
2018,113,8130,435439,435552
2624,68,8130,52906,52974
3952,169,8130,997863,998032
1083,241,8131,1352199,1352440
7464,101,8131,435591,435692
9883,190,8131,997951,998141
1213,15,8132,53132,53147
9576,169,8132,998020,998189
9820,126,8132,741172,741298
1426,238,8133,1201237,1201475
2083,206,8133,1201315,1201521
4059,283,8133,1447259,1447542
5988,97,8133,435890,435987
6109,67,8133,53386,53453
8982,76,8133,53453,53529
9575,2,8133,53529,53531
1489,220,8134,1201400,1201620
4659,116,8134,435986,436102
5646,166,8134,998227,998393
6361,237,8134,1201460,1201697
8469,52,8134,53690,53742
2978,117,8135,436141,436258
4188,25,8135,53781,53806
4277,283,8135,1447300,1447583
4942,65,8135,53846,53911
5996,59,8135,53911,53970
6468,200,8135,998352,998552
7262,128,8135,741535,741663
7418,83,8135,436338,436421
9892,151,8135,741583,741734
1061,244,8136,1352315,1352559
5197,86,8136,436460,436546
9074,163,8136,998471,998634
5576,202,8137,1201614,1201816
6547,298,8137,1447341,1447639
5993,277,8138,1352397,1352674
9863,290,8138,1447398,1447688
2887,153,8139,741890,742043
4261,163,8139,998671,998834
8855,227,8139,1201774,1202001
9288,130,8139,742043,742173
9719,83,8139,436863,436946
3957,21,8140,54605,54626
6341,183,8140,998753,998936
8487,111,8140,436945,437056
9187,223,8140,1201840,1202063
6010,178,8141,998855,999033
8422,167,8141,998913,999080
9844,21,8141,54825,54846
9909,177,8141,998960,999137
2810,98,8142,437174,437272
2858,198,8142,999016,999214
6778,77,8142,54965,55042
1130,159,8143,742329,742488
1783,300,8143,1447443,1447743
3314,146,8143,742448,742594
6317,208,8143,1201940,1202148
6793,159,8143,742554,742713
6919,254,8143,1352549,1352803
7414,142,8143,742673,742815
1420,69,8144,55320,55389
1675,279,8144,1352602,1352881
9769,225,8144,1202067,1202292
1816,7,8145,55468,55475
3083,105,8145,437629,437734
4348,209,8145,1202131,1202340
6561,173,8146,999330,999503
7412,31,8146,55594,55625
1679,125,8147,742891,743016
2972,31,8147,55664,55695
3627,226,8147,1202178,1202404
4719,209,8147,1202244,1202453
5439,267,8147,1352678,1352945
6840,143,8147,743056,743199
7900,298,8147,1447499,1447797
8472,10,8147,55895,55905
6064,225,8148,1202372,1202597
6504,182,8148,999581,999763
9830,179,8148,999643,999822
4597,78,8149,56023,56101
9600,19,8149,56101,56120
2585,120,8150,438129,438249
2666,219,8150,1202435,1202654
2727,127,8150,743316,743443
4479,291,8150,1447554,1447845
7154,180,8150,999780,999960
8097,11,8150,56319,56330
9061,222,8150,1202534,1202756
1252,265,8151,1352821,1353086
3762,17,8151,56409,56426
4313,181,8151,999919,1000100
4910,221,8151,1202635,1202856
4945,78,8151,56506,56584
6921,270,8151,1352886,1353156
9759,162,8151,1000060,1000222
2370,259,8152,1352955,1353214
5465,44,8152,56703,56747
6991,221,8152,1202775,1202996
5803,221,8153,1202835,1203056
6150,250,8153,1353013,1353263
8319,89,8153,438766,438855
8512,253,8153,1353063,1353316
5269,84,8154,438854,438938
9194,281,8154,1447601,1447882
1473,169,8155,1000338,1000507
2320,113,8155,438977,439090
2337,53,8155,57104,57157
3990,257,8155,1353154,1353411
5157,51,8155,57197,57248
6073,256,8155,1353211,1353467
6117,130,8155,744038,744168
7146,56,8155,57328,57384
1158,287,8156,1447640,1447927
1264,197,8156,1000506,1000703
5703,233,8156,1203133,1203366
8075,102,8156,439289,439391
2923,234,8157,1203205,1203439
5236,57,8157,57582,57639
6462,15,8157,57639,57654
7360,54,8157,57654,57708
7383,296,8157,1447686,1447982
7417,193,8157,1000702,1000895
8555,290,8157,1447742,1448032
1742,160,8158,744365,744525
2802,87,8158,439549,439636
5519,235,8158,1203358,1203593
7686,204,8158,1203433,1203637
1078,25,8159,57986,58011
5953,24,8159,58011,58035
8093,215,8159,1203476,1203691
3614,18,8160,58074,58092
4729,272,8160,1353382,1353654
5362,61,8160,58132,58193
6422,250,8160,1353454,1353704
2880,124,8161,744642,744766
3660,72,8161,58272,58344
5940,46,8161,58344,58390
9038,231,8161,1203609,1203840
2014,35,8162,58429,58464
3227,242,8162,1353502,1353744
5138,281,8162,1447787,1448068
6434,238,8162,1203759,1203997
7429,71,8162,58584,58655
8055,229,8162,1203837,1204066
8759,77,8162,58695,58772
9720,251,8162,1353584,1353835
1622,166,8163,1001249,1001415
9058,295,8163,1447827,1448122
9474,30,8163,58891,58921
1432,117,8164,440150,440267
6259,37,8164,58960,58997
2424,142,8165,745002,745144
3973,74,8165,59036,59110
8497,257,8165,1353672,1353929
8727,76,8166,59149,59225
8905,28,8166,59225,59253
9505,19,8166,59253,59272
9577,170,8166,1001372,1001542
1703,138,8167,745142,745280
7756,117,8167,440384,440501
8304,161,8167,1001421,1001582
8314,95,8167,440501,440596
8621,147,8167,745240,745387
8960,286,8167,1447878,1448164
3428,93,8168,440635,440728
3846,224,8168,1204060,1204284
5854,231,8168,1204124,1204355
9502,179,8168,1001581,1001760
2619,25,8169,59709,59734
2787,166,8169,1001639,1001805
3230,142,8169,745505,745647
7372,20,8169,59814,59834
8180,283,8169,1447922,1448205
1649,257,8170,1353804,1354061
4646,203,8170,1204273,1204476
5457,300,8170,1447964,1448264
6645,72,8170,59993,60065
7293,19,8170,60065,60084
8267,267,8171,1353900,1354167
8750,56,8171,60123,60179
3122,10,8172,60178,60188
4073,101,8172,441084,441185
4165,178,8172,1001882,1002060
5333,213,8172,1204394,1204607
7280,285,8172,1448022,1448307
2035,74,8173,60347,60421
2833,90,8173,441264,441354
6744,254,8173,1354005,1354259
1168,213,8174,1204525,1204738
1577,280,8174,1354058,1354338
4336,170,8174,1002138,1002308
8821,287,8174,1448065,1448352
4879,149,8175,746081,746230
5296,254,8175,1354177,1354431
7988,215,8175,1204697,1204912
9096,34,8175,60779,60813
8170,295,8176,1448110,1448405
9701,130,8177,746268,746398
9726,88,8177,441710,441798
4219,280,8178,1354268,1354548
5795,83,8178,441797,441880
9535,3,8178,61010,61013
5689,61,8179,61012,61073
1124,127,8180,746355,746482
1889,154,8180,746402,746556
2359,230,8180,1204827,1205057
2703,1,8180,61192,61193
4833,39,8180,61193,61232
4999,217,8180,1204897,1205114
8205,268,8180,1354346,1354614
8631,222,8180,1204994,1205216
2999,32,8181,61351,61383
4475,136,8181,746635,746771
5732,177,8181,1002541,1002718
6562,222,8181,1205055,1205277
6616,234,8181,1205117,1205351
7919,80,8181,61543,61623
8393,97,8181,442237,442334
8863,62,8181,61663,61725
5251,183,8182,1002677,1002860
7300,233,8182,1205190,1205423
8990,292,8182,1448159,1448451
9138,158,8182,746930,747088
3709,257,8183,1354451,1354708
4021,62,8183,61923,61985
5173,232,8183,1205342,1205574
5408,259,8183,1354508,1354767
7475,127,8183,747127,747254
7914,71,8183,62105,62176
9677,196,8183,1002939,1003135
1630,176,8184,1003014,1003190
2733,92,8184,442691,442783
3788,202,8184,1205453,1205655
4835,75,8184,62335,62410
8779,130,8184,747293,747423
4091,115,8185,442822,442937
6603,62,8185,62489,62551
7776,12,8185,62551,62563
8294,107,8185,442897,443004
4339,125,8186,747341,747466
6161,279,8186,1354564,1354843
6492,19,8186,62682,62701
8019,12,8186,62701,62713
8922,40,8186,62713,62753
5643,210,8187,1205532,1205742
6222,177,8187,1003187,1003364
7582,190,8187,1003244,1003434
9802,148,8187,747545,747693
3027,178,8188,1003313,1003491
3412,131,8188,747652,747783
5905,42,8188,62991,63033
7351,182,8188,1003371,1003553
8323,123,8188,747743,747866
2131,117,8189,443360,443477
2298,61,8189,63152,63213
7012,90,8189,443437,443527
8938,4,8189,63253,63257
9622,271,8189,1354640,1354911
1896,86,8190,443526,443612
3498,154,8190,747824,747978
6141,83,8190,443612,443695
6837,92,8190,443655,443747
8331,297,8190,1448203,1448500
8418,129,8190,747938,748067
4160,137,8191,747986,748123
4744,82,8191,443826,443908
5045,107,8191,443868,443975
5513,44,8191,63655,63699
7742,45,8191,63699,63744
7938,142,8191,748043,748185
6795,19,8192,63783,63802
6885,215,8192,1205657,1205872
7103,246,8192,1354748,1354994
9414,133,8192,748184,748317
6037,85,8193,444093,444178
7450,214,8193,1205751,1205965
9190,277,8193,1354793,1355070
4025,25,8194,64040,64065
4876,2,8194,64065,64067
6217,115,8194,444217,444332
6739,109,8194,444292,444401
4809,266,8195,1354868,1355134
5555,122,8195,748354,748476
7198,11,8195,64226,64237
8542,200,8195,1003706,1003906
9203,224,8195,1205883,1206107
1941,207,8196,1205946,1206153
2036,296,8196,1448254,1448550
6387,112,8196,444599,444711
7556,55,8196,64436,64491
7973,26,8196,64491,64517
8200,178,8196,1003905,1004083
9133,31,8196,64557,64588
9691,227,8196,1206033,1206260
1144,68,8197,64627,64695
2147,257,8197,1354972,1355229
4788,168,8197,1004042,1004210
1451,205,8198,1206138,1206343
3870,27,8198,64814,64841
8399,58,8198,64841,64899
2213,260,8199,1355027,1355287
4637,22,8199,64938,64960
4960,216,8199,1206222,1206438
7347,209,8199,1206278,1206487
3216,291,8200,1448306,1448597
3753,282,8200,1448357,1448639
3765,142,8200,748951,749093
4509,163,8200,1004327,1004490
5191,186,8200,1004370,1004556
7275,190,8200,1004436,1004626
8184,282,8200,1448399,1448681
9020,258,8200,1355206,1355464
2440,156,8201,749212,749368
3487,284,8201,1448440,1448724
3594,248,8201,1355303,1355551
7631,67,8201,65478,65545
4476,101,8202,445425,445526
6198,286,8202,1448483,1448769
6949,108,8202,445526,445634
7676,71,8202,65664,65735
2527,203,8203,1206603,1206806
3390,7,8203,65774,65781
6044,58,8203,65781,65839
6533,164,8203,1004743,1004907
7060,171,8203,1004787,1004958
7064,298,8203,1448528,1448826
7848,8,8203,65959,65967
9685,165,8203,1004878,1005043
1365,141,8204,749605,749746
1733,61,8204,66046,66107
2044,71,8204,66107,66178
2985,137,8204,749666,749803
3347,10,8204,66218,66228
5178,136,8204,749723,749859
7896,71,8204,66268,66339
8370,281,8204,1448585,1448866
8917,69,8204,66379,66448
7388,242,8205,1355467,1355709
8386,209,8205,1206764,1206973
8589,77,8205,66527,66604
2697,279,8206,1355508,1355787
3698,174,8206,1005080,1005254
8181,236,8206,1206852,1207088
8739,283,8206,1448624,1448907
2660,116,8207,446189,446305
5237,78,8207,66802,66880
6543,77,8207,66880,66957
8401,78,8207,66957,67035
1017,239,8208,1206966,1207205
4572,186,8208,1005252,1005438
6648,4,8208,67114,67118
9277,52,8208,67118,67170
3280,152,8209,750134,750286
4772,156,8209,750206,750362
4801,234,8209,1207044,1207278
5270,166,8209,1005357,1005523
8014,94,8209,446503,446597
8197,146,8209,750362,750508
8221,43,8209,67409,67452
1665,189,8210,1005402,1005591
3986,238,8210,1207117,1207355
5150,174,8210,1005511,1005685
7252,78,8210,67571,67649
7800,290,8210,1448663,1448953
9121,43,8210,67689,67732
3249,241,8211,1355662,1355903
5514,282,8211,1448712,1448994
6454,198,8211,1005684,1005882
8088,203,8211,1207314,1207517
8476,54,8211,67891,67945
9979,47,8211,67945,67992
1830,228,8212,1207356,1207584
2170,29,8212,68031,68060
2953,163,8212,1005841,1006004
3843,279,8212,1355742,1356021
5867,72,8212,68140,68212
8667,251,8212,1355821,1356072
1988,135,8213,750904,751039
2205,242,8213,1355871,1356113
2951,87,8213,447153,447240
5473,159,8213,750999,751158
5682,152,8213,751078,751230
6997,76,8213,68451,68527
7370,114,8213,447280,447394
8953,273,8213,1355913,1356186
9782,19,8213,68607,68626
3159,299,8214,1448751,1449050
3646,48,8214,68665,68713
4736,268,8214,1356025,1356293
8935,3,8215,68752,68755
9188,98,8215,447472,447570
1614,142,8216,751267,751409
2456,297,8216,1448808,1449105
6078,144,8216,751369,751513
7307,118,8216,447649,447767
7585,235,8216,1207700,1207935
7851,57,8216,68994,69051
8687,141,8216,751473,751614
1762,263,8217,1356130,1356393
2037,116,8217,447846,447962
4197,81,8217,447922,448003
6390,73,8217,69210,69283
7572,150,8217,751573,751723
9426,223,8217,1207814,1208037
2343,195,8218,1006278,1006473
9977,263,8218,1356192,1356455
2800,74,8219,69441,69515
3146,293,8219,1448862,1449155
4099,84,8219,448161,448245
6520,235,8219,1207955,1208190
6927,278,8219,1356294,1356572
4243,73,8220,69674,69747
6169,272,8220,1356371,1356643
6953,4,8220,69787,69791
8007,251,8220,1356443,1356694
9651,286,8220,1448914,1449200
1515,231,8221,1208188,1208419
2655,209,8221,1208259,1208468
4177,63,8221,69950,70013
6571,10,8221,70013,70023
9878,289,8221,1448959,1449248
1780,102,8222,448522,448624
2946,172,8222,1006749,1006921
7317,148,8222,752158,752306
1154,239,8223,1208346,1208585
1992,40,8223,70221,70261
2795,219,8223,1208425,1208644
3291,103,8223,448743,448846
3591,195,8223,1006880,1007075
6420,52,8223,70381,70433
6581,126,8223,752345,752471
9347,166,8223,1006955,1007121
9696,16,8223,70513,70529
7814,229,8224,1208483,1208712
4832,54,8225,70567,70621
8563,103,8225,448964,449067
2105,195,8226,1007038,1007233
3494,236,8226,1208550,1208786
3621,149,8226,752548,752697
4940,182,8226,1007153,1007335
5727,163,8226,1007215,1007378
8438,34,8226,70860,70894
9562,125,8226,752697,752822
9821,94,8226,449266,449360
9978,7,8226,70974,70981
4883,118,8227,449319,449437
6944,149,8227,752741,752890
7602,95,8227,449437,449532
2047,184,8228,1007256,1007440
4331,33,8228,71139,71172
4468,285,8228,1449001,1449286
4884,93,8228,449571,449664
6760,36,8228,71252,71288
5621,288,8229,1449045,1449333
7628,38,8229,71327,71365
9528,96,8229,449663,449759
1204,149,8230,752927,753076
1300,32,8230,71444,71476
2070,38,8230,71476,71514
4155,188,8230,1007398,1007586
5106,48,8230,71554,71602
7007,10,8230,71602,71612
7599,282,8230,1449092,1449374
1190,177,8231,1007505,1007682
5310,218,8232,1208740,1208958
6780,88,8232,449916,450004
3440,153,8233,753153,753306
5425,2,8233,71809,71811
5865,288,8233,1449131,1449419
6047,99,8233,450043,450142
6691,173,8234,1007639,1007812
3222,79,8235,71929,72008
4359,239,8235,1208835,1209074
6770,278,8235,1356719,1356997
7934,58,8235,72088,72146
2739,138,8236,753383,753521
5535,118,8236,450259,450377
3485,58,8237,72224,72282
3767,76,8237,72282,72358
4431,218,8237,1208952,1209170
4725,220,8237,1209010,1209230
7438,59,8237,72438,72497
9176,276,8237,1356795,1357071
1897,207,8238,1209109,1209316
4865,4,8238,72576,72580
5103,17,8238,72580,72597
1367,193,8239,1007927,1008120
1700,85,8239,450534,450619
1902,149,8239,753638,753787
2553,84,8239,450619,450703
4762,256,8239,1356869,1357125
6952,234,8239,1209195,1209429
4116,225,8240,1209268,1209493
5607,235,8240,1209333,1209568
6690,17,8240,72915,72932
1612,23,8241,72931,72954
2615,42,8241,72954,72996
2679,235,8241,1209407,1209642
8841,120,8241,450861,450981
2476,84,8242,450940,451024
8061,73,8242,73115,73188
1766,122,8243,753903,754025
2513,126,8243,753945,754071
3197,238,8243,1209480,1209718
3319,231,8243,1209558,1209789
4754,5,8243,73347,73352
6280,217,8243,1209629,1209846
7331,25,8243,73392,73417
7727,292,8243,1449169,1449461
9280,144,8243,754151,754295
1062,4,8244,73496,73500
3148,84,8244,451262,451346
5927,6,8244,73540,73546
6861,227,8244,1209725,1209952
8158,232,8244,1209792,1210024
8349,26,8244,73626,73652
2540,58,8245,73651,73709
2760,185,8245,1008434,1008619
4813,196,8245,1008499,1008695
6776,215,8245,1209863,1210078
3577,146,8246,754412,754558
4123,198,8246,1008614,1008812
5447,145,8246,754518,754663
8478,126,8246,754583,754709
8670,100,8247,451663,451763
9631,71,8247,74027,74098
9742,189,8247,1008691,1008880
2445,46,8248,74137,74183
3305,57,8248,74183,74240
3397,266,8248,1356956,1357222
4854,187,8248,1008799,1008986
5636,17,8248,74320,74337
5741,71,8248,74337,74408
5635,9,8249,74407,74416
5914,98,8249,451841,451939
8021,200,8249,1008865,1009065
2595,264,8250,1357020,1357284
6446,290,8250,1449214,1449504
7001,250,8250,1357124,1357374
7476,219,8250,1210073,1210292
7719,115,8250,452098,452213
8045,98,8250,452173,452271
9612,153,8250,754945,755098
9664,212,8250,1210132,1210344
1735,78,8251,74814,74892
2212,299,8251,1449263,1449562
2547,144,8251,755097,755241
3437,142,8251,755161,755303
4409,143,8251,755223,755366
4484,289,8251,1449322,1449611
9984,177,8251,1009223,1009400
4570,135,8252,755365,755500
1496,214,8253,1210261,1210475
2575,235,8253,1210315,1210550
4916,156,8253,755499,755655
6285,295,8253,1449369,1449664
6595,294,8253,1449424,1449718
7387,240,8253,1210470,1210710
8434,102,8253,452828,452930
1342,153,8254,755694,755847
1775,31,8254,75489,75520
3416,190,8254,1009477,1009667
3549,8,8254,75560,75568
4097,3,8254,75568,75571
4378,209,8254,1210549,1210758
6231,90,8254,453009,453099
8494,82,8254,453059,453141
9614,187,8254,1009587,1009774
1486,226,8255,1210597,1210823
7726,198,8255,1009693,1009891
8760,9,8255,75810,75819
9663,71,8255,75819,75890
8835,174,8256,1009770,1009944
1199,121,8257,756004,756125
3866,263,8257,1357327,1357590
6091,131,8257,756085,756216
6136,283,8257,1449474,1449757
7611,234,8257,1210741,1210975
9273,42,8257,76128,76170
9786,116,8257,453458,453574
1164,293,8258,1449516,1449809
2288,275,8258,1357469,1357744
6040,79,8258,76289,76368
7264,293,8258,1449569,1449862
8654,268,8258,1357584,1357852
1696,216,8259,1210973,1211189
3715,118,8259,453732,453850
5071,243,8259,1357651,1357894
9433,98,8259,453850,453948
2066,62,8260,76606,76668
3325,128,8260,756453,756581
4722,271,8260,1357693,1357964
8271,250,8260,1357764,1358014
1402,176,8261,1010259,1010435
7868,45,8261,76827,76872
9103,7,8261,76872,76879
9731,286,8261,1449619,1449905
1281,204,8262,1211186,1211390
2656,237,8262,1211230,1211467
4244,221,8262,1211307,1211528
4578,30,8262,77038,77068
5832,61,8262,77068,77129
6937,11,8262,77129,77140
9242,293,8262,1449664,1449957
4206,176,8263,1010513,1010689
4565,241,8263,1357891,1358132
9890,83,8263,454344,454427
5766,290,8264,1449715,1450005
6810,32,8264,77338,77370
2209,283,8265,1449764,1450047
7231,122,8265,756976,757098
8957,75,8265,77449,77524
1731,111,8266,454504,454615
2283,252,8266,1358009,1358261
7749,113,8266,454615,454728
7829,42,8266,77643,77685
7536,114,8267,454687,454801
3975,251,8268,1358059,1358310
4679,215,8268,1211602,1211817
5500,86,8268,454840,454926
6002,80,8268,77843,77923
7570,196,8268,1010804,1011000
8906,126,8268,757175,757301
9363,185,8268,1010880,1011065
9700,203,8268,1211657,1211860
1079,27,8269,78082,78109
1519,20,8269,78109,78129
1714,6,8269,78129,78135
3111,215,8269,1211699,1211914
3370,121,8269,757340,757461
4819,244,8269,1358109,1358353
5842,171,8269,1011064,1011235
7643,228,8269,1211794,1212022
9033,54,8269,78335,78389
9317,282,8269,1449803,1450085
4984,100,8270,455284,455384
8610,195,8270,1011194,1011389
9949,105,8270,455384,455489
1734,269,8271,1358191,1358460
4039,265,8271,1358260,1358525
5143,96,8271,455528,455624
6472,243,8271,1358325,1358568
6821,272,8271,1358368,1358640
9067,162,8271,1011428,1011590
9456,131,8271,757779,757910
1453,98,8272,455743,455841
3665,112,8272,455801,455913
4541,266,8272,1358439,1358705
4730,220,8272,1212099,1212319
7625,28,8272,78986,79014
9266,171,8272,1011549,1011720
2673,200,8273,1011599,1011799
4851,214,8273,1212158,1212372
7897,36,8273,79133,79169
9013,31,8273,79169,79200
9268,229,8273,1212212,1212441
1234,270,8274,1358503,1358773
1844,240,8274,1212320,1212560
3839,233,8274,1212400,1212633
6137,143,8274,758187,758330
8659,18,8274,79399,79417
1542,210,8275,1212472,1212682
3844,25,8275,79456,79481
4365,274,8275,1358572,1358846
7165,231,8275,1212562,1212793
9860,22,8275,79561,79583
1054,177,8276,1011996,1012173
2754,51,8276,79622,79673
4358,119,8276,456429,456548
4864,152,8276,758408,758560
2650,181,8277,1012052,1012233
6552,192,8277,1012113,1012305
3628,247,8278,1358643,1358890
6183,103,8278,456666,456769
7245,202,8279,1212669,1212871
8839,141,8279,758637,758778
1286,159,8280,758697,758856
2225,284,8280,1449834,1450118
2479,126,8280,758816,758942
5919,183,8280,1012302,1012485
1494,75,8281,80148,80223
1993,113,8281,456966,457079
3768,32,8281,80263,80295
4357,140,8282,758900,759040
7013,82,8282,457078,457160
5816,74,8283,80373,80447
8172,55,8283,80447,80502
1501,229,8284,1212746,1212975
2326,150,8284,758998,759148
4575,283,8284,1449874,1450157
8251,39,8284,80621,80660
4114,102,8285,457237,457339
5778,151,8285,759107,759258
6404,260,8285,1358763,1359023
9472,32,8285,80779,80811
5060,51,8286,80810,80861
7809,103,8286,457378,457481
5544,259,8287,1358821,1359080
5977,63,8287,80940,81003
6909,217,8287,1212932,1213149
9118,248,8287,1358880,1359128
9213,30,8287,81083,81113
3802,281,8288,1449913,1450194
9173,68,8288,81152,81220
7019,243,8289,1358966,1359209
3909,258,8290,1359008,1359266
4057,266,8290,1359066,1359332
6310,72,8290,81338,81410
7608,87,8290,457717,457804
9015,23,8290,81450,81473
1794,91,8291,457763,457854
3443,86,8291,457814,457900
4579,77,8291,81552,81629
4894,32,8291,81629,81661
5364,13,8291,81661,81674
5565,9,8291,81674,81683
6243,34,8291,81683,81717
6497,126,8291,759492,759618
9360,161,8291,1012754,1012915
9654,164,8291,1012795,1012959
1488,159,8292,759617,759776
2977,24,8292,81876,81900
3766,53,8292,81900,81953
3803,93,8292,458019,458112
7225,251,8292,1359130,1359381
7465,282,8292,1449950,1450232
7856,206,8292,1213264,1213470
1254,192,8293,1012957,1013149
3284,26,8293,82152,82178
4590,178,8293,1013029,1013207
4748,19,8293,82218,82237
9144,232,8293,1213309,1213541
9692,18,8293,82277,82295
2781,218,8294,1213380,1213598
3186,15,8294,82334,82349
3581,264,8294,1359219,1359483
6144,92,8294,458390,458482
8781,108,8294,458442,458550
1677,234,8295,1213477,1213711
3041,95,8295,458549,458644
3562,155,8295,760053,760208
3678,185,8295,1013245,1013430
4136,290,8295,1449989,1450279
6333,281,8295,1450039,1450320
8786,132,8295,760248,760380
9158,27,8295,82748,82775
2088,186,8296,1013389,1013575
4324,129,8296,760339,760468
5512,187,8296,1013455,1013642
6009,86,8296,458923,459009
8042,21,8296,82934,82955
8424,75,8296,82955,83030
8745,262,8296,1359361,1359623
8963,180,8296,1013562,1013742
6011,162,8297,1013621,1013783
6693,217,8297,1213669,1213886
2519,250,8298,1359421,1359671
4474,280,8298,1359471,1359751
7799,127,8298,760666,760793
8357,73,8298,83308,83381
9182,207,8298,1213805,1214012
5451,172,8299,1013821,1013993
5521,180,8300,1013872,1014052
9628,171,8300,1013932,1014103
6184,191,8301,1013982,1014173
7870,246,8301,1359548,1359794
8244,78,8301,83618,83696
3661,133,8302,760949,761082
4569,93,8302,459523,459616
9087,151,8302,761002,761153
2631,127,8303,761072,761199
4521,178,8303,1014091,1014269
5030,192,8303,1014149,1014341
5626,167,8303,1014221,1014388
6814,180,8303,1014268,1014448
8360,67,8303,84014,84081
8579,202,8303,1213887,1214089
1425,186,8304,1014367,1014553
2285,179,8304,1014433,1014612
3214,65,8304,84200,84265
4707,47,8304,84265,84312
5409,86,8304,459934,460020
5736,218,8304,1213928,1214146
8634,242,8304,1359591,1359833
2661,284,8305,1450070,1450354
5729,237,8305,1214065,1214302
8680,215,8305,1214142,1214357
9674,258,8305,1359672,1359930
1705,35,8306,84590,84625
2742,69,8306,84625,84694
3007,98,8306,460218,460316
3599,211,8306,1214236,1214447
4871,289,8306,1450113,1450402
6589,22,8306,84814,84836
1259,44,8308,84834,84878
3832,258,8308,1359767,1360025
6033,86,8308,460394,460480
7050,294,8308,1450160,1450454
9374,94,8308,460480,460574
9997,176,8308,1014888,1015064
1400,35,8309,85077,85112
3324,215,8309,1214404,1214619
3404,259,8309,1359864,1360123
3193,128,8310,761912,762040
8539,32,8310,85231,85263
3696,151,8311,761959,762110
5594,297,8311,1450211,1450508
7780,149,8311,762070,762219
7955,181,8311,1015061,1015242
2366,132,8312,762178,762310
3848,16,8312,85461,85477
7535,169,8312,1015121,1015290
8211,255,8312,1359960,1360215
8428,250,8312,1360015,1360265
1166,132,8313,762349,762481
5517,183,8313,1015249,1015432
5819,66,8313,85676,85742
7205,293,8313,1450266,1450559
7528,292,8313,1450319,1450611
8167,220,8313,1214695,1214915
9837,78,8313,85862,85940
3741,67,8314,85939,86006
8105,55,8314,86006,86061
8819,111,8314,461208,461319
9918,161,8315,1015430,1015591
1080,226,8316,1214752,1214978
2500,126,8316,762638,762764
2599,234,8316,1214818,1215052
4956,219,8316,1214892,1215111
5501,166,8316,1015590,1015756
6191,124,8316,762804,762928
7613,148,8316,762848,762996
7684,165,8316,1015636,1015801
1720,167,8317,1015680,1015847
1764,144,8318,762994,763138
1939,87,8318,461715,461802
2117,138,8318,763058,763196
3415,209,8318,1214949,1215158
4236,257,8318,1360139,1360396
4687,135,8318,763196,763331
1573,220,8319,1215037,1215257
5416,282,8319,1450365,1450647
8569,148,8319,763330,763478
2762,17,8320,86855,86872
3025,122,8320,763397,763519
8721,143,8320,763439,763582
3985,155,8321,763501,763656
5797,184,8321,1015883,1016067
5948,227,8321,1215135,1215362
6539,251,8321,1360233,1360484
7789,117,8321,462279,462396
8847,142,8321,763696,763838
8879,55,8321,87191,87246
9921,150,8321,763758,763908
3206,28,8322,87285,87313
2452,169,8323,1016025,1016194
4757,251,8323,1360282,1360533
6502,294,8323,1450403,1450697
3275,200,8324,1016153,1016353
4350,244,8324,1360372,1360616
6022,101,8324,462633,462734
8543,195,8324,1016273,1016468
2717,227,8325,1215358,1215585
3164,29,8325,87630,87659
3479,156,8325,764104,764260
4126,148,8325,764180,764328
5346,217,8325,1215425,1215642
5397,40,8325,87779,87819
5631,18,8325,87819,87837
9075,248,8325,1360415,1360663
3330,260,8326,1360462,1360722
3363,273,8326,1360522,1360795
6218,154,8326,764407,764561
3685,116,8327,463051,463167
7223,245,8327,1360594,1360839
9139,126,8327,764520,764646
1609,2,8328,88114,88116
3212,201,8328,1215639,1215840
5587,87,8328,463246,463333
6344,284,8328,1450452,1450736
6732,72,8328,88236,88308
8936,181,8328,1016664,1016845
8942,215,8328,1215720,1215935
2072,244,8329,1360677,1360921
3935,165,8329,1016804,1016969
7291,285,8329,1450495,1450780
7945,96,8329,463532,463628
8236,153,8329,764844,764997
1422,269,8330,1360760,1361029
1877,227,8330,1215893,1216120
3253,241,8330,1360829,1361070
4615,227,8330,1216000,1216227
7567,84,8330,463787,463871
1311,13,8331,88785,88798
2121,253,8331,1360869,1361122
3243,203,8331,1216106,1216309
3329,119,8331,463910,464029
3979,249,8331,1360922,1361171
7451,241,8331,1360971,1361212
8806,215,8331,1216229,1216444
9910,132,8331,765275,765407
3564,261,8332,1361011,1361272
7120,272,8332,1361072,1361344
8208,59,8332,89157,89216
8566,177,8332,1017326,1017503
1382,86,8333,464267,464353
2160,231,8333,1216362,1216593
2889,196,8333,1017422,1017618
3530,203,8335,1216431,1216634
4481,278,8335,1361141,1361419
5314,106,8335,464471,464577
5315,196,8335,1017576,1017772
8015,44,8335,89533,89577
7078,171,8336,1017651,1017822
7537,51,8336,89616,89667
8460,206,8336,1216513,1216719
1807,45,8337,89706,89751
4190,180,8337,1017741,1017921
5638,248,8337,1361217,1361465
2559,113,8338,464734,464847
2597,147,8338,765800,765947
8306,159,8338,765867,766026
8405,239,8338,1216597,1216836
1323,7,8339,89989,89996
1695,289,8339,1450530,1450819
1895,5,8339,90036,90041
3619,32,8339,90041,90073
3970,66,8339,90073,90139
8907,23,8339,90139,90162
7580,125,8340,766024,766149
7953,298,8340,1450578,1450876
2588,73,8341,90240,90313
5322,248,8342,1361340,1361588
6463,283,8342,1450634,1450917
1347,197,8343,1018035,1018232
2034,288,8343,1450676,1450964
2792,91,8343,465202,465293
3270,113,8343,465253,465366
7810,211,8343,1216871,1217082
8967,111,8343,465366,465477
8991,178,8343,1018192,1018370
9523,94,8343,465477,465571
1642,159,8344,766345,766504
5895,154,8344,766424,766578
6430,291,8344,1450723,1451014
6461,209,8344,1216961,1217170
6629,155,8344,766578,766733
7190,91,8344,465730,465821
9010,60,8344,90950,91010
9090,103,8344,465781,465884
1066,86,8345,465843,465929
1450,251,8345,1361505,1361756
2911,226,8345,1217049,1217275
2927,5,8345,91169,91174
3232,15,8345,91174,91189
3304,132,8345,766732,766864
4211,102,8345,466009,466111
4441,23,8345,91269,91292
4583,37,8345,91292,91329
5154,258,8345,1361556,1361814
5199,75,8345,91369,91444
6318,284,8345,1450773,1451057
7642,115,8345,466151,466266
8927,170,8345,1018488,1018658
8599,101,8346,466265,466366
9297,239,8346,1217194,1217433
6226,69,8347,91642,91711
7241,207,8347,1217272,1217479
1278,222,8348,1217318,1217540
5355,238,8348,1217380,1217618
7126,184,8348,1018695,1018879
2045,265,8349,1361650,1361915
2932,210,8349,1217497,1217707
4720,275,8349,1361715,1361990
5470,72,8349,91989,92061
1272,235,8350,1217586,1217821
4432,148,8350,767259,767407
6425,300,8350,1450812,1451112
6855,85,8350,466762,466847
8240,253,8350,1361829,1362082
6849,124,8351,767406,767530
2264,184,8352,1018995,1019179
3032,178,8352,1019059,1019237
9983,63,8352,92378,92441
2263,186,8353,1019116,1019302
2407,44,8353,92480,92524
6159,8,8353,92524,92532
8947,188,8353,1019182,1019370
1481,86,8354,467043,467129
3127,151,8354,767607,767758
4268,168,8354,1019249,1019417
7653,61,8354,92691,92752
7690,239,8354,1217737,1217976
7874,9,8354,92792,92801
8755,62,8354,92801,92863
2208,148,8355,767757,767905
6456,136,8355,767825,767961
7505,279,8355,1361877,1362156
7560,115,8355,467328,467443
7701,132,8355,767921,768053
1067,94,8356,467442,467536
1535,57,8356,93101,93158
5678,119,8356,467496,467615
7398,3,8356,93198,93201
9812,223,8356,1217854,1218077
1621,285,8357,1450865,1451150
3795,254,8357,1361994,1362248
4384,102,8357,467694,467796
5114,93,8357,467756,467849
7523,26,8357,93400,93426
8492,129,8357,768091,768220
8605,225,8357,1217996,1218221
8874,7,8357,93506,93513
9603,291,8357,1450910,1451201
3746,80,8358,93552,93632
5279,259,8358,1362087,1362346
3089,257,8359,1362145,1362402
5145,282,8359,1450959,1451241
5220,201,8359,1218219,1218420
9167,62,8359,93791,93853
1918,258,8360,1362241,1362499
2623,8,8360,93892,93900
3600,251,8360,1362299,1362550
8663,93,8360,468166,468259
6883,47,8361,93979,94026
1165,52,8362,94025,94077
1514,119,8362,468217,468336
3810,239,8362,1218337,1218576
6127,131,8362,768495,768626
1082,38,8363,94196,94234
1303,45,8363,94234,94279
2437,17,8363,94279,94296
8416,229,8363,1218415,1218644
9703,84,8363,468415,468499
1123,37,8364,94375,94412
4352,213,8364,1218483,1218696
7152,142,8364,768624,768766
5294,300,8365,1450995,1451295
5624,133,8365,768725,768858
8564,135,8365,768778,768913
1377,46,8366,94610,94656
1595,91,8366,468656,468747
5897,138,8366,768832,768970
7209,200,8366,1019965,1020165
7425,247,8366,1362384,1362631
7455,67,8366,94816,94883
2119,80,8367,94882,94962
2840,134,8367,768969,769103
3738,132,8367,769023,769155
4870,59,8367,95042,95101
7737,136,8367,769075,769211
9670,161,8367,1020084,1020245
9715,236,8367,1218613,1218849
1667,291,8368,1451052,1451343
1872,34,8368,95260,95294
2246,232,8368,1218728,1218960
2784,153,8368,769290,769443
5944,208,8368,1218800,1219008
8590,49,8368,95414,95463
9864,102,8368,469185,469287
1025,296,8369,1451102,1451398
1627,185,8369,1020323,1020508
1871,272,8369,1362508,1362780
2748,170,8369,1020428,1020598
3098,39,8369,95662,95701
4633,151,8369,769562,769713
7794,298,8369,1451158,1451456
1269,62,8370,95780,95842
3830,197,8370,1020517,1020714
9874,61,8370,95882,95943
3631,172,8371,1020593,1020765
2473,172,8372,1020644,1020816
2640,175,8372,1020696,1020871
9559,280,8372,1362617,1362897
2255,285,8373,1451212,1451497
5618,64,8373,96140,96204
4742,261,8374,1362735,1362996
6441,42,8374,96243,96285
8179,65,8374,96285,96350
3473,131,8375,769947,770078
6798,179,8375,1020868,1021047
4502,251,8376,1362794,1363045
4986,279,8376,1362845,1363124
5233,113,8376,469919,470032
5523,121,8376,770117,770238
7857,188,8376,1021006,1021194
8332,227,8376,1219160,1219387
9219,173,8376,1021114,1021287
9521,82,8376,470152,470234
9713,113,8376,470194,470307
3393,162,8377,1021166,1021328
4241,297,8377,1451253,1451550
5142,75,8377,96867,96942
7421,133,8377,770357,770490
1979,173,8379,1021246,1021419
2670,47,8379,97020,97067
7185,218,8379,1219264,1219482
1194,199,8380,1021338,1021537
7712,282,8380,1451307,1451589
6122,71,8381,97185,97256
2200,276,8382,1362998,1363274
1100,202,8383,1219398,1219600
1803,264,8383,1363073,1363337
9115,296,8383,1451346,1451642
8060,260,8384,1363176,1363436
9441,214,8384,1219559,1219773
1913,210,8385,1219612,1219822
6583,161,8385,1021732,1021893
7350,84,8385,470858,470942
3014,146,8386,770881,771027
8183,261,8386,1363234,1363495
9990,262,8386,1363295,1363557
5507,200,8387,1021851,1022051
6860,174,8387,1021931,1022105
5524,214,8388,1219739,1219953
6435,146,8388,771145,771291
1387,180,8389,1022023,1022203
5671,59,8389,97928,97987
6498,294,8389,1451396,1451690
9403,11,8389,98027,98038
4946,286,8390,1451449,1451735
5417,87,8390,471297,471384
6061,213,8390,1219871,1220084
6676,194,8391,1022201,1022395
7623,78,8391,98196,98274
9198,227,8391,1219923,1220150
9748,77,8391,98314,98391
1238,51,8392,98390,98441
2417,132,8392,771447,771579
3082,48,8392,98481,98529
7647,14,8392,98529,98543
2546,297,8393,1451492,1451789
3469,86,8393,471541,471627
4259,291,8393,1451549,1451840
7083,167,8393,1022393,1022560
9365,41,8393,98702,98743
9911,204,8393,1220068,1220272
1147,152,8394,771657,771809
4874,171,8394,1022479,1022650
5029,61,8394,98862,98923
6572,185,8394,1022530,1022715
3158,281,8395,1451598,1451879
5065,202,8395,1220150,1220352
1211,253,8396,1363547,1363800
1566,95,8396,471944,472039
3288,119,8396,471999,472118
1439,279,8397,1363599,1363878
6196,87,8397,472117,472204
7924,232,8397,1220270,1220502
2350,38,8398,99279,99317
3699,24,8398,99317,99341
4982,57,8398,99341,99398
7991,237,8398,1220341,1220578
9372,8,8398,99438,99446
9438,98,8398,472243,472341
2698,5,8399,99485,99490
5637,259,8399,1363676,1363935
7227,38,8399,99530,99568
6190,109,8400,472339,472448
3980,59,8401,99606,99665
4311,257,8401,1363733,1363990
4671,258,8401,1363790,1364048
7323,10,8401,99745,99755
9055,64,8401,99755,99819
1431,196,8402,1022947,1023143
3822,219,8402,1220534,1220753
7456,47,8402,99898,99945
7545,208,8402,1220593,1220801
2222,118,8403,472605,472723
4726,153,8403,772280,772433
5320,124,8403,772353,772477
9049,232,8403,1220640,1220872
2549,285,8404,1451630,1451915
6139,276,8404,1363885,1364161
4041,293,8405,1451674,1451967
7409,28,8405,100262,100290
9410,41,8405,100290,100331
1690,286,8406,1451726,1452012
1726,60,8406,100370,100430
4170,198,8406,1023299,1023497
5864,269,8406,1364039,1364308
1534,118,8407,473039,473157
3728,244,8407,1364107,1364351
4267,82,8407,473157,473239
3906,248,8408,1364150,1364398
4695,180,8408,1023495,1023675
6568,138,8408,772792,772930
7519,293,8408,1451770,1452063
9518,35,8408,100788,100823
9833,79,8408,100823,100902
9952,228,8408,1221027,1221255
2904,12,8409,100941,100953
5858,31,8409,100953,100984
7286,64,8409,100984,101048
1441,209,8410,1221093,1221302
2109,54,8410,101087,101141
2576,74,8410,101141,101215
2963,58,8410,101215,101273
4877,90,8410,473436,473526
5254,235,8410,1221142,1221377
7333,60,8410,101353,101413
2071,131,8411,773007,773138
3066,257,8411,1364235,1364492
3117,300,8411,1451820,1452120
4014,49,8411,101532,101581
6646,73,8411,101581,101654
9117,56,8411,101654,101710
2007,190,8412,1023791,1023981
2482,299,8412,1451879,1452178
3778,160,8412,773217,773377
6185,97,8412,473764,473861
6596,226,8412,1221335,1221561
7407,74,8412,101909,101983
8735,66,8412,101983,102049
1218,128,8413,773336,773464
1975,211,8413,1221400,1221611
3941,123,8413,773424,773547
5232,96,8413,473980,474076
9933,46,8413,102208,102254
2050,99,8414,474035,474134
6437,30,8414,102293,102323
8611,207,8414,1221450,1221657
8617,92,8414,474134,474226
3959,166,8415,1024018,1024184
4763,30,8415,102442,102472
4808,32,8415,102472,102504
8614,269,8415,1364368,1364637
1049,235,8416,1221535,1221770
1788,147,8416,773624,773771
1878,176,8416,1024143,1024319
4024,4,8416,102663,102667
4907,277,8416,1364436,1364713
6293,169,8416,1024239,1024408
2335,256,8417,1364512,1364768
4435,188,8417,1024327,1024515
7666,9,8417,102826,102835
8445,246,8417,1364568,1364814
1317,77,8418,102874,102951
6351,280,8418,1364613,1364893
2102,233,8419,1221767,1222000
2149,93,8419,474661,474754
3912,229,8419,1221840,1222069
4266,266,8419,1364692,1364958
8421,280,8419,1364758,1365038
9062,15,8419,103190,103205
9283,195,8419,1024633,1024828
9470,158,8419,774168,774326
2638,205,8420,1221988,1222193
3506,293,8420,1451930,1452223
3667,156,8420,774325,774481
5246,86,8420,475033,475119
5767,134,8420,774401,774535
3132,153,8421,774454,774607
6353,114,8421,475158,475272
7866,279,8421,1364876,1365155
8334,7,8421,103603,103610
9350,214,8421,1222112,1222326
1868,211,8422,1222165,1222376
4344,278,8422,1364954,1365232
4520,212,8422,1222256,1222468
5419,112,8422,475431,475543
8113,231,8422,1222308,1222539
1244,185,8423,1025024,1025209
1344,177,8423,1025089,1025266
4723,288,8423,1451980,1452268
7202,33,8423,103968,104001
1409,15,8424,104000,104015
9179,275,8424,1365070,1365345
9946,240,8424,1222457,1222697
1384,83,8425,475740,475823
2015,6,8425,104134,104140
2157,62,8425,104140,104202
4287,277,8425,1365144,1365421
6123,234,8425,1222576,1222810
7301,57,8425,104282,104339
8192,57,8425,104339,104396
3905,17,8426,104395,104412
6459,19,8426,104412,104431
7986,35,8426,104431,104466
8657,272,8426,1365220,1365492
8860,45,8426,104506,104551
3629,65,8427,104550,104615
4827,232,8427,1222688,1222920
8149,76,8427,104655,104731
9634,155,8427,775121,775276
9959,110,8427,475981,476091
2073,237,8428,1222759,1222996
4652,157,8428,775235,775392
5163,123,8428,775312,775435
6356,157,8428,775355,775512
7504,46,8428,104970,105016
8514,68,8428,105016,105084
1295,75,8429,105083,105158
2592,96,8429,476209,476305
7553,94,8429,476265,476359
3207,160,8430,775430,775590
3663,152,8431,775509,775661
4149,270,8431,1365287,1365557
5264,12,8432,105355,105367
5456,247,8432,1365356,1365603
7592,144,8432,775660,775804
2991,1,8433,105446,105447
4245,80,8433,105447,105527
4278,20,8433,105527,105547
4501,138,8433,775723,775861
1343,66,8434,105586,105652
1823,296,8434,1452017,1452313
5550,88,8434,476594,476682
5725,129,8434,775820,775949
6464,143,8434,775869,776012
7294,294,8434,1452073,1452367
8799,142,8434,775972,776114
8830,27,8434,105892,105919
1449,181,8435,1025614,1025795
1837,109,8435,476841,476950
8443,40,8435,105998,106038
2024,20,8436,106037,106057
6099,281,8436,1452125,1452406
6866,44,8436,106097,106141
8726,158,8436,776112,776270
9338,96,8436,476989,477085
2144,131,8437,776189,776320
2896,105,8437,477084,477189
2974,47,8437,106300,106347
4223,167,8437,1025713,1025880
1553,205,8438,1223026,1223231
2918,2,8438,106426,106428
4292,283,8438,1452164,1452447
4380,54,8438,106468,106522
4510,268,8438,1365557,1365825
5911,107,8438,477308,477415
6698,82,8438,477375,477457
7477,191,8438,1025879,1026070
8336,193,8438,1025950,1026143
8584,228,8438,1223151,1223379
9776,147,8438,776519,776666
2061,87,8439,477576,477663
3559,255,8439,1365624,1365879
6734,139,8439,776625,776764
7207,68,8439,106921,106989
7698,77,8439,106989,107066
1022,234,8440,1223257,1223491
1888,40,8440,107105,107145
4592,138,8440,776723,776861
3836,160,8441,776780,776940
1748,110,8442,477820,477930
2506,257,8442,1365676,1365933
2950,89,8442,477930,478019
7778,274,8442,1365733,1366007
7909,112,8442,478019,478131
4900,170,8443,1026218,1026388
5605,43,8443,107462,107505
2351,279,8444,1365805,1366084
5102,70,8444,107544,107614
3364,187,8445,1026306,1026493
5746,119,8446,478207,478326
6836,25,8446,107692,107717
7844,287,8446,1452199,1452486
8503,108,8446,478326,478434
9205,22,8446,107797,107819
2290,44,8447,107818,107862
7509,256,8447,1365921,1366177
8365,137,8447,777134,777271
9025,197,8447,1026451,1026648
2993,222,8448,1223523,1223745
3964,148,8448,777270,777418
7041,19,8448,108061,108080
9084,37,8448,108080,108117
9855,195,8448,1026567,1026762
8809,50,8449,108156,108206
4702,94,8450,478630,478724
7336,195,8450,1026640,1026835
9961,145,8450,777416,777561
1200,37,8451,108324,108361
5180,57,8451,108361,108418
5272,60,8451,108418,108478
5597,69,8451,108478,108547
7008,60,8451,108547,108607
7420,283,8451,1452241,1452524
2416,4,8452,108646,108650
3508,120,8452,478802,478922
6773,160,8452,777519,777679
9688,201,8452,1223621,1223822
2776,242,8453,1366011,1366253
4443,259,8453,1366053,1366312
4492,181,8453,1026872,1027053
3553,157,8454,777757,777914
5415,118,8454,479120,479238
6072,280,8454,1366111,1366391
6481,218,8454,1223780,1223998
7841,103,8454,479278,479381
8437,246,8454,1366191,1366437
9554,52,8454,109128,109180
1531,52,8455,109179,109231
1569,280,8455,1366236,1366516
2114,167,8455,1027091,1027258
2357,260,8455,1366316,1366576
5592,205,8455,1223957,1224162
7136,57,8455,109391,109448
8482,296,8455,1452280,1452576
2025,99,8456,479579,479678
3116,280,8456,1366415,1366695
4878,230,8456,1224081,1224311
4077,144,8457,778231,778375
6112,165,8457,1027336,1027501
3849,173,8458,1027380,1027553
3971,1,8458,109725,109726
5668,179,8458,1027433,1027612
7959,73,8458,109766,109839
1492,149,8459,778413,778562
3797,137,8459,778482,778619
6442,297,8459,1452332,1452629
6825,187,8459,1027531,1027718
7586,122,8459,778619,778741
8513,273,8459,1366532,1366805
2306,102,8460,480114,480216
3233,203,8460,1224227,1224430
3574,52,8460,110157,110209
3855,10,8460,110209,110219
5303,198,8460,1027677,1027875
5735,112,8460,480256,480368
6034,128,8460,778780,778908
6636,22,8460,110339,110361
6887,102,8460,480368,480470
2439,123,8461,778827,778950
2874,288,8461,1452387,1452675
3140,86,8461,480509,480595
4198,258,8461,1366643,1366901
5726,71,8461,110560,110631
9798,29,8461,110631,110660
2854,166,8462,1027833,1027999
5268,44,8462,110699,110743
5878,97,8462,480634,480731
7939,163,8463,1027878,1028041
9707,260,8463,1366699,1366959
1657,160,8464,779067,779227
5598,28,8464,110901,110929
6138,116,8464,480809,480925
6360,6,8464,110969,110975
6440,7,8464,110975,110982
6665,181,8464,1027960,1028141
6685,22,8464,111022,111044
8964,62,8464,111044,111106
9550,194,8464,1028021,1028215
9773,140,8464,779227,779367
1636,217,8465,1224385,1224602
3234,259,8465,1366757,1367016
6394,296,8465,1452431,1452727
7481,122,8465,779406,779528
9178,116,8465,481164,481280
2198,66,8466,111384,111450
3637,80,8466,111450,111530
3781,95,8466,481239,481334
8548,22,8466,111570,111592
1698,74,8467,111591,111665
3724,169,8467,1028212,1028381
5338,72,8467,111705,111777
5341,73,8467,111777,111850
5358,88,8467,481333,481421
2251,113,8468,481380,481493
2274,218,8468,1224519,1224737
4549,289,8468,1452484,1452773
4893,230,8468,1224617,1224847
6405,111,8468,481573,481684
7048,248,8468,1366893,1367141
7097,63,8468,112129,112192
7254,46,8468,112192,112238
7679,153,8468,779645,779798
9743,270,8468,1366941,1367211
3094,217,8469,1224766,1224983
4316,82,8469,481803,481885
5195,158,8469,779797,779955
6371,59,8469,112437,112496
7035,10,8469,112496,112506
8811,227,8469,1224823,1225050
9954,24,8469,112546,112570
2206,112,8470,481924,482036
2793,157,8470,779914,780071
4734,162,8470,1028538,1028700
5164,195,8470,1028580,1028775
5871,291,8470,1452531,1452822
6653,232,8470,1224929,1225161
7382,265,8470,1367049,1367314
7527,51,8470,112849,112900
8247,82,8471,482235,482317
8317,258,8471,1367113,1367371
9629,121,8471,780230,780351
9639,185,8471,1028814,1028999
4183,64,8472,113058,113122
6030,79,8472,113122,113201
9544,265,8472,1367170,1367435
2089,248,8473,1367234,1367482
3569,51,8473,113280,113331
4849,3,8473,113331,113334
4911,83,8473,482475,482558
6046,279,8473,1367282,1367561
2474,275,8474,1367360,1367635
4850,125,8474,780468,780593
7375,80,8474,113493,113573
8919,171,8474,1029036,1029207
2020,177,8475,1029086,1029263
2185,208,8475,1225236,1225444
4283,116,8475,482756,482872
7371,200,8475,1029183,1029383
7471,26,8475,113772,113798
4654,87,8476,482871,482958
5340,29,8476,113837,113866
6675,177,8476,1029262,1029439
3021,183,8477,1029318,1029501
3056,245,8477,1367432,1367677
4257,193,8477,1029421,1029614
4926,93,8477,483077,483170
6236,38,8477,114065,114103
3896,100,8478,483129,483229
4016,138,8478,780829,780967
4092,237,8478,1225321,1225558
7283,22,8478,114222,114244
8188,45,8478,114244,114289
9754,222,8478,1225398,1225620
9457,5,8479,114328,114333
1898,94,8480,483307,483401
2864,264,8480,1367474,1367738
3402,34,8481,114411,114445
4902,154,8481,781004,781158
5153,292,8481,1452571,1452863
7415,144,8481,781118,781262
8412,63,8481,114565,114628
9011,34,8481,114628,114662
1508,149,8482,781181,781330
3711,280,8482,1367576,1367856
4995,15,8482,114741,114756
7327,60,8482,114756,114816
8465,75,8482,114816,114891
8766,123,8482,781290,781413
9657,118,8482,483639,483757
1077,188,8483,1029688,1029876
3395,143,8483,781372,781515
7707,93,8483,483796,483889
1167,203,8484,1225574,1225777
2815,251,8484,1367654,1367905
4440,84,8484,483928,484012
5353,114,8484,483972,484086
7195,78,8484,115249,115327
3309,139,8485,781513,781652
3490,16,8485,115366,115382
9822,108,8485,484085,484193
2305,29,8486,115421,115450
6879,259,8486,1367703,1367962
7379,239,8486,1225695,1225934
7428,280,8486,1367762,1368042
7723,161,8486,1029953,1030114
9386,159,8486,781731,781890
4100,207,8487,1225813,1226020
4137,65,8487,115689,115754
7498,238,8487,1225860,1226098
9089,80,8487,115794,115874
9869,15,8487,115874,115889
4680,6,8488,115888,115894
5068,18,8488,115894,115912
6251,234,8488,1225937,1226171
7226,267,8488,1367840,1368107
7255,236,8488,1226051,1226287
8326,12,8488,116032,116044
8728,295,8488,1452616,1452911
6762,88,8489,484589,484677
7014,175,8489,1030231,1030406
7714,126,8489,782087,782213
7773,299,8489,1452670,1452969
9866,181,8489,1030326,1030507
2532,146,8490,782212,782358
4731,120,8490,484836,484956
5466,222,8490,1226205,1226427
9440,294,8490,1452728,1453022
2715,122,8491,782357,782479
5642,96,8491,485035,485131
5847,69,8491,116521,116590
7739,91,8491,485091,485182
1635,181,8492,1030464,1030645
2644,250,8492,1368023,1368273
2651,95,8492,485221,485316
4234,272,8492,1368073,1368345
6624,94,8492,485316,485410
7094,141,8492,782518,782659
2219,42,8493,116868,116910
4852,270,8493,1368144,1368414
8666,139,8493,782618,782757
9098,161,8493,1030644,1030805
3662,82,8494,485528,485610
5367,298,8494,1452778,1453076
6269,245,8494,1368253,1368498
6413,144,8494,782796,782940
6683,180,8494,1030764,1030944
1658,39,8495,117228,117267
1859,107,8495,485729,485836
2515,192,8495,1030823,1031015
3381,168,8495,1030895,1031063
7548,60,8495,117387,117447
8965,276,8495,1368297,1368573
1921,280,8496,1368372,1368652
3353,40,8496,117526,117566
4015,254,8496,1368452,1368706
6591,222,8496,1226621,1226843
8036,37,8496,117646,117683
2163,102,8497,486034,486136
2287,211,8497,1226682,1226893
9310,245,8497,1368505,1368750
9650,277,8497,1368550,1368827
2433,245,8498,1368626,1368871
3084,275,8498,1368671,1368946
8462,219,8498,1226892,1227111
3706,59,8499,117960,118019
3752,211,8499,1226950,1227161
6981,271,8499,1368745,1369016
8500,169,8499,1031419,1031588
1196,108,8500,486453,486561
6609,144,8500,783494,783638
7689,212,8500,1227040,1227252
8182,229,8500,1227092,1227321
9543,209,8500,1227161,1227370
1133,253,8501,1368814,1369067
1150,96,8501,486720,486816
1214,300,8501,1452829,1453129
1289,255,8501,1368907,1369162
2459,80,8501,118497,118577
4704,134,8501,783797,783931
4923,230,8501,1227329,1227559
5818,155,8501,783891,784046
6013,29,8501,118697,118726
6192,144,8501,783966,784110
9619,289,8501,1452889,1453178
5984,274,8502,1369001,1369275
6290,299,8502,1452937,1453236
6305,143,8502,784149,784292
7636,99,8502,487175,487274
8587,104,8502,487234,487338
2743,182,8503,1031864,1032046
6563,157,8503,784251,784408
6620,12,8503,119084,119096
6692,18,8503,119096,119114
8731,286,8503,1452995,1453281
8943,21,8503,119154,119175
6908,282,8504,1453040,1453322
7292,35,8504,119214,119249
2505,7,8505,119248,119255
3223,145,8505,784406,784551
4442,103,8505,487495,487598
4796,196,8505,1032004,1032200
6718,252,8505,1369192,1369444
5687,140,8506,784550,784690
6846,85,8506,487677,487762
1126,205,8507,1227633,1227838
3607,87,8507,487761,487848
4969,253,8507,1369242,1369495
6674,168,8507,1032198,1032366
7612,280,8507,1369295,1369575
8738,237,8507,1227758,1227995
1366,263,8508,1369374,1369637
3011,138,8508,784848,784986
4370,156,8508,784906,785062
7302,118,8508,488087,488205
7700,240,8508,1227874,1228114
9333,213,8508,1227954,1228167
6114,1,8509,119971,119972
7492,44,8509,119972,120016
7843,113,8509,488244,488357
8488,175,8509,1032444,1032619
9522,77,8509,120096,120173
1587,15,8510,120172,120187
1774,188,8510,1032498,1032686
4176,184,8510,1032566,1032750
5159,94,8510,488436,488530
5406,144,8510,785180,785324
8979,134,8510,785244,785378
9228,272,8510,1369435,1369707
9254,126,8510,785338,785464
3871,219,8511,1228044,1228263
4593,38,8511,120506,120544
7511,132,8511,785423,785555
9793,175,8511,1032709,1032884
4265,87,8512,488768,488855
4653,75,8512,120663,120738
5759,297,8512,1453074,1453371
5856,212,8512,1228142,1228354
6918,170,8512,1032843,1033013
7311,234,8512,1228194,1228428
7946,79,8512,120898,120977
8123,156,8512,785674,785830
8290,219,8512,1228268,1228487
1950,42,8513,121056,121098
8138,288,8513,1453130,1453418
3224,215,8514,1228365,1228580
8692,241,8514,1369583,1369824
9078,144,8514,785908,786052
3773,77,8515,121256,121333
3777,124,8515,785971,786095
4825,83,8515,489252,489335
7096,191,8515,1033090,1033281
8155,91,8515,489335,489426
4990,226,8516,1228458,1228684
6364,245,8516,1369622,1369867
8143,243,8516,1369667,1369910
9423,259,8516,1369710,1369969
9766,211,8516,1228644,1228855
2618,211,8517,1228694,1228905
4426,281,8517,1453174,1453455
4913,207,8517,1228785,1228992
6110,143,8517,786373,786516
3535,167,8518,1033478,1033645
6542,300,8518,1453214,1453514
1842,209,8519,1228870,1229079
3060,236,8519,1228919,1229155
3145,31,8519,122009,122040
4273,183,8519,1033644,1033827
5006,294,8519,1453273,1453567
6335,38,8519,122120,122158
9290,128,8519,786674,786802
4627,23,8520,122197,122220
6436,195,8520,1033746,1033941
6786,279,8520,1369885,1370164
7999,296,8520,1453326,1453622
8136,19,8520,122340,122359
9236,207,8520,1229114,1229321
5058,209,8521,1229160,1229369
6358,140,8521,786920,787060
8297,169,8521,1033980,1034149
1550,292,8522,1453380,1453672
2429,242,8522,1370042,1370284
3306,170,8522,1034108,1034278
3995,141,8522,787139,787280
4673,155,8522,787200,787355
6092,297,8522,1453432,1453729
7786,163,8522,1034198,1034361
1059,45,8523,122796,122841
3106,46,8523,122841,122887
4423,13,8523,122887,122900
5791,214,8523,1229327,1229541
9724,173,8523,1034280,1034453
1459,28,8524,122979,123007
2059,287,8524,1453487,1453774
2354,239,8524,1229420,1229659
6332,25,8524,123087,123112
7976,26,8524,123112,123138
9346,47,8524,123138,123185
1523,271,8525,1370161,1370432
2694,135,8525,787552,787687
5266,284,8525,1453533,1453817
6312,267,8525,1370272,1370539
6389,153,8525,787687,787840
7106,13,8525,123384,123397
7180,158,8525,787760,787918
8904,90,8525,490976,491066
3925,288,8526,1453576,1453864
3262,168,8527,1034569,1034737
5171,272,8527,1370377,1370649
5720,184,8527,1034657,1034841
9199,12,8527,123635,123647
6349,113,8528,491183,491296
3705,205,8529,1229694,1229899
4545,123,8529,788034,788157
5693,23,8529,123765,123788
6017,158,8529,788077,788235
6088,202,8529,1229739,1229941
2750,114,8530,491414,491528
3029,261,8530,1370446,1370707
3046,257,8530,1370507,1370764
3204,129,8530,788274,788403
4326,291,8530,1453620,1453911
4401,161,8530,1034918,1035079
4948,276,8530,1370604,1370880
7507,240,8530,1229940,1230180
8698,47,8530,124187,124234
2587,7,8531,124233,124240
7250,99,8531,491767,491866
9545,12,8531,124280,124292
2962,274,8532,1370678,1370952
3421,255,8532,1370752,1371007
3747,259,8532,1370807,1371066
3894,128,8532,788601,788729
9526,148,8532,788649,788797
1536,260,8533,1370865,1371125
5486,121,8533,788756,788877
6086,107,8533,492104,492211
6227,156,8533,788797,788953
2603,219,8534,1230176,1230395
4674,213,8534,1230235,1230448
1796,94,8535,492289,492383
3003,36,8535,124768,124804
5975,256,8535,1370923,1371179
9985,182,8535,1035314,1035496
1826,129,8536,789030,789159
2753,202,8536,1230326,1230528
3235,131,8536,789119,789250
3568,54,8536,125003,125057
6045,98,8536,492542,492640
1625,154,8537,789169,789323
4382,122,8537,789243,789365
5312,95,8537,492679,492774
6545,139,8537,789285,789424
7182,96,8537,492774,492870
9477,175,8537,1035414,1035589
2683,26,8538,125335,125361
5747,120,8538,492869,492989
7215,146,8538,789383,789529
1048,39,8539,125440,125479
2141,186,8539,1035467,1035653
2281,1,8539,125519,125520
3023,94,8539,493028,493122
6038,293,8539,1453662,1453955
7819,209,8539,1230405,1230614
8742,84,8539,493162,493246
1583,26,8540,125679,125705
2233,25,8540,125705,125730
4012,140,8540,789567,789707
3331,176,8541,1035611,1035787
3588,231,8541,1230452,1230683
3655,175,8541,1035707,1035882
5396,147,8541,789746,789893
6418,269,8541,1371013,1371282
1861,192,8542,1035801,1035993
3776,164,8542,1035873,1036037
9611,62,8542,126048,126110
3124,66,8543,126109,126175
2227,242,8544,1371079,1371321
3719,118,8544,493561,493679
6328,254,8544,1371121,1371375
6746,259,8544,1371175,1371434
9484,117,8544,493719,493836
2332,20,8545,126373,126393
3433,71,8545,126393,126464
7346,7,8545,126464,126471
8865,150,8545,790049,790199
2845,243,8546,1371232,1371475
4332,78,8546,126550,126628
4548,122,8546,790158,790280
5792,210,8546,1230718,1230928
7107,145,8546,790240,790385
8196,4,8546,126748,126752
4125,20,8547,126751,126771
6715,3,8548,126770,126773
7822,146,8548,790303,790449
1479,187,8549,1036110,1036297
1552,41,8549,126852,126893
4060,43,8549,126893,126936
4935,10,8549,126936,126946
7879,237,8549,1230765,1231002
1915,65,8550,126985,127050
2700,92,8550,494110,494202
5983,291,8550,1453704,1453995
2039,235,8551,1230880,1231115
2757,228,8551,1230955,1231183
3110,278,8551,1371310,1371588
6807,213,8551,1231063,1231276
6906,140,8551,790646,790786
8050,190,8551,1036415,1036605
8299,227,8551,1231116,1231343
2125,126,8552,790785,790911
3190,156,8552,790831,790987
3436,286,8552,1453753,1454039
5660,27,8552,127528,127555
1597,29,8553,127554,127583
2104,226,8553,1231221,1231447
1239,215,8554,1231286,1231501
5839,37,8554,127662,127699
6075,66,8554,127699,127765
6188,158,8554,791025,791183
8118,56,8554,127805,127861
1674,59,8555,127860,127919
2079,129,8555,791102,791231
2387,17,8555,127959,127976
6100,138,8555,791151,791289
9243,213,8555,1231340,1231553
9740,3,8555,128056,128059
3006,67,8556,128058,128125
5935,224,8556,1231392,1231616
2116,245,8557,1371422,1371667
3988,134,8557,791327,791461
6806,31,8557,128244,128275
7090,281,8557,1453794,1454075
7278,213,8557,1231535,1231748
2702,297,8558,1453834,1454131
5350,220,8558,1231627,1231847
6005,160,8558,791540,791700
6525,261,8559,1371545,1371806
6703,190,8559,1036957,1037147
3758,187,8560,1037026,1037213
4162,32,8560,128592,128624
7071,13,8560,128624,128637
3899,207,8561,1231724,1231931
5200,168,8561,1037132,1037300
6264,24,8561,128716,128740
6295,178,8561,1037180,1037358
7411,96,8561,495391,495487
7748,180,8561,1037238,1037418
9944,4,8561,128860,128864
2371,46,8562,128863,128909
3035,54,8562,128909,128963
5745,91,8562,495486,495577
5923,96,8562,495537,495633
7493,216,8562,1231770,1231986
9592,230,8562,1231826,1232056
5075,160,8563,791975,792135
5902,17,8563,129162,129179
6261,232,8563,1231895,1232127
8640,61,8563,129219,129280
9929,138,8563,792095,792233
1858,17,8564,129319,129336
4388,213,8564,1231966,1232179
7172,120,8564,495831,495951
2538,212,8565,1232018,1232230
4231,235,8565,1232070,1232305
4658,278,8565,1371600,1371878
5351,37,8565,129535,129572
7206,35,8565,129572,129607
7629,184,8565,1037574,1037758
9425,104,8565,496070,496174
2347,250,8566,1371677,1371927
4218,77,8566,129726,129803
7405,5,8566,129803,129808
7772,151,8566,792390,792541
3545,292,8567,1453882,1454174
4678,279,8567,1371766,1372045
6429,231,8567,1232303,1232534
6534,191,8567,1037796,1037987
8375,100,8567,496372,496472
8396,87,8567,496432,496519
8885,73,8567,130087,130160
3653,104,8568,496478,496582
5289,109,8568,496542,496651
6510,28,8568,130239,130267
7056,19,8568,130267,130286
7658,270,8568,1371844,1372114
8325,177,8568,1037906,1038083
9163,192,8568,1037963,1038155
9571,214,8568,1232413,1232627
9574,161,8568,1038075,1038236
1073,198,8569,1038115,1038313
1854,20,8569,130525,130545
3356,94,8569,496850,496944
3247,66,8570,130584,130650
2325,207,8571,1232464,1232671
4067,77,8571,130689,130766
6957,91,8571,496942,497033
7579,39,8571,130806,130845
7823,237,8571,1232511,1232748
8480,189,8571,1038271,1038460
8483,240,8571,1232588,1232828
8722,62,8571,130965,131027
4096,104,8572,497112,497216
7571,89,8572,497176,497265
9780,240,8572,1232667,1232907
1177,93,8573,497264,497357
5117,200,8573,1038418,1038618
7865,228,8573,1232746,1232974
9227,107,8573,497397,497504
1911,96,8574,497463,497559
2067,5,8574,131344,131349
2484,124,8574,793133,793257
4355,162,8574,1038537,1038699
4663,65,8574,131429,131494
5385,37,8574,131494,131531
9255,244,8574,1371908,1372152
9840,163,8574,1038619,1038782
1228,247,8575,1371951,1372198
1270,143,8575,793336,793479
1440,113,8575,497758,497871
2629,36,8575,131730,131766
5194,219,8575,1232892,1233111
5293,52,8575,131806,131858
1920,277,8576,1371997,1372274
1952,63,8576,131897,131960
4157,212,8576,1232990,1233202
4193,84,8576,497950,498034
5014,113,8576,497994,498107
5542,191,8576,1038820,1039011
6650,12,8576,132120,132132
8859,266,8576,1372074,1372340
1745,8,8577,132171,132179
1776,185,8577,1038930,1039115
5112,27,8577,132219,132246
6447,258,8577,1372139,1372397
6847,67,8577,132286,132353
6951,256,8577,1372197,1372453
7620,179,8577,1039075,1039254
2979,103,8578,498305,498408
3061,99,8578,498368,498467
7740,125,8578,793756,793881
7821,96,8578,498467,498563
1567,185,8579,1039132,1039317
5559,83,8579,498562,498645
5572,195,8579,1039197,1039392
6969,24,8579,132711,132735
7219,199,8579,1039272,1039471
7274,98,8579,498685,498783
7318,106,8579,498743,498849
8000,61,8579,132855,132916
8320,137,8579,793920,794057
8373,138,8579,793977,794115
8701,135,8579,794035,794170
9894,180,8579,1039351,1039531
1201,202,8580,1233158,1233360
1554,151,8580,794169,794320
2499,195,8580,1039450,1039645
4131,294,8580,1453921,1454215
7105,18,8580,133235,133253
8790,108,8580,499128,499236
2084,18,8581,133292,133310
4112,290,8581,1453974,1454264
4260,257,8581,1372329,1372586
4677,35,8581,133390,133425
5135,7,8581,133425,133432
8453,278,8582,1372385,1372663
1870,199,8583,1039682,1039881
2311,186,8583,1039761,1039947
3299,264,8583,1372462,1372726
5579,111,8583,499433,499544
6354,293,8583,1454022,1454315
7941,27,8583,133670,133697
8639,284,8583,1454075,1454359
9871,9,8583,133737,133746
1329,90,8584,499583,499673
2078,255,8584,1372605,1372860
2292,83,8584,499673,499756
6784,39,8584,133865,133904
7603,242,8584,1372660,1372902
8558,294,8584,1454118,1454412
2031,27,8585,133983,134010
2136,295,8585,1454171,1454466
7159,70,8585,134050,134120
9151,51,8585,134120,134171
9941,193,8585,1040105,1040298
3125,168,8586,1040177,1040345
4920,2,8586,134250,134252
8709,28,8586,134252,134280
2438,256,8587,1372779,1373035
3636,169,8587,1040264,1040433
3774,227,8587,1233673,1233900
8449,232,8587,1233740,1233972
1373,83,8588,500072,500155
1429,210,8588,1233811,1234021
2368,232,8588,1233861,1234093
2986,149,8589,795111,795260
4814,135,8589,795180,795315
7129,63,8589,134637,134700
7151,33,8589,134700,134733
9721,161,8589,1040471,1040632
2056,93,8590,500313,500406
4518,189,8590,1040511,1040700
7095,111,8590,500406,500517
7931,167,8590,1040580,1040747
1931,124,8591,795353,795477
2654,260,8591,1372831,1373091
3816,111,8591,500596,500707
8988,147,8591,795437,795584
9081,148,8591,795504,795652
2539,70,8592,135130,135200
4302,12,8592,135200,135212
6325,115,8592,500746,500861
8883,287,8592,1454219,1454506
2418,188,8593,1040704,1040892
5837,157,8593,795650,795807
6876,3,8593,135371,135374
7683,172,8593,1040772,1040944
3958,277,8594,1372928,1373205
5193,72,8594,135453,135525
6177,154,8594,795806,795960
1031,53,8595,135564,135617
3317,114,8595,501058,501172
5589,285,8595,1454263,1454548
6152,215,8595,1234086,1234301
9002,263,8595,1373044,1373307
9043,117,8595,501252,501369
1756,199,8596,1040981,1041180
4356,150,8596,796038,796188
4936,185,8596,1041060,1041245
9383,170,8596,1041125,1041295
3812,1,8597,135975,135976
4106,193,8597,1041174,1041367
4959,32,8597,136016,136048
1397,102,8598,501526,501628
7128,19,8598,136087,136106
8058,21,8598,136106,136127
8700,130,8598,796226,796356
3372,237,8599,1234177,1234414
5373,20,8599,136206,136226
5762,84,8599,501667,501751
8585,143,8599,796315,796458
1790,166,8600,1041284,1041450
7322,63,8600,136345,136408
8257,228,8600,1234253,1234481
8616,262,8600,1373102,1373364
9047,112,8600,501870,501982
9391,95,8600,501942,502037
9623,286,8600,1454303,1454589
1860,191,8601,1041449,1041640
5718,42,8601,136647,136689
6930,277,8601,1373203,1373480
7337,226,8601,1234440,1234666
9009,25,8601,136769,136794
9161,105,8601,502156,502261
1908,180,8602,1041599,1041779
3505,85,8602,502260,502345
3622,103,8602,502305,502408
3671,37,8602,136953,136990
4117,250,8602,1373279,1373529
8520,187,8602,1041699,1041886
8803,55,8602,137070,137125
9257,3,8602,137125,137128
3399,205,8603,1234544,1234749
3659,136,8603,796814,796950
1919,48,8604,137206,137254
8827,58,8604,137254,137312
1995,249,8605,1373326,1373575
4532,215,8605,1234627,1234842
1909,41,8606,137390,137431
4932,175,8606,1041882,1042057
7257,96,8606,502644,502740
8868,213,8606,1234681,1234894
9099,58,8606,137551,137609
9601,35,8606,137609,137644
9777,43,8606,137644,137687
9832,13,8606,137687,137700
1581,50,8607,137699,137749
1833,299,8607,1454342,1454641
6496,28,8607,137789,137817
6890,278,8607,1373413,1373691
7593,257,8607,1373491,1373748
9442,125,8607,797146,797271
3004,300,8608,1454400,1454700
7569,134,8608,797230,797364
9449,290,8608,1454460,1454750
9760,275,8608,1373627,1373902
1588,69,8609,138095,138164
2345,253,8609,1373701,1373954
2774,46,8609,138204,138250
2914,189,8609,1042254,1042443
3566,34,8609,138290,138324
7801,179,8609,1042323,1042502
8470,163,8609,1042382,1042545
9293,5,8609,138404,138409
4574,250,8610,1373753,1374003
6350,247,8610,1373803,1374050
7948,227,8610,1235090,1235317
8559,248,8610,1373850,1374098
9032,193,8610,1042584,1042777
2942,191,8611,1042656,1042847
5665,198,8611,1042727,1042925
6299,132,8611,797801,797933
8407,174,8611,1042805,1042979
8609,17,8611,138767,138784
2648,141,8612,797892,798033
2773,89,8612,503614,503703
7681,8,8612,138863,138871
8234,125,8612,797953,798078
4775,210,8613,1235194,1235404
9858,148,8613,798037,798185
1781,33,8614,138989,139022
4758,229,8614,1235243,1235472
7968,187,8614,1042936,1043123
2243,182,8615,1043002,1043184
3456,127,8615,798223,798350
5040,111,8615,503940,504051
6001,8,8615,139221,139229
1310,119,8616,504010,504129
5148,283,8616,1454502,1454785
5628,176,8616,1043103,1043279
6215,164,8616,1043159,1043323
7733,249,8616,1373932,1374181
8740,135,8616,798429,798564
9448,9,8616,139468,139477
3028,119,8617,504288,504407
3396,230,8617,1235389,1235619
4379,292,8617,1454544,1454836
4594,129,8617,798563,798692
1516,117,8618,504486,504603
1813,228,8618,1235498,1235726
2419,244,8618,1374019,1374263
3769,288,8618,1454595,1454883
4906,155,8618,798731,798886
4937,199,8618,1043441,1043640
5383,64,8618,139875,139939
5796,194,8618,1043520,1043714
1243,256,8619,1374102,1374358
9373,266,8619,1374158,1374424
4205,270,8620,1374223,1374493
5826,48,8620,140097,140145
7951,196,8620,1043712,1043908
8647,190,8620,1043788,1043978
1434,103,8621,505000,505103
1537,286,8621,1454640,1454926
1852,54,8621,140304,140358
1990,21,8621,140358,140379
3290,1,8621,140379,140380
3435,31,8621,140380,140411
3477,49,8621,140411,140460
3815,186,8621,1043897,1044083
5306,188,8621,1043963,1044151
6856,295,8621,1454686,1454981
7488,4,8621,140580,140584
9529,61,8621,140584,140645
3152,203,8622,1235842,1236045
3608,284,8622,1454740,1455024
4715,245,8622,1374411,1374656
6245,238,8622,1235965,1236203
2749,232,8623,1236042,1236274
4617,36,8623,140843,140879
4927,52,8623,140879,140931
5754,70,8623,140931,141001
9005,270,8623,1374455,1374725
1360,85,8624,505460,505545
1962,133,8624,799480,799613
3510,173,8624,1044308,1044481
7911,36,8624,141160,141196
8374,204,8624,1236153,1236357
8429,281,8624,1454782,1455063
9368,259,8624,1374564,1374823
2182,195,8625,1044480,1044675
3772,185,8625,1044555,1044740
9972,300,8625,1454822,1455122
4528,25,8626,141434,141459
6320,174,8626,1044659,1044833
6975,197,8626,1044713,1044910
7102,223,8626,1236315,1236538
8261,273,8626,1374661,1374934
8683,16,8626,141619,141635
3926,148,8627,799970,800118
4294,63,8627,141674,141737
6843,210,8627,1236417,1236627
7030,48,8627,141777,141825
2678,70,8628,141824,141894
5495,263,8628,1374732,1374995
5849,71,8628,141934,142005
7232,257,8628,1374795,1375052
7894,70,8628,142045,142115
8250,84,8628,506141,506225
8447,298,8628,1454879,1455177
3202,135,8629,800196,800331
6574,60,8629,142234,142294
6905,164,8629,1045027,1045191
9157,227,8629,1236585,1236812
2573,173,8630,1045110,1045283
6179,46,8630,142413,142459
7820,253,8630,1374890,1375143
8120,70,8630,142499,142569
8580,54,8630,142569,142623
1227,229,8631,1236690,1236919
1981,235,8631,1236759,1236994
3297,210,8631,1236834,1237044
3425,32,8631,142742,142774
3991,27,8631,142774,142801
4199,274,8631,1374942,1375216
5388,142,8631,800569,800711
5422,275,8631,1375016,1375291
1618,236,8632,1236963,1237199
1624,14,8632,142960,142974
8115,36,8632,142974,143010
2373,92,8633,506700,506792
3391,197,8633,1045440,1045637
3915,52,8633,143089,143141
7711,153,8633,800749,800902
8433,53,8633,143181,143234
9831,2,8633,143234,143236
3898,255,8634,1375088,1375343
4164,85,8634,506871,506956
5580,139,8634,800861,801000
7376,123,8634,800920,801043
7660,99,8634,506996,507095
8176,21,8634,143435,143456
2016,288,8635,1454930,1455218
5483,209,8635,1237116,1237325
8708,275,8635,1375182,1375457
1318,287,8636,1454977,1455264
1835,209,8636,1237244,1237453
3806,267,8636,1375296,1375563
4886,95,8636,507293,507388
7061,292,8636,1455024,1455316
9114,87,8636,507388,507475
2254,173,8637,1045833,1046006
2486,127,8637,801280,801407
2901,202,8637,1237372,1237574
3528,116,8637,507554,507670
3910,287,8637,1455075,1455362
7164,162,8637,1045966,1046128
7363,23,8637,144053,144076
8385,214,8637,1237454,1237668
8818,141,8637,801487,801628
9046,172,8637,1046048,1046220
9542,28,8637,144196,144224
1647,55,8638,144223,144278
3157,4,8639,144277,144281
8583,65,8639,144281,144346
3130,227,8640,1237505,1237732
4895,32,8640,144385,144417
9393,73,8640,144417,144490
3220,68,8641,144489,144557
4194,169,8641,1046136,1046305
6911,3,8641,144597,144600
8201,144,8641,801664,801808
8901,285,8641,1455118,1455403
9520,220,8641,1237611,1237831
1225,100,8642,508025,508125
1824,278,8642,1375477,1375755
4070,267,8642,1375555,1375822
5208,34,8642,144839,144873
8199,99,8642,508165,508264
5943,300,8643,1455161,1455461
8880,277,8643,1375661,1375938
6623,248,8644,1375737,1375985
7353,189,8644,1046462,1046651
7577,61,8644,145071,145132
1096,204,8645,1237867,1238071
4214,117,8645,508421,508538
6079,266,8645,1375784,1376050
2435,260,8646,1375849,1376109
3968,38,8646,145290,145328
9112,123,8646,802163,802286
1917,251,8647,1375908,1376159
3501,44,8647,145407,145451
4860,65,8647,145451,145516
5840,118,8647,508656,508774
7261,119,8647,508734,508853
3960,271,8648,1375958,1376229
5035,240,8648,1238068,1238308
6775,200,8648,1046767,1046967
2159,172,8649,1046846,1047018
5661,11,8649,145754,145765
7915,231,8649,1238147,1238378
8976,210,8649,1238218,1238428
1460,202,8650,1238267,1238469
1506,135,8650,802522,802657
3606,70,8650,145924,145994
4253,296,8650,1455214,1455510
6719,245,8650,1376067,1376312
8346,207,8650,1238389,1238596
4861,42,8651,146113,146155
5841,292,8652,1455268,1455560
6867,94,8652,509288,509382
7368,219,8652,1238474,1238693
8359,213,8652,1238533,1238746
8697,257,8652,1376150,1376407
1761,21,8653,146353,146374
4321,11,8653,146374,146385
5366,165,8653,1047294,1047459
5773,167,8653,1047339,1047506
1998,287,8654,1455318,1455605
9200,116,8654,509580,509696
6710,197,8655,1047424,1047621
6722,24,8655,146583,146607
8538,82,8655,509695,509777
9320,155,8655,803012,803167
1437,125,8656,803086,803211
5130,91,8656,509816,509907
5440,237,8656,1238662,1238899
5915,177,8656,1047540,1047717
8893,24,8656,146846,146870
1090,219,8657,1238738,1238957
1221,65,8657,146909,146974
7557,140,8657,803250,803390
1086,93,8658,510025,510118
2135,37,8658,147053,147090
3831,114,8658,510078,510192
3944,191,8658,1047635,1047826
5828,293,8658,1455361,1455654
1097,140,8659,803388,803528
5027,192,8659,1047745,1047937
8878,93,8659,510311,510404
2989,253,8660,1376279,1376532
3166,38,8660,147368,147406
5280,52,8660,147406,147458
5347,165,8660,1047856,1048021
6103,81,8660,510443,510524
6599,204,8660,1238874,1239078
6671,163,8660,1047941,1048104
7546,187,8660,1047984,1048171
7876,169,8660,1048051,1048220
8253,19,8660,147698,147717
1181,32,8661,147716,147748
1462,276,8661,1376331,1376607
3400,290,8661,1455411,1455701
3432,61,8661,147828,147889
5859,62,8661,147889,147951
7033,169,8661,1048179,1048348
9193,214,8661,1238997,1239211
2395,201,8662,1239050,1239251
4657,125,8662,803925,804050
8782,43,8662,148110,148153
9249,125,8662,803970,804095
9602,98,8662,510922,511020
1108,62,8663,148232,148294
2134,26,8663,148294,148320
5327,161,8663,1048306,1048467
8307,106,8663,511019,511125
9106,238,8663,1239090,1239328
5558,298,8664,1455458,1455756
1275,256,8665,1376483,1376739
4746,81,8665,511203,511284
6084,264,8665,1376539,1376803
6626,3,8665,148598,148601
7804,172,8665,1048505,1048677
7981,296,8665,1455515,1455811
1362,286,8666,1455570,1455856
3387,140,8666,804331,804471
3499,64,8666,148760,148824
3540,39,8666,148824,148863
5893,110,8666,511443,511553
9082,110,8666,511513,511623
1438,210,8667,1239364,1239574
2173,285,8667,1455615,1455900
5098,131,8667,804470,804601
6824,20,8667,149062,149082
7065,96,8667,511702,511798
7348,294,8667,1455660,1455954
8213,108,8667,511798,511906
8452,13,8667,149202,149215
9958,201,8667,1239494,1239695
1111,205,8668,1239534,1239739
1399,47,8668,149294,149341
3282,175,8668,1048834,1049009
7201,98,8668,511985,512083
2252,298,8669,1455712,1456010
3063,262,8669,1376799,1377061
3450,257,8669,1376861,1377118
4329,241,8669,1376918,1377159
6532,220,8669,1239738,1239958
9222,154,8669,804879,805033
2204,274,8670,1376958,1377232
5241,172,8670,1049127,1049299
5772,277,8670,1377032,1377309
8156,81,8670,512401,512482
1385,279,8671,1377108,1377387
6550,257,8671,1377187,1377444
7674,283,8671,1455768,1456051
8409,264,8671,1377284,1377548
1478,35,8672,149977,150012
2388,295,8672,1455810,1456105
3657,188,8672,1049417,1049605
5104,43,8672,150092,150135
5245,75,8672,150135,150210
8278,243,8672,1377387,1377630
1862,141,8673,805349,805490
2240,47,8673,150289,150336
7193,6,8673,150336,150342
8861,60,8673,150342,150402
2217,57,8674,150401,150458
8163,59,8674,150458,150517
9135,158,8674,805409,805567
6130,44,8675,150556,150600
7160,210,8675,1240112,1240322
8710,167,8675,1049562,1049729
9872,151,8675,805566,805717
3652,23,8676,150719,150742
7439,32,8676,150742,150774
8413,118,8676,512916,513034
9018,4,8676,150814,150818
9561,95,8676,512994,513089
1795,113,8677,513048,513161
3362,214,8677,1240160,1240374
4398,141,8677,805675,805816
6779,52,8677,150977,151029
8489,58,8677,151029,151087
9835,143,8677,805736,805879
1996,257,8678,1377424,1377681
4553,178,8678,1049686,1049864
4897,38,8678,151206,151244
6633,93,8678,513320,513413
9620,249,8678,1377481,1377730
4237,18,8679,151323,151341
7373,167,8679,1049783,1049950
9751,121,8679,805957,806078
2190,89,8680,513491,513580
3380,12,8680,151460,151472
5939,111,8680,513540,513651
8100,87,8680,513611,513698
2118,197,8681,1049828,1050025
1973,192,8682,1049904,1050096
2394,38,8682,151630,151668
5838,247,8682,1377526,1377773
1637,267,8683,1377572,1377839
2377,268,8683,1377639,1377907
4222,67,8683,151787,151854
5213,45,8683,151854,151899
1292,14,8684,151898,151912
3691,165,8684,1050094,1050259
6465,275,8684,1377706,1377981
6984,17,8684,151992,152009
2561,31,8685,152008,152039
2589,162,8685,1050178,1050340
5669,59,8686,152078,152137
5393,70,8687,152136,152206
4026,205,8688,1240443,1240648
6508,160,8688,806349,806509
7115,205,8688,1240488,1240693
9492,194,8688,1050297,1050491
9646,73,8688,152365,152438
2265,82,8689,514129,514211
3949,244,8689,1377776,1378020
5577,176,8689,1050410,1050586
9900,113,8689,514251,514364
3341,144,8690,806587,806731
3734,238,8690,1240571,1240809
5715,60,8691,152675,152735
6794,241,8691,1377818,1378059
8729,118,8691,514442,514560
9960,8,8691,152815,152823
5937,109,8692,514519,514628
6662,216,8692,1240687,1240903
6831,67,8692,152902,152969
8956,190,8692,1050583,1050773
9908,230,8692,1240743,1240973
1179,195,8693,1050692,1050887
1539,209,8693,1240812,1241021
1957,44,8693,153128,153172
3987,202,8693,1240861,1241063
3018,195,8694,1050846,1051041
3731,275,8694,1377856,1378131
4524,182,8694,1050961,1051143
5028,22,8694,153331,153353
6334,113,8694,514946,515059
1389,281,8695,1455842,1456123
2130,237,8695,1240981,1241218
3326,138,8695,807166,807304
4733,126,8695,807224,807350
5221,244,8695,1377970,1378214
5710,44,8695,153592,153636
1867,232,8696,1241097,1241329
3598,64,8696,153675,153739
3867,73,8696,153739,153812
4395,137,8696,807349,807486
5235,165,8696,1051181,1051346
7321,168,8696,1051226,1051394
9827,256,8696,1378013,1378269
3256,149,8697,807525,807674
4076,160,8697,807594,807754
9185,255,8697,1378068,1378323
1887,207,8698,1241247,1241454
2051,102,8698,515575,515677
2107,109,8698,515637,515746
4035,232,8698,1241294,1241526
5392,139,8698,807793,807932
6854,48,8698,154290,154338
7178,159,8698,807852,808011
9101,118,8698,515826,515944
9828,105,8698,515904,516009
3333,43,8699,154457,154500
3340,272,8699,1378121,1378393
4770,60,8699,154540,154600
9733,81,8699,516008,516089
1694,160,8700,807969,808129
1969,258,8700,1378192,1378450
2775,238,8700,1241444,1241682
4330,195,8700,1051550,1051745
5477,100,8700,516208,516308
5861,50,8700,154839,154889
7520,17,8700,154889,154906
8479,31,8700,154906,154937
8896,50,8702,154935,154985
1418,290,8703,1455875,1456165
1551,257,8703,1378287,1378544
1578,227,8703,1241599,1241826
1901,171,8703,1051742,1051913
8618,69,8703,155144,155213
3378,238,8704,1241665,1241903
5113,58,8704,155252,155310
6474,37,8704,155310,155347
8245,65,8704,155347,155412
8815,37,8704,155412,155449
5036,17,8705,155448,155465
5825,236,8705,1241742,1241978
9109,20,8705,155505,155525
1557,14,8706,155524,155538
2308,221,8706,1241817,1242038
4669,207,8706,1241878,1242085
6696,250,8706,1378341,1378591
1173,88,8707,516621,516709
1541,182,8707,1051989,1052171
2221,106,8707,516709,516815
2423,56,8707,155777,155833
3654,99,8707,516775,516874
3770,114,8707,516834,516948
6512,47,8707,155913,155960
8272,51,8707,155960,156011
1984,297,8708,1455920,1456217
2178,170,8708,1052090,1052260
2879,285,8708,1455977,1456262
3315,81,8708,517027,517108
4252,157,8708,808681,808838
5109,226,8708,1242043,1242269
8029,228,8708,1242109,1242337
3796,75,8709,156289,156364
4399,49,8709,156364,156413
5432,89,8709,517187,517276
5504,163,8709,1052259,1052422
7184,76,8709,156493,156569
7390,261,8709,1378468,1378729
8003,231,8709,1242216,1242447
8219,257,8709,1378529,1378786
8723,119,8709,517396,517515
8930,185,8709,1052422,1052607
9815,112,8709,517515,517627
3105,7,8710,156808,156815
3703,115,8710,517586,517701
5508,232,8710,1242326,1242558
7011,105,8710,517701,517806
8018,65,8710,156935,157000
8966,4,8710,157000,157004
9604,216,8710,1242398,1242614
1070,202,8711,1242453,1242655
1498,299,8712,1456018,1456317
3924,126,8712,809194,809320
3928,273,8712,1378623,1378896
5800,204,8712,1242574,1242778
1407,163,8714,1052722,1052885
2128,111,8714,518042,518153
2129,197,8714,1052765,1052962
6186,298,8714,1456075,1456373
6368,122,8714,809438,809560
8463,86,8714,518233,518319
4038,276,8715,1378733,1379009
4187,168,8715,1052921,1053089
4867,297,8715,1456132,1456429
5201,111,8715,518398,518509
6423,67,8715,157639,157706
7197,125,8715,809599,809724
2563,115,8716,518508,518623
2906,127,8716,809643,809770
3085,224,8716,1242734,1242958
5330,43,8716,157865,157908
6249,237,8716,1242798,1243035
1482,32,8717,157947,157979
3133,299,8717,1456187,1456486
3853,126,8717,809809,809935
5632,195,8717,1053127,1053322
7936,120,8717,518822,518942
7950,149,8718,809894,810043
8613,82,8718,518941,519023
6322,256,8719,1378885,1379141
3681,228,8720,1242951,1243179
5441,117,8720,519061,519178
5744,144,8720,810041,810185
7038,35,8720,158376,158411
7243,286,8720,1456243,1456529
5817,297,8721,1456288,1456585
6214,123,8721,810184,810307
6399,197,8721,1053358,1053555
6823,109,8721,519337,519446
3666,255,8722,1379018,1379273
4151,204,8722,1243137,1243341
5485,63,8722,158689,158752
5617,195,8722,1053514,1053709
6444,242,8722,1379073,1379315
9901,40,8722,158832,158872
2401,227,8723,1243220,1243447
5394,31,8723,158911,158942
7167,210,8723,1243287,1243497
8392,64,8724,158981,159045
1284,247,8725,1379112,1379359
1881,47,8725,159084,159131
2249,21,8725,159131,159152
2309,196,8725,1053746,1053942
6553,124,8725,810583,810707
7462,3,8725,159232,159235
9181,26,8725,159235,159261
9580,174,8725,1053822,1053996
6211,53,8726,159300,159353
2722,132,8727,810665,810797
3405,227,8727,1243373,1243600
4083,289,8727,1456339,1456628
4335,19,8727,159472,159491
4862,43,8727,159491,159534
1411,298,8728,1456387,1456685
2966,158,8728,810836,810994
8997,152,8728,810914,811066
2162,211,8729,1243518,1243729
1611,67,8730,159691,159758
1697,5,8730,159758,159763
3601,143,8730,811024,811167
4056,238,8730,1243568,1243806
6736,199,8730,1054071,1054270
9155,17,8730,159883,159900
1291,98,8731,520196,520294
1559,71,8731,159939,160010
1892,94,8731,520254,520348
4069,182,8731,1054149,1054331
3639,159,8732,811205,811364
4305,30,8732,160129,160159
5480,54,8732,160159,160213
6544,10,8732,160213,160223
7047,165,8732,1054210,1054375
7958,193,8732,1054255,1054448
8339,193,8732,1054328,1054521
8801,257,8732,1379232,1379489
1890,16,8733,160382,160398
2959,67,8733,160398,160465
3626,65,8733,160465,160530
6647,294,8733,1456440,1456734
7646,138,8733,811483,811621
8484,1,8733,160610,160611
1840,44,8734,160610,160654
2895,154,8734,811540,811694
2933,113,8734,520665,520778
4191,199,8734,1054479,1054678
4270,16,8734,160774,160790
6101,202,8734,1243722,1243924
7276,15,8734,160830,160845
2327,212,8735,1243763,1243975
3638,157,8735,811733,811890
3823,66,8735,160924,160990
4607,64,8735,160990,161054
5074,185,8735,1054637,1054822
5829,300,8735,1456492,1456792
5918,66,8735,161134,161200
1509,150,8736,811889,812039
1605,29,8736,161239,161268
1880,294,8736,1456551,1456845
3002,14,8736,161308,161322
7453,294,8736,1456605,1456899
8810,31,8736,161362,161393
9848,9,8736,161393,161402
3466,224,8737,1243933,1244157
5552,109,8737,521135,521244
8473,13,8737,161481,161494
8685,223,8737,1243997,1244220
1026,142,8738,812117,812259
1355,293,8738,1456657,1456950
4810,139,8738,812219,812358
5124,283,8738,1456710,1456993
7204,233,8738,1244139,1244372
8006,177,8738,1055019,1055196
8651,242,8738,1379523,1379765
9988,43,8738,161813,161856
4826,58,8739,161855,161913
5734,300,8739,1456752,1457052
7177,224,8739,1244291,1244515
7458,285,8739,1456812,1457097
7887,10,8739,162033,162043
8288,4,8739,162043,162047
9473,168,8739,1055235,1055403
9962,189,8739,1055283,1055472
1443,67,8740,162126,162193
3875,295,8740,1456856,1457151
4577,224,8740,1244434,1244658
4724,207,8740,1244498,1244705
4868,162,8740,1055471,1055633
8749,43,8740,162353,162396
9382,246,8740,1379683,1379929
1390,205,8741,1244584,1244789
1729,263,8741,1379728,1379991
2201,299,8741,1456910,1457209
3735,53,8741,162555,162608
5959,184,8741,1055672,1055856
2411,137,8742,812994,813131
5123,171,8742,1055735,1055906
6841,143,8742,813091,813234
1471,231,8743,1244707,1244938
1874,218,8743,1244778,1244996
3434,44,8743,162846,162890
5702,282,8743,1456967,1457249
5756,220,8743,1244876,1245096
6955,27,8743,162970,162997
7514,139,8743,813313,813452
2303,212,8744,1244935,1245147
2680,249,8744,1379868,1380117
4505,189,8744,1056024,1056213
5061,254,8744,1379917,1380171
5229,113,8744,522557,522670
6414,207,8744,1245067,1245274
6577,11,8744,163276,163287
9599,54,8744,163287,163341
3136,175,8745,1056172,1056347
3933,221,8745,1245113,1245334
4269,210,8745,1245174,1245384
7122,175,8745,1056307,1056482
8152,288,8745,1457007,1457295
8191,213,8745,1245264,1245477
8455,76,8746,163579,163655
1747,41,8747,163654,163695
2232,74,8747,163695,163769
5276,281,8747,1457053,1457334
9934,19,8747,163809,163828
4955,291,8748,1457093,1457384
6004,216,8748,1245394,1245610
6963,159,8748,813927,814086
2075,38,8749,163946,163984
2218,220,8749,1245449,1245669
3847,156,8749,814045,814201
4146,243,8749,1380086,1380329
5869,76,8749,164104,164180
2330,163,8750,1056637,1056800
2598,230,8750,1245548,1245778
3236,96,8750,523264,523360
3344,291,8750,1457142,1457433
7067,146,8750,814280,814426
8950,107,8750,523400,523507
9765,192,8750,1056760,1056952
1480,94,8751,523506,523600
6740,94,8751,523560,523654
7401,146,8751,814385,814531
3811,230,8752,1245656,1245886
6654,78,8752,164617,164695
9568,12,8752,164695,164707
1222,6,8753,164706,164712
4071,23,8753,164712,164735
5384,27,8753,164735,164762
8591,20,8753,164762,164782
2362,23,8754,164781,164804
2391,36,8754,164804,164840
3851,216,8754,1245724,1245940
4007,30,8754,164880,164910
4771,192,8754,1056908,1057100
5808,83,8754,523771,523854
6558,30,8754,164990,165020
1174,161,8755,1056979,1057140
2002,129,8755,814607,814736
4144,71,8755,165099,165170
4490,231,8755,1245779,1246010
7010,155,8755,814696,814851
7046,161,8755,1057060,1057221
1268,197,8756,1057100,1057297
2207,140,8756,814850,814990
3467,137,8756,814910,815047
5855,205,8756,1245849,1246054
1071,168,8757,1057216,1057384
4129,272,8757,1380161,1380433
5262,17,8758,165527,165544
7408,30,8758,165544,165574
9341,102,8758,524250,524352
1372,136,8759,815084,815220
4963,267,8759,1380231,1380498
7543,259,8759,1380298,1380557
7983,121,8759,815220,815341
9690,168,8759,1057382,1057550
1903,10,8760,165812,165822
2344,116,8760,524510,524626
2627,120,8760,524586,524706
3076,33,8760,165902,165935
3251,146,8760,815300,815446
4517,5,8760,165975,165980
5978,92,8760,524706,524798
2385,162,8761,1057428,1057590
2791,45,8761,166059,166104
6070,129,8761,815405,815534
7020,299,8761,1457182,1457481
7627,248,8761,1380395,1380643
8051,118,8761,524917,525035
8291,47,8761,166264,166311
8934,14,8761,166311,166325
3323,160,8762,815533,815693
3694,53,8762,166364,166417
7058,114,8762,525034,525148
7203,1,8762,166457,166458
6230,37,8763,166457,166494
7757,40,8763,166494,166534
5570,82,8764,525106,525188
6649,37,8764,166573,166610
7002,217,8764,1246086,1246303
7558,65,8764,166650,166715
9745,244,8764,1380440,1380684
3592,229,8765,1246182,1246411
6082,218,8765,1246251,1246469
8526,169,8765,1057706,1057875
9513,223,8765,1246309,1246532
1752,71,8766,166913,166984
2984,100,8766,525386,525486
3645,82,8766,525446,525528
3656,58,8766,167064,167122
4028,57,8766,167122,167179
7965,297,8766,1457236,1457533
3196,267,8767,1380521,1380788
4696,94,8767,525567,525661
5307,152,8767,815928,816080
7615,36,8767,167338,167374
7782,164,8767,1057873,1058037
7927,78,8767,167414,167492
8626,169,8767,1057917,1058086
9143,176,8767,1057966,1058142
2797,260,8768,1380587,1380847
7349,199,8768,1058061,1058260
1195,26,8769,167650,167676
1619,289,8769,1457290,1457579
1997,36,8769,167716,167752
3900,95,8769,525899,525994
5020,16,8769,167792,167808
5214,17,8769,167808,167825
5760,69,8769,167825,167894
8653,248,8769,1380686,1380934
1739,169,8770,1058218,1058387
6948,106,8770,526033,526139
1143,195,8771,1058266,1058461
1349,106,8771,526138,526244
1395,177,8771,1058341,1058518
2579,10,8771,168132,168142
2964,284,8771,1457337,1457621
4709,300,8771,1457381,1457681
6062,113,8771,526324,526437
7447,250,8771,1380812,1381062
8189,78,8771,168302,168380
9225,223,8771,1246686,1246909
1246,148,8772,816555,816703
5421,116,8772,526516,526632
5575,125,8772,816623,816748
7533,88,8772,526632,526720
8144,21,8772,168579,168600
2244,272,8773,1380860,1381132
3057,276,8773,1380932,1381208
9302,7,8773,168679,168686
1640,299,8774,1457438,1457737
1682,122,8774,816786,816908
2382,213,8774,1246866,1247079
2920,110,8774,526878,526988
3946,140,8775,816867,817007
9128,175,8775,1058714,1058889
9582,211,8775,1246918,1247129
6573,279,8776,1381045,1381324
9586,120,8776,527106,527226
1028,142,8777,817045,817187
3680,293,8777,1457494,1457787
3745,141,8777,817147,817288
4156,250,8777,1381163,1381413
4767,274,8777,1381213,1381487
6990,206,8777,1247127,1247333
4327,112,8778,527424,527536
5260,26,8778,169321,169347
6704,94,8778,527496,527590
8282,216,8778,1247172,1247388
8649,279,8778,1381286,1381565
2621,201,8779,1247267,1247468
6027,147,8779,817446,817593
6275,50,8779,169546,169596
1484,227,8780,1247307,1247534
1507,129,8780,817552,817681
1563,30,8780,169675,169705
4619,12,8780,169705,169717
9354,143,8780,817601,817744
1628,206,8781,1247373,1247579
3687,260,8781,1381362,1381622
6689,101,8781,527907,528008
7790,284,8781,1457543,1457827
9367,6,8781,169916,169922
2029,12,8782,169921,169933
2848,95,8782,528007,528102
5070,90,8782,528062,528152
5352,133,8782,817782,817915
8761,172,8782,1059282,1059454
5136,139,8783,817874,818013
7137,90,8783,528231,528321
9326,248,8783,1381460,1381708
4366,22,8784,170211,170233
5848,226,8784,1247536,1247762
6292,240,8784,1247602,1247842
7638,262,8784,1381507,1381769
7867,221,8784,1247722,1247943
9771,39,8784,170393,170432
9936,271,8784,1381569,1381840
3873,51,8785,170471,170522
7377,183,8785,1059571,1059754
8217,94,8785,528559,528653
8432,295,8785,1457583,1457878
2824,253,8786,1381678,1381931
3238,166,8786,1059713,1059879
3725,90,8786,528732,528822
4027,198,8786,1059759,1059957
5403,11,8786,170801,170812
5960,201,8786,1247901,1248102
7626,19,8786,170852,170871
8012,109,8786,528862,528971
1296,153,8787,818409,818562
3520,3,8787,170950,170953
8632,266,8787,1381730,1381996
9186,26,8787,170993,171019
3908,200,8788,1059915,1060115
3178,291,8789,1457634,1457925
3414,19,8789,171097,171116
7619,195,8789,1060034,1060229
9716,116,8789,529128,529244
4526,53,8790,171195,171248
4821,125,8790,818639,818764
6367,77,8791,171287,171364
6941,186,8791,1060107,1060293
7181,204,8791,1248017,1248221
7732,169,8791,1060213,1060382
8146,84,8791,529362,529446
4023,257,8792,1381831,1382088
4540,79,8792,171563,171642
8954,207,8792,1248100,1248307
9937,115,8792,529485,529600
2410,258,8793,1381887,1382145
4620,137,8793,818921,819058
4930,144,8793,818978,819122
5259,53,8793,171841,171894
7260,79,8793,171894,171973
7496,224,8793,1248186,1248410
3298,198,8794,1060419,1060617
3890,119,8794,529758,529877
1610,130,8795,819120,819250
2997,272,8795,1381943,1382215
1081,80,8796,172170,172250
1341,285,8796,1457678,1457963
3129,130,8796,819249,819379
4368,159,8796,819299,819458
7279,270,8796,1382054,1382324
8227,71,8796,172410,172481
8450,203,8796,1248367,1248570
8844,246,8796,1382124,1382370
1160,104,8797,530154,530258
2396,159,8797,819497,819656
5064,134,8797,819576,819710
1396,36,8798,172679,172715
3259,230,8798,1248448,1248678
3989,40,8798,172755,172795
9170,54,8798,172795,172849
9694,170,8798,1060733,1060903
2324,95,8799,530376,530471
3907,29,8799,172928,172957
4013,249,8799,1382167,1382416
4412,182,8799,1060822,1061004
9637,171,8799,1060884,1061055
9790,185,8799,1060935,1061120
5761,212,8800,1248556,1248768
6699,106,8801,530629,530735
8303,136,8801,819906,820042
8547,51,8801,173235,173286
6175,57,8802,173285,173342
7406,297,8802,1457717,1458014
7604,25,8802,173382,173407
7977,171,8802,1061077,1061248
8552,136,8802,820041,820177
9086,275,8802,1382253,1382528
9131,271,8802,1382328,1382599
9732,33,8802,173567,173600
6516,17,8803,173599,173616
7343,70,8803,173616,173686
1510,208,8804,1248724,1248932
2729,41,8804,173725,173766
3156,267,8804,1382397,1382664
5069,24,8804,173806,173830
6557,3,8804,173830,173833
1613,199,8805,1061285,1061484
2804,6,8805,173872,173878
4485,48,8805,173878,173926
4904,98,8805,531051,531149
6401,226,8805,1248811,1249037
9995,168,8805,1061404,1061572
6329,237,8806,1248876,1249113
8107,40,8806,174085,174125
9223,178,8806,1061491,1061669
9298,79,8806,174165,174244
2828,199,8807,1061548,1061747
3413,137,8807,820492,820629
4939,281,8807,1457769,1458050
5370,73,8807,174363,174436
6518,169,8807,1061667,1061836
6682,116,8807,531427,531543
6785,36,8807,174516,174552
8355,276,8807,1382501,1382777
9271,208,8807,1249032,1249240
1912,161,8808,1061795,1061956
4058,251,8808,1382576,1382827
4881,231,8808,1249119,1249350
5424,166,8808,1061916,1062082
6039,209,8808,1249190,1249399
6730,37,8808,174831,174868
7672,151,8808,820908,821059
7854,6,8808,174908,174914
9171,147,8808,820979,821126
9281,276,8808,1382627,1382903
3368,35,8809,174993,175028
4839,138,8809,821085,821223
6253,179,8809,1062041,1062220
8160,197,8809,1062100,1062297
1436,46,8810,175147,175193
1582,107,8810,532020,532127
1928,36,8810,175233,175269
1972,3,8810,175269,175272
2528,208,8810,1249277,1249485
2958,189,8810,1062216,1062405
4153,241,8810,1382701,1382942
4184,78,8810,175392,175470
5610,185,8810,1062325,1062510
5655,227,8810,1249365,1249592
8022,37,8810,175550,175587
8372,121,8810,821422,821543
9435,195,8810,1062430,1062625
3100,218,8811,1249431,1249649
5363,256,8811,1382741,1382997
6197,68,8811,175746,175814
7483,119,8811,532446,532565
9244,104,8811,532525,532629
9424,230,8811,1249529,1249759
9652,198,8811,1062624,1062822
2857,47,8812,175973,176020
3718,286,8812,1457805,1458091
5771,291,8812,1457851,1458142
8780,35,8812,176100,176135
9432,199,8812,1062781,1062980
5921,75,8813,176174,176249
9303,93,8813,532787,532880
9325,291,8813,1457901,1458192
2969,109,8814,532879,532988
4516,263,8814,1382914,1383177
6400,247,8814,1382977,1383224
1379,46,8815,176447,176493
3000,31,8815,176493,176524
3338,229,8815,1249795,1250024
4172,130,8815,821938,822068
7767,133,8815,821988,822121
8978,243,8815,1383023,1383266
1212,69,8816,176683,176752
4227,241,8816,1383065,1383306
5593,138,8816,822120,822258
6680,28,8816,176832,176860
8969,98,8816,533266,533364
8464,135,8817,822177,822312
8753,146,8817,822232,822378
1819,249,8818,1383104,1383353
6688,125,8818,822337,822462
6993,217,8818,1249981,1250198
8161,242,8818,1383153,1383395
8999,183,8818,1063214,1063397
9916,129,8818,822502,822631
1256,115,8819,533641,533756
6965,294,8819,1457946,1458240
8067,127,8819,822590,822717
1330,84,8820,533795,533879
1593,183,8820,1063315,1063498
1940,222,8820,1250116,1250338
6178,41,8820,177456,177497
8082,292,8820,1457999,1458291
8937,95,8820,533959,534054
1652,290,8821,1458050,1458340
5807,63,8821,177616,177679
7670,101,8821,534053,534154
8641,25,8821,177719,177744
8882,165,8821,1063497,1063662
8993,180,8821,1063542,1063722
1011,161,8822,1063601,1063762
2132,41,8822,177863,177904
3384,98,8822,534233,534331
6015,256,8822,1383311,1383567
9557,183,8822,1063682,1063865
9998,25,8822,178024,178049
1732,12,8823,178048,178060
2115,34,8823,178060,178094
2239,260,8823,1383366,1383626
6604,81,8823,534410,534491
1007,292,8824,1458097,1458389
1885,271,8824,1383465,1383736
4499,39,8824,178253,178292
4700,250,8824,1383536,1383786
5782,75,8824,178332,178407
5974,252,8824,1383586,1383838
7601,35,8824,178447,178482
3940,208,8825,1250493,1250701
4529,8,8825,178521,178529
5556,185,8825,1063982,1064167
7512,22,8825,178569,178591
7621,252,8825,1383637,1383889
8046,183,8825,1064087,1064270
2203,16,8826,178670,178686
2825,129,8826,823350,823479
3449,40,8826,178726,178766
3891,139,8826,823399,823538
4408,75,8826,178806,178881
6833,208,8826,1250580,1250788
8903,245,8826,1383688,1383933
1688,76,8827,178960,179036
4449,182,8827,1064228,1064410
8715,143,8827,823577,823720
5488,220,8828,1250666,1250886
2581,96,8829,535045,535141
4539,269,8829,1383730,1383999
6878,159,8829,823718,823877
9417,38,8829,179274,179312
9537,229,8829,1250765,1250994
2610,102,8830,535220,535322
6555,294,8830,1458143,1458437
7967,281,8830,1458197,1458478
8280,169,8830,1064487,1064656
9145,13,8830,179511,179524
2434,6,8831,179523,179529
4684,215,8831,1250912,1251127
5356,154,8831,823995,824149
5546,22,8831,179609,179631
6853,249,8831,1383877,1384126
7882,276,8831,1383926,1384202
8262,294,8831,1458237,1458531
5564,245,8832,1384041,1384286
6721,295,8832,1458290,1458585
7554,176,8832,1064774,1064950
7644,56,8832,179870,179926
2608,106,8833,535719,535825
2771,277,8833,1384125,1384402
1137,260,8834,1384201,1384461
1326,240,8834,1251244,1251484
2299,281,8834,1458343,1458624
2921,246,8834,1384301,1384547
3700,134,8834,824506,824640
4290,5,8834,180204,180209
4582,199,8834,1065028,1065227
7473,141,8834,824600,824741
3534,19,8835,180288,180307
5707,252,8835,1384346,1384598
7892,92,8835,536143,536235
9538,242,8835,1384398,1384640
9630,26,8835,180427,180453
2241,104,8836,536234,536338
4458,280,8836,1384439,1384719
5176,189,8836,1065225,1065414
6303,50,8836,180572,180622
4229,147,8837,824818,824965
4537,238,8837,1251521,1251759
6357,243,8837,1384518,1384761
6717,32,8837,180741,180773
1944,178,8838,1065372,1065550
3199,187,8838,1065430,1065617
3215,32,8838,180852,180884
3311,95,8838,536576,536671
4031,236,8838,1251638,1251874
4887,121,8838,825084,825205
6157,100,8838,536711,536811
7070,112,8838,536771,536883
7132,192,8838,1065537,1065729
8928,111,8838,536883,536994
9668,293,8838,1458380,1458673
1475,106,8839,536993,537099
6421,296,8839,1458432,1458728
7998,24,8839,181283,181307
9647,82,8839,537099,537181
9956,23,8839,181347,181370
5190,141,8840,825243,825384
5390,179,8841,1065686,1065865
5777,225,8841,1251791,1252016
7921,234,8841,1251856,1252090
2471,245,8842,1384636,1384881
6180,137,8842,825462,825599
7296,126,8842,825519,825645
3261,92,8843,537417,537509
3723,211,8843,1251968,1252179
7277,128,8843,825604,825732
8837,32,8843,181766,181798
3160,232,8844,1252018,1252250
5531,55,8844,181837,181892
6634,216,8844,1252090,1252306
7092,278,8844,1384679,1384957
7495,2,8844,181972,181974
9119,163,8844,1066022,1066185
1777,166,8845,1066064,1066230
2077,231,8845,1252185,1252416
4912,182,8845,1066150,1066332
6276,168,8845,1066212,1066380
6769,137,8845,825970,826107
7072,106,8845,537907,538013
7361,275,8845,1384756,1385031
5090,289,8846,1458481,1458770
7378,243,8846,1384870,1385113
8204,220,8846,1252375,1252595
1237,171,8847,1066418,1066589
2907,246,8847,1384912,1385158
5018,298,8847,1458529,1458827
6621,293,8847,1458587,1458880
7826,136,8847,826345,826481
8296,263,8847,1385038,1385301
9679,120,8847,538371,538491
1105,56,8848,182690,182746
4113,12,8848,182746,182758
4947,202,8848,1252593,1252795
7069,212,8848,1252635,1252847
8047,9,8848,182838,182847
8920,80,8848,182847,182927
8053,192,8849,1066707,1066899
8757,34,8849,182966,183000
9945,100,8849,538569,538669
4784,145,8850,826558,826703
5616,233,8850,1252685,1252918
8125,235,8850,1252758,1252993
9856,40,8850,183159,183199
4783,217,8851,1252832,1253049
7358,11,8851,183238,183249
8002,288,8851,1458636,1458924
1217,78,8852,183288,183366
3161,28,8852,183366,183394
3972,222,8852,1252928,1253150
4139,59,8852,183434,183493
5536,200,8852,1066976,1067176
3525,157,8853,826860,827017
8496,46,8853,183572,183618
1600,15,8854,183617,183632
2900,296,8854,1458681,1458977
4043,11,8854,183672,183683
5369,275,8854,1385174,1385449
6309,206,8854,1253068,1253274
7196,300,8854,1458737,1459037
9768,297,8854,1458797,1459094
1623,50,8855,183842,183892
2010,27,8855,183892,183919
2310,164,8855,1067253,1067417
9808,53,8855,183959,184012
9955,120,8855,539183,539303
2916,47,8856,184051,184098
5794,76,8856,184098,184174
2472,102,8857,539261,539363
2779,286,8857,1458851,1459137
4118,168,8857,1067335,1067503
6278,218,8857,1253231,1253449
6288,53,8857,184333,184386
9292,66,8857,184386,184452
1091,41,8858,184451,184492
2489,243,8858,1385365,1385608
2844,64,8858,184532,184596
2957,31,8858,184596,184627
5094,112,8858,539482,539594
8246,234,8858,1253328,1253562
3792,285,8859,1458895,1459180
5446,81,8859,539633,539714
6735,232,8859,1253441,1253673
6754,188,8859,1067581,1067769
7460,132,8859,827491,827623
8794,77,8859,184906,184983
6567,163,8860,1067648,1067811
8233,299,8860,1458939,1459238
1617,50,8861,185061,185111
3051,29,8861,185111,185140
5277,278,8861,1385485,1385763
8094,86,8861,539912,539998
1532,167,8862,1067769,1067936
6263,54,8862,185259,185313
8185,260,8862,1385562,1385822
3642,11,8863,185352,185363
3668,203,8863,1253629,1253832
7555,150,8863,827779,827929
7975,266,8863,1385621,1385887
9369,58,8863,185483,185541
2289,239,8864,1253711,1253950
4739,270,8864,1385686,1385956
7076,13,8864,185620,185633
7200,53,8864,185633,185686
8439,203,8864,1253830,1254033
9315,79,8864,185726,185805
6189,291,8865,1458993,1459284
7073,78,8865,185844,185922
7591,18,8865,185922,185940
7969,100,8865,540314,540414
9461,186,8865,1068093,1068279
2194,71,8866,186019,186090
8576,109,8866,540413,540522
1263,23,8867,186129,186152
1809,10,8867,186152,186162
2302,245,8867,1385793,1386038
3173,166,8867,1068197,1068363
4325,100,8867,540561,540661
5046,177,8867,1068243,1068420
1351,7,8868,186321,186328
2293,196,8868,1068299,1068495
2690,211,8868,1253949,1254160
3976,55,8868,186408,186463
6962,78,8868,186463,186541
2789,256,8869,1385836,1386092
5003,288,8869,1459040,1459328
7485,179,8869,1068494,1068673
8110,219,8869,1254079,1254298
4020,90,8870,540898,540988
4307,193,8870,1068592,1068785
5016,52,8870,186779,186831
6415,46,8870,186831,186877
9146,49,8870,186877,186926
1152,42,8871,186925,186967
3551,47,8871,186967,187014
4466,97,8871,540987,541084
5050,54,8871,187054,187108
6982,153,8871,828481,828634
8751,258,8871,1385930,1386188
9402,105,8872,541123,541228
5608,204,8873,1254174,1254378
7538,37,8873,187266,187303
1333,11,8874,187302,187313
1336,199,8874,1068741,1068940
3064,190,8874,1068820,1069010
5434,243,8874,1385985,1386228
7179,268,8874,1386028,1386296
6370,122,8875,828790,828912
2085,41,8876,187511,187552
4072,29,8876,187552,187581
6257,81,8876,541424,541505
7108,160,8876,828831,828991
8873,91,8876,541505,541596
9796,144,8876,828911,829055
1691,10,8877,187740,187750
3472,2,8877,187750,187752
4216,112,8877,541595,541707
5843,107,8877,541667,541774
2214,273,8878,1386092,1386365
2458,4,8878,187871,187875
3526,288,8878,1459079,1459367
3901,32,8878,187915,187947
5548,125,8878,829053,829178
7189,246,8878,1386205,1386451
7632,32,8878,188027,188059
9717,274,8878,1386251,1386525
2151,34,8879,188098,188132
3509,96,8879,541932,542028
4546,4,8879,188172,188176
8394,153,8879,829177,829330
9482,220,8879,1254452,1254672
9942,200,8879,1069165,1069365
5530,283,8880,1459125,1459408
8145,234,8880,1254551,1254785
8787,191,8880,1069324,1069515
9240,147,8880,829449,829596
1192,288,8881,1459167,1459455
1634,202,8881,1254664,1254866
4263,23,8881,188534,188557
5463,132,8881,829595,829727
5866,148,8881,829647,829795
7118,95,8881,542426,542521
7883,252,8881,1386402,1386654
9100,182,8881,1069514,1069696
2133,37,8882,188756,188793
2508,126,8882,829794,829920
2796,14,8882,188833,188847
9130,224,8882,1254745,1254969
1369,189,8883,1069614,1069803
2831,125,8883,829919,830044
3113,81,8883,542719,542800
3885,207,8883,1254808,1255015
8952,243,8883,1386452,1386695
9781,265,8883,1386495,1386760
9882,247,8883,1386560,1386807
2533,87,8884,542919,543006
2948,256,8884,1386606,1386862
5615,244,8884,1386662,1386906
5719,43,8884,189285,189328
8550,97,8884,543046,543143
2317,283,8885,1459211,1459494
2682,276,8885,1386745,1387021
5122,28,8885,189447,189475
3514,214,8886,1255132,1255346
3732,87,8886,543221,543308
4760,46,8886,189554,189600
6679,28,8886,189600,189628
1983,273,8887,1386819,1387092
2466,53,8887,189667,189720
2495,30,8887,189720,189750
4000,38,8887,189750,189788
5231,177,8887,1070079,1070256
5845,4,8887,189828,189832
6480,31,8887,189832,189863
7440,19,8887,189863,189882
7610,175,8887,1070136,1070311
1925,166,8888,1070190,1070356
2224,33,8888,189961,189994
4009,79,8888,189994,190073
4996,102,8888,543426,543528
5402,271,8888,1386891,1387162
6799,220,8888,1255264,1255484
2048,41,8889,190192,190233
7312,103,8889,543567,543670
9037,154,8889,830558,830712
6475,187,8890,1070314,1070501
5047,189,8891,1070380,1070569
5973,245,8891,1386959,1387204
7761,246,8891,1387004,1387250
8461,95,8891,543828,543923
3518,2,8892,190510,190512
4397,136,8892,830789,830925
5273,273,8892,1387049,1387322
1960,91,8893,543961,544052
4640,182,8893,1070567,1070749
5177,207,8893,1255439,1255646
2839,244,8894,1387120,1387364
6316,60,8894,190750,190810
6980,261,8894,1387164,1387425
9755,200,8894,1070748,1070948
1754,21,8895,190889,190910
1907,126,8895,831082,831208
3921,209,8895,1255564,1255773
7806,140,8895,831168,831308
1392,287,8896,1459243,1459530
3967,274,8896,1387263,1387537
4555,286,8896,1459290,1459576
4636,285,8896,1459336,1459621
5139,4,8896,191189,191193
7997,18,8896,191193,191211
8551,297,8896,1459381,1459678
4387,165,8897,1071065,1071230
6875,161,8897,1071110,1071271
9142,243,8897,1387456,1387699
2112,252,8898,1387498,1387750
3246,241,8898,1387550,1387791
9006,59,8898,191449,191508
9642,161,8898,1071270,1071431
1075,88,8899,544766,544854
1327,286,8899,1459435,1459721
3647,87,8899,544854,544941
5876,129,8899,831704,831833
8026,187,8899,1071350,1071537
8682,28,8899,191747,191775
9136,300,8899,1459481,1459781
9156,155,8899,831833,831988
9514,43,8899,191855,191898
9845,79,8899,191898,191977
2154,129,8900,831907,832036
2301,104,8900,545100,545204
2450,283,8901,1459539,1459822
2955,208,8901,1256047,1256255
3919,103,8901,545243,545346
5528,131,8901,832035,832166
8356,281,8901,1459582,1459863
1350,259,8902,1387747,1388006
1712,108,8902,545425,545533
3716,186,8902,1071614,1071800
5005,87,8902,545533,545620
5042,47,8902,192414,192461
7240,6,8902,192461,192467
7842,292,8902,1459622,1459914
8369,20,8902,192507,192527
8594,30,8902,192527,192557
1591,125,8903,832244,832369
2790,22,8903,192596,192618
4804,16,8903,192618,192634
6802,25,8903,192634,192659
5360,96,8904,545658,545754
8028,124,8904,832288,832412
9180,259,8904,1387844,1388103
9747,297,8904,1459672,1459969
1452,37,8905,192817,192854
2247,283,8905,1459728,1460011
6686,18,8905,192894,192912
6766,14,8905,192912,192926
6881,42,8905,192926,192968
6971,213,8905,1256331,1256544
9501,257,8905,1387982,1388239
2122,126,8906,832530,832656
3488,242,8906,1388038,1388280
3493,186,8906,1071956,1072142
3624,265,8906,1388080,1388345
6811,88,8906,546112,546200
7141,123,8906,832696,832819
9233,254,8906,1388145,1388399
9413,231,8906,1256543,1256774
9853,173,8906,1072142,1072315
5738,209,8907,1256613,1256822
7578,253,8907,1388198,1388451
9971,48,8907,193486,193534
1927,122,8908,832937,833059
2562,228,8908,1256701,1256929
3198,138,8908,833019,833157
3287,39,8908,193653,193692
3458,127,8908,833077,833204
6701,156,8908,833124,833280
9052,1,8908,193772,193773
1346,169,8909,1072312,1072481
2716,79,8909,193812,193891
4552,291,8909,1459767,1460058
4670,219,8909,1256808,1257027
1251,184,8910,1072440,1072624
2390,213,8910,1256866,1257079
3273,72,8910,194050,194122
3793,91,8910,546796,546887
3829,212,8910,1256919,1257131
6384,18,8910,194202,194220
6585,201,8910,1256971,1257172
8741,179,8910,1072624,1072803
7491,124,8911,833517,833641
8546,222,8911,1257011,1257233
8660,113,8911,547046,547159
9964,5,8911,194419,194424
1704,183,8912,1072721,1072904
5387,244,8912,1388286,1388530
4390,232,8913,1257111,1257343
5265,202,8913,1257183,1257385
9994,180,8913,1072903,1073083
2053,31,8914,194621,194652
4203,285,8914,1459813,1460098
9495,117,8914,547356,547473
1525,165,8915,1073001,1073166
4034,216,8915,1257263,1257479
4086,18,8915,194811,194829
4275,30,8915,194829,194859
4527,65,8915,194859,194924
4718,220,8915,1257319,1257539
6074,39,8915,194964,195003
8154,126,8915,833957,834083
1938,97,8916,547591,547688
3902,127,8916,834002,834129
5775,108,8916,547688,547796
6272,52,8916,195162,195214
6842,155,8916,834049,834204
8114,83,8916,547796,547879
8758,143,8916,834124,834267
8775,218,8916,1257378,1257596
9380,109,8916,547919,548028
9515,215,8916,1257436,1257651
9970,249,8916,1388366,1388615
1948,203,8917,1257530,1257733
3139,87,8917,548107,548194
3764,205,8917,1257573,1257778
3984,246,8917,1388414,1388660
4487,92,8917,548234,548326
8383,296,8917,1459855,1460151
1493,82,8918,548325,548407
1540,156,8918,834465,834621
4807,195,8918,1073403,1073598
5210,14,8918,195852,195866
6119,1,8918,195866,195867
3664,108,8919,548446,548554
3838,39,8919,195906,195945
6113,163,8919,1073477,1073640
8260,27,8919,195985,196012
1260,239,8920,1257695,1257934
5295,45,8920,196051,196096
5906,21,8920,196096,196117
7624,248,8920,1388497,1388745
8382,34,8920,196157,196191
9412,252,8920,1388545,1388797
9556,284,8920,1459908,1460192
1555,93,8921,548712,548805
1936,55,8921,196310,196365
2676,101,8921,548765,548866
3044,44,8921,196405,196449
3693,217,8921,1257893,1258110
4498,242,8921,1388636,1388878
4975,64,8921,196529,196593
3422,44,8922,196592,196636
8689,195,8922,1073757,1073952
2568,47,8923,196675,196722
3278,113,8923,548944,549057
5970,192,8923,1073831,1074023
7970,284,8923,1459949,1460233
8945,257,8923,1388716,1388973
3521,51,8924,196881,196932
4074,79,8924,196932,197011
6163,85,8924,549136,549221
1633,184,8925,1073981,1074165
5910,257,8925,1388771,1389028
5930,167,8925,1074085,1074252
7230,239,8925,1258106,1258345
8459,264,8925,1388828,1389092
8691,162,8925,1074212,1074374
9593,221,8925,1258225,1258446
9648,128,8925,835294,835422
9938,194,8925,1074294,1074488
9992,23,8925,197410,197433
2577,111,8926,549539,549650
4766,220,8926,1258285,1258505
7779,31,8926,197512,197543
4204,44,8927,197542,197586
6080,89,8927,549649,549738
3945,34,8928,197625,197659
6209,62,8928,197659,197721
7168,15,8928,197721,197736
1353,254,8929,1388888,1389142
2381,279,8929,1388942,1389221
4623,8,8929,197815,197823
6632,198,8929,1074484,1074682
8940,84,8929,549816,549900
9427,55,8929,197903,197958
1999,57,8930,197957,198014
5054,269,8930,1389020,1389289
9541,77,8930,198054,198131
3138,288,8931,1459985,1460273
7314,193,8931,1074640,1074833
2049,9,8932,198209,198218
4242,221,8932,1258499,1258720
4438,228,8932,1258560,1258788
5379,88,8932,550057,550145
6102,253,8932,1389127,1389380
6342,298,8932,1460032,1460330
7576,218,8932,1258708,1258926
9334,233,8932,1258766,1258999
2004,228,8933,1258838,1259066
2805,181,8933,1074991,1075172
8582,253,8933,1389219,1389472
9846,79,8933,198617,198696
2258,139,8934,836013,836152
7770,150,8934,836072,836222
9251,216,8934,1258945,1259161
1047,258,8935,1389270,1389528
5216,135,8935,836221,836356
7497,8,8935,198894,198902
1206,158,8936,836275,836433
1965,266,8936,1389327,1389593
2812,2,8936,198981,198983
7995,164,8936,1075209,1075373
8840,235,8936,1259079,1259314
9134,277,8936,1389393,1389670
1202,222,8937,1259193,1259415
1504,25,8937,199142,199167
4840,173,8937,1075372,1075545
5057,172,8937,1075425,1075597
5886,112,8937,550900,551012
3248,114,8938,550971,551085
4506,76,8938,199326,199402
6051,130,8938,836631,836761
4079,208,8940,1259252,1259460
4795,279,8940,1389466,1389745
7183,36,8940,199520,199556
8752,89,8940,551163,551252
1900,283,8941,1460081,1460364
4054,214,8941,1259379,1259593
6428,175,8941,1075633,1075808
6611,139,8941,836878,837017
9736,29,8941,199755,199784
2915,104,8942,551370,551474
3095,149,8942,836936,837085
7766,284,8942,1460123,1460407
9014,196,8942,1075727,1075923
9210,32,8942,199943,199975
2140,127,8943,837084,837211
2646,274,8943,1389622,1389896
3024,222,8943,1259511,1259733
4337,243,8943,1389696,1389939
6107,52,8943,200134,200186
6515,132,8943,837251,837383
7598,247,8943,1389739,1389986
8086,15,8943,200266,200281
8814,196,8943,1075962,1076158
1151,297,8944,1460165,1460462
1596,130,8944,837422,837552
4400,17,8944,200400,200417
5271,250,8944,1389825,1390075
5666,240,8944,1259732,1259972
7808,283,8944,1460222,1460505
7878,280,8944,1389915,1390195
9783,168,8944,1076237,1076405
1404,200,8945,1076284,1076484
5249,222,8945,1259891,1260113
5625,54,8945,200696,200750
5758,198,8945,1076404,1076602
5258,259,8946,1389993,1390252
6171,247,8946,1390052,1390299
6427,133,8946,837870,838003
6514,3,8946,200909,200912
8842,121,8946,837923,838044
3150,295,8947,1460262,1460557
6742,198,8947,1076600,1076798
2572,137,8948,838042,838179
4372,48,8948,201070,201118
6142,263,8948,1390137,1390400
4977,231,8949,1260109,1260340
6513,246,8949,1390199,1390445
6872,59,8949,201237,201296
7055,17,8949,201296,201313
7162,294,8949,1460315,1460609
8134,89,8949,552667,552756
1215,40,8950,201392,201432
2512,242,8950,1390284,1390526
4962,96,8950,552755,552851
4979,163,8950,1076875,1077038
7985,249,8950,1390326,1390575
8387,249,8950,1390375,1390624
1646,263,8951,1390423,1390686
3676,287,8951,1460367,1460654
4360,293,8951,1460414,1460707
5582,66,8951,201751,201817
6135,143,8951,838536,838679
3966,99,8952,553089,553188
4782,285,8952,1460466,1460751
8348,33,8952,201936,201969
1500,240,8953,1260536,1260776
3557,63,8953,202008,202071
4240,223,8953,1260616,1260839
5549,102,8953,553267,553369
6935,164,8953,1077235,1077399
7722,72,8953,202191,202263
7971,118,8953,553369,553487
9304,109,8953,553447,553556
1782,32,8954,202342,202374
2146,249,8954,1390603,1390852
2269,214,8954,1260718,1260932
6106,46,8954,202454,202500
6181,14,8954,202500,202514
6882,238,8954,1260772,1261010
9761,230,8954,1260850,1261080
2865,89,8955,553674,553763
3495,51,8955,202633,202684
3712,24,8955,202684,202708
4095,51,8955,202708,202759
4391,140,8955,838915,839055
5365,121,8955,838975,839096
6314,256,8955,1390651,1390907
7394,29,8955,202879,202908
1956,32,8956,202907,202939
3737,72,8956,202939,203011
3430,172,8957,1077475,1077647
5785,50,8957,203050,203100
6375,242,8957,1390705,1390947
7053,191,8957,1077567,1077758
8004,157,8957,839174,839331
2665,41,8958,203219,203260
3115,149,8958,839250,839399
4737,208,8958,1260996,1261204
6133,254,8958,1390746,1391000
7354,116,8958,554120,554236
1039,112,8959,554195,554307
1187,205,8959,1261083,1261288
2662,131,8959,839438,839569
6832,113,8959,554347,554460
8624,296,8959,1460504,1460800
1015,185,8960,1077795,1077980
3749,46,8960,203658,203704
3561,134,8961,839567,839701
8033,85,8961,554538,554623
9752,91,8961,554583,554674
9124,90,8962,554633,554723
1074,100,8963,554682,554782
1811,253,8963,1390835,1391088
2961,255,8963,1390888,1391143
3794,21,8963,203981,204002
4675,251,8963,1390943,1391194
5021,19,8963,204042,204061
8968,256,8963,1390994,1391250
1388,158,8964,839778,839936
2062,160,8964,839856,840016
3036,174,8964,1078016,1078190
3357,229,8964,1261323,1261552
5711,240,8964,1261392,1261632
7057,1,8964,204300,204301
2602,55,8965,204300,204355
3929,151,8965,840055,840206
4972,231,8965,1261471,1261702
5255,32,8965,204435,204467
5511,48,8965,204467,204515
8298,135,8965,840166,840301
8406,47,8965,204555,204602
1371,204,8966,1261541,1261745
2150,274,8966,1391047,1391321
2821,92,8966,555299,555391
4373,78,8966,204721,204799
4971,70,8966,204799,204869
7239,223,8966,1261625,1261848
1490,166,8967,1078307,1078473
2467,34,8968,204947,204981
4614,179,8968,1078352,1078531
7827,15,8968,205021,205036
1282,156,8969,840417,840573
2913,161,8969,1078410,1078571
6792,66,8969,205115,205181
3895,2,8970,205180,205182
4140,144,8970,840532,840676
4751,47,8970,205222,205269
5234,3,8970,205269,205272
5395,28,8970,205272,205300
9168,30,8970,205300,205330
1305,218,8971,1261683,1261901
1857,218,8971,1261741,1261959
3596,174,8971,1078529,1078703
4456,223,8971,1261799,1262022
5917,76,8971,205489,205565
6057,192,8971,1078623,1078815
9806,154,8971,840795,840949
1530,160,8972,840868,841028
4318,250,8972,1391115,1391365
4604,243,8972,1391165,1391408
6453,203,8972,1261941,1262144
7344,18,8972,205804,205822
1855,152,8973,841067,841219
2005,39,8973,205861,205900
2626,65,8973,205900,205965
3016,288,8973,1460546,1460834
4776,34,8973,206005,206039
9023,65,8973,206039,206104
1821,80,8974,206103,206183
2093,174,8974,1078852,1079026
4453,295,8974,1460593,1460888
7506,295,8974,1460648,1460943
9165,280,8974,1391326,1391606
2013,11,8975,206342,206353
4050,128,8975,841337,841465
4417,210,8975,1262141,1262351
5574,231,8975,1262191,1262422
5667,149,8975,841465,841614
6176,214,8975,1262262,1262476
6242,150,8975,841574,841724
7564,48,8975,206593,206641
8203,244,8975,1391405,1391649
1572,39,8976,206680,206719
2521,113,8976,556501,556614
2849,235,8976,1262355,1262590
4036,157,8976,841723,841880
8327,171,8976,1079224,1079395
3689,277,8977,1391447,1391724
3825,292,8977,1460700,1460992
5091,283,8977,1460752,1461035
6035,68,8977,206998,207066
6900,157,8977,841959,842116
6036,55,8978,207105,207160
7045,289,8978,1460794,1461083
2943,125,8979,842074,842199
6765,119,8979,556931,557050
7508,288,8979,1460842,1461130
9471,166,8979,1079472,1079638
1934,121,8980,842198,842319
3239,123,8980,842239,842362
3787,61,8980,207438,207499
5196,85,8980,557169,557254
2139,232,8981,1262625,1262857
2981,93,8981,557253,557346
3376,165,8981,1079556,1079721
4427,247,8981,1391680,1391927
6768,203,8981,1262737,1262940
8606,283,8981,1460888,1461171
3930,90,8982,557465,557555
4486,183,8982,1079720,1079903
7025,282,8982,1460930,1461212
8845,161,8982,1079823,1079984
1391,125,8983,842599,842724
8005,197,8983,1079863,1080060
9076,96,8983,557714,557810
9253,132,8983,842684,842816
1386,151,8984,842735,842886
2248,211,8984,1262857,1263068
2734,155,8984,842846,843001
3677,277,8984,1391804,1392081
5013,177,8984,1080019,1080196
9056,27,8984,208295,208322
2518,1,8985,208321,208322
3789,299,8985,1460969,1461268
8633,234,8986,1262986,1263220
8876,269,8986,1391919,1392188
2380,37,8987,208440,208477
5673,170,8987,1080193,1080363
8069,70,8987,208517,208587
2231,20,8988,208586,208606
2480,205,8988,1263098,1263303
2856,299,8988,1461025,1461324
3077,116,8988,558245,558361
3101,131,8988,843237,843368
4138,7,8988,208766,208773
6897,180,8988,1080322,1080502
8471,285,8988,1461084,1461369
8944,80,8988,208853,208933
1338,245,8989,1392065,1392310
5386,220,8989,1263262,1263482
6443,95,8989,558520,558615
6659,276,8989,1392110,1392386
6140,54,8990,209091,209145
6540,79,8990,209145,209224
7125,127,8990,843486,843613
8249,293,8990,1461127,1461420
3109,165,8991,1080579,1080744
3617,88,8991,558733,558821
9665,137,8991,843612,843749
2609,79,8992,209422,209501
5697,281,8992,1461178,1461459
4728,151,8993,843707,843858
6584,298,8993,1461218,1461516
7860,108,8993,558939,559047
7944,181,8993,1080702,1080883
2322,158,8995,843856,844014
2361,29,8995,209738,209767
4460,75,8995,209767,209842
6724,63,8995,209842,209905
1689,134,8996,843933,844067
3807,263,8996,1392299,1392562
5119,181,8996,1080800,1080981
9332,278,8996,1392362,1392640
1945,232,8997,1263554,1263786
3913,36,8997,210103,210139
4347,278,8997,1392439,1392717
4915,57,8997,210179,210236
7051,99,8997,559323,559422
9019,47,8997,210276,210323
2992,149,8998,844185,844334
3529,127,8998,844254,844381
4310,16,8998,210402,210418
8540,22,8998,210418,210440
3144,244,8999,1392515,1392759
3195,68,8999,210479,210547
4132,46,8999,210547,210593
5786,202,8999,1263704,1263906
6628,283,8999,1461270,1461553
1883,236,9000,1263785,1264021
3582,27,9000,210712,210739
4740,84,9000,559619,559703
7247,106,9000,559663,559769
7326,225,9000,1263861,1264086
9704,159,9000,844499,844658
4224,144,9001,844577,844721
5493,230,9001,1263925,1264155
8425,207,9001,1263995,1264202
1604,233,9002,1264041,1264274
2485,234,9002,1264114,1264348
3184,40,9002,211097,211137
3218,127,9002,844800,844927
3650,111,9002,560047,560158
3798,125,9002,844847,844972
7903,162,9002,1081335,1081497
9805,182,9002,1081377,1081559
3423,126,9003,844971,845097
8128,235,9003,1264187,1264422
2174,300,9004,1461308,1461608
3313,129,9004,845096,845225
6976,247,9004,1392634,1392881
7717,30,9004,211535,211565
1299,134,9005,845184,845318
2617,145,9005,845238,845383
2672,160,9005,845303,845463
2881,290,9005,1461367,1461657
3482,73,9005,211724,211797
5087,151,9005,845423,845574
7964,164,9005,1081596,1081760
8693,183,9005,1081640,1081823
5010,187,9006,1081702,1081889
5202,83,9007,560753,560836
6416,66,9007,211995,212061
7759,126,9007,845612,845738
8655,140,9007,845658,845798
1134,293,9008,1461414,1461707
4271,277,9008,1392757,1393034
4611,268,9008,1392834,1393102
5002,192,9008,1081887,1082079
5801,247,9008,1392902,1393149
7834,235,9008,1264537,1264772
1314,236,9009,1264611,1264847
1564,290,9009,1461466,1461756
3147,29,9009,212459,212488
4122,227,9009,1264727,1264954
5987,43,9010,212527,212570
6069,159,9010,846075,846234
2379,73,9011,212609,212682
2400,97,9011,561272,561369
2541,60,9011,212722,212782
5690,72,9011,212782,212854
7881,195,9011,1082156,1082351
8673,121,9011,846193,846314
5133,118,9012,561408,561526
6403,119,9012,561486,561605
1933,160,9013,846232,846392
2126,142,9013,846312,846454
4822,96,9013,561644,561740
6687,112,9013,561700,561812
6839,129,9013,846374,846503
7526,81,9013,561812,561893
8225,281,9013,1461512,1461793
9362,278,9013,1393024,1393302
9680,20,9013,213332,213352
1463,52,9014,213351,213403
6631,274,9014,1393101,1393375
6973,65,9014,213443,213508
8248,249,9014,1393175,1393424
4647,65,9015,213547,213612
6237,162,9015,1082387,1082549
8285,215,9015,1264948,1265163
2643,125,9016,846660,846785
4749,252,9016,1393222,1393474
7018,229,9016,1265042,1265271
8900,49,9016,213811,213860
1930,221,9017,1265110,1265331
2745,216,9017,1265171,1265387
4601,84,9017,562289,562373
6987,136,9017,846864,847000
7541,72,9017,214019,214091
8122,54,9017,214091,214145
8137,150,9017,846920,847070
1815,111,9018,562412,562523
4200,55,9018,214224,214279
8974,47,9018,214279,214326
3037,285,9019,1461547,1461832
5481,212,9019,1265265,1265477
5965,99,9019,562562,562661
7194,207,9019,1265317,1265524
1315,15,9020,214484,214499
2829,128,9020,847107,847235
7161,24,9020,214539,214563
8389,181,9020,1082744,1082925
8414,94,9020,562740,562834
1717,235,9021,1265362,1265597
1792,56,9021,214682,214738
2564,158,9021,847234,847392
8079,233,9021,1265437,1265670
5298,81,9022,562912,562993
6378,126,9022,847351,847477
8062,212,9022,1265509,1265721
8316,35,9022,214937,214972
9045,73,9022,214972,215045
9499,222,9022,1265561,1265783
1416,236,9023,1265622,1265858
4954,44,9023,215124,215168
5304,206,9023,1265698,1265904
5309,24,9023,215208,215232
5540,233,9023,1265744,1265977
9060,10,9023,215272,215282
2403,31,9024,215281,215312
2550,22,9024,215312,215334
4931,155,9024,847595,847750
5835,39,9024,215374,215413
5981,142,9024,847670,847812
6460,215,9024,1265816,1266031
7668,73,9024,215493,215566
1424,282,9025,1461586,1461868
4392,271,9025,1393345,1393616
6238,43,9025,215645,215688
7957,48,9025,215688,215736
8111,171,9025,1083200,1083371
8638,179,9025,1083251,1083430
9569,55,9025,215816,215871
9912,290,9025,1461628,1461918
9913,162,9025,1083350,1083512
5751,271,9026,1393455,1393726
6664,72,9026,215990,216062
7917,26,9026,216062,216088
1110,149,9027,848049,848198
1423,205,9027,1266028,1266233
8549,253,9027,1393525,1393778
8929,282,9027,1461676,1461958
9437,238,9027,1266153,1266391
2478,175,9028,1083589,1083764
3527,245,9028,1393617,1393862
8562,3,9028,216366,216369
8678,108,9028,563867,563975
8718,285,9028,1461717,1462002
9065,134,9028,848397,848531
9183,47,9028,216489,216536
4051,223,9029,1266309,1266532
4834,110,9029,564054,564164
6661,131,9030,848489,848620
7551,246,9030,1393700,1393946
2535,247,9031,1393745,1393992
8831,29,9031,216733,216762
3050,98,9032,564241,564339
4233,296,9032,1461758,1462054
7186,176,9032,1083880,1084056
8595,174,9032,1083936,1084110
1753,207,9033,1266488,1266695
7562,91,9033,564458,564549
9640,113,9033,564509,564622
1012,264,9034,1393829,1394093
6601,128,9034,848816,848944
6672,247,9034,1393893,1394140
8207,130,9034,848904,849034
9034,214,9034,1266614,1266828
1033,251,9035,1393939,1394190
3388,126,9035,849033,849159
5285,151,9036,849078,849229
7297,98,9036,564899,564997
9208,135,9037,849148,849283
3090,152,9038,849202,849354
3394,22,9038,217475,217497
4929,285,9038,1461808,1462093
5335,213,9038,1266744,1266957
6042,97,9038,565115,565212
7080,197,9038,1084264,1084461
7952,19,9038,217657,217676
8805,67,9038,217676,217743
8971,170,9038,1084341,1084511
1276,244,9039,1394026,1394270
2339,16,9039,217822,217838
9681,26,9039,217838,217864
9801,45,9039,217864,217909
1520,198,9040,1084429,1084627
2649,213,9040,1266835,1267048
4596,182,9040,1084547,1084729
6164,187,9040,1084609,1084796
8342,39,9040,218068,218107
9050,216,9040,1266888,1267104
9722,117,9040,565490,565607
9951,169,9040,1084716,1084885
2431,21,9041,218226,218247
2487,203,9041,1266943,1267146
3071,107,9041,565646,565753
5168,127,9041,849751,849878
6523,269,9041,1394068,1394337
2778,132,9042,849837,849969
3920,142,9042,849889,850031
7431,83,9042,565872,565955
8851,1,9042,218526,218527
2852,17,9043,218526,218543
2885,280,9043,1394135,1394415
3962,284,9043,1461848,1462132
4210,288,9043,1461892,1462180
1433,197,9044,1084961,1085158
4343,74,9044,218702,218776
7338,71,9044,218776,218847
7784,135,9044,850109,850244
8777,133,9044,850164,850297
9583,20,9044,218927,218947
6235,26,9045,218946,218972
6431,197,9045,1085037,1085234
9686,53,9045,219012,219065
1084,281,9046,1461937,1462218
2376,139,9046,850295,850434
5526,210,9046,1267181,1267391
5563,57,9046,219184,219241
9148,152,9046,850394,850546
9436,168,9046,1085193,1085361
1363,281,9047,1461977,1462258
2976,162,9047,1085280,1085442
3565,93,9047,566470,566563
7304,31,9047,219440,219471
8556,13,9047,219471,219484
9001,254,9047,1394371,1394625
2594,53,9048,219523,219576
5883,118,9048,566562,566680
7795,246,9048,1394424,1394670
8235,103,9048,566680,566783
9530,178,9048,1085401,1085579
1258,140,9049,850703,850843
2076,273,9049,1394469,1394742
7117,295,9049,1462016,1462311
8322,288,9049,1462071,1462359
7005,123,9050,850882,851005
7980,185,9050,1085577,1085762
3578,295,9051,1462117,1462412
4145,86,9051,567060,567146
4818,247,9051,1394660,1394907
5179,213,9051,1267546,1267759
5183,202,9051,1267599,1267801
5491,150,9051,851124,851274
6206,87,9051,567266,567353
7121,8,9051,220253,220261
9644,279,9051,1394707,1394986
1751,5,9052,220300,220305
2620,295,9052,1462171,1462466
5400,39,9052,220345,220384
6373,105,9052,567392,567497
8747,159,9052,851273,851432
9415,206,9052,1267720,1267926
3165,298,9053,1462225,1462523
3818,202,9053,1267805,1268007
4258,152,9053,851471,851623
8748,121,9053,851543,851664
5239,89,9054,567695,567784
6077,94,9054,567744,567838
9811,101,9054,567798,567899
1987,269,9055,1394862,1395131
3586,285,9055,1462281,1462566
4148,12,9055,220861,220873
6365,182,9055,1086077,1086259
8220,33,9055,220913,220946
3310,169,9056,1086138,1086307
7715,216,9056,1267924,1268140
8281,13,9056,221025,221038
9658,19,9056,221038,221057
5489,250,9057,1394969,1395219
3439,86,9058,568095,568181
4961,243,9058,1395018,1395261
5033,210,9058,1268058,1268268
6910,155,9058,851899,852054
8890,88,9058,568261,568349
3407,155,9059,851973,852128
8668,59,9059,221334,221393
1736,201,9060,1268106,1268307
1231,210,9061,1268146,1268356
3187,71,9061,221471,221542
4048,122,9061,852126,852248
6398,277,9061,1395058,1395335
6641,278,9061,1395135,1395413
7961,236,9061,1268276,1268512
9898,139,9061,852288,852427
7085,123,9062,852346,852469
7574,170,9062,1086541,1086711
1032,208,9063,1268350,1268558
6530,219,9063,1268398,1268617
9496,202,9063,1268457,1268659
1266,178,9064,1086709,1086887
2030,72,9064,221979,222051
5704,143,9064,852587,852730
6323,62,9064,222091,222153
7282,233,9064,1268498,1268731
7364,272,9064,1395210,1395482
9462,268,9064,1395282,1395550
2788,212,9065,1268650,1268862
3717,107,9065,569062,569169
4918,289,9065,1462316,1462605
2965,214,9066,1268741,1268955
5908,171,9066,1087005,1087176
1183,155,9067,852927,853082
2055,271,9067,1395387,1395658
3572,69,9067,222550,222619
6972,193,9067,1087095,1087288
7135,62,9067,222659,222721
1421,132,9068,853081,853213
2027,177,9068,1087167,1087344
6619,156,9068,853173,853329
9336,69,9068,222840,222909
9616,138,9068,853249,853387
1544,202,9069,1268832,1269034
3579,173,9069,1087263,1087436
4288,62,9069,223028,223090
2625,193,9070,1087315,1087508
5543,17,9070,223129,223146
6605,269,9070,1395455,1395724
6771,298,9071,1462359,1462657
7500,172,9071,1087467,1087639
8347,65,9071,223265,223330
8629,153,9071,853544,853697
1784,225,9072,1268951,1269176
2470,230,9072,1269016,1269246
2875,165,9072,1087598,1087763
3999,51,9072,223489,223540
4609,51,9072,223540,223591
6850,134,9072,853736,853870
7208,91,9072,569962,570053
7607,223,9072,1269086,1269309
9126,194,9072,1087683,1087877
9421,298,9072,1462416,1462714
9598,62,9072,223791,223853
2707,11,9074,223851,223862
3120,136,9074,853908,854044
3389,128,9074,853964,854092
4645,20,9074,223942,223962
7563,70,9074,223962,224032
7703,198,9074,1087795,1087993
7899,118,9074,570251,570369
8273,245,9074,1395600,1395845
8796,246,9074,1395645,1395891
2392,26,9075,224191,224217
5218,276,9075,1395690,1395966
5723,56,9075,224257,224313
8410,208,9075,1269306,1269514
2580,83,9076,570487,570570
3240,82,9076,570530,570612
3451,242,9076,1395765,1396007
6763,1,9076,224472,224473
7404,290,9076,1462470,1462760
9192,98,9076,570652,570750
1778,33,9077,224552,224585
3648,52,9077,224585,224637
4535,108,9077,570709,570817
6522,26,9077,224677,224703
9397,262,9077,1395846,1396108
5561,274,9078,1395907,1396181
6451,203,9078,1269511,1269714
9939,234,9078,1269554,1269788
2611,90,9079,570935,571025
2389,73,9080,224900,224973
4171,49,9080,224973,225022
8852,253,9080,1395979,1396232
9596,160,9080,854486,854646
3008,133,9081,854565,854698
6551,101,9081,571103,571204
9420,256,9081,1396031,1396287
9466,111,9081,571204,571315
2468,279,9082,1396086,1396365
5088,25,9082,225300,225325
6111,206,9082,1269744,1269950
6426,298,9082,1462514,1462812
2427,73,9083,225404,225477
4846,10,9083,225477,225487
6560,146,9083,854776,854922
9352,249,9083,1396204,1396453
6412,229,9084,1269868,1270097
7954,252,9084,1396252,1396504
2460,249,9085,1396303,1396552
2736,120,9085,571591,571711
4743,202,9085,1270016,1270218
5452,250,9085,1396352,1396602
7974,113,9085,571751,571864
7982,91,9085,571824,571915
8505,243,9085,1396402,1396645
9676,277,9085,1396445,1396722
4385,73,9086,225964,226037
5783,133,9086,855159,855292
6300,185,9086,1088781,1088966
8017,159,9086,855252,855411
4533,76,9087,226156,226232
7176,126,9087,855330,855456
3277,104,9088,572112,572216
7544,228,9088,1270175,1270403
8109,49,9088,226351,226400
8707,70,9088,226400,226470
9375,139,9088,855415,855554
2924,217,9089,1270242,1270459
3729,30,9089,226549,226579
4141,81,9089,572295,572376
6808,30,9089,226619,226649
7395,72,9089,226649,226721
9608,239,9089,1270299,1270538
1357,202,9090,1270377,1270579
1474,200,9090,1089002,1089202
4298,145,9090,855632,855777
7100,109,9090,572495,572604
1148,108,9091,572563,572671
2586,172,9091,1089081,1089253
3293,144,9091,855736,855880
5167,204,9091,1270418,1270622
5900,99,9091,572751,572850
7374,50,9091,227119,227169
7396,104,9091,572810,572914
1850,195,9092,1089172,1089367
2832,179,9092,1089247,1089426
4934,54,9092,227288,227342
5670,28,9092,227342,227370
6250,126,9092,855919,856045
2481,95,9093,572992,573087
3856,265,9093,1396514,1396779
4483,49,9093,227489,227538
5497,296,9093,1462561,1462857
6085,10,9093,227578,227588
6681,116,9093,573127,573243
6966,214,9093,1270540,1270754
7340,151,9093,856084,856235
4087,171,9094,1089424,1089595
5187,160,9094,856194,856354
6622,224,9094,1270593,1270817
7016,125,9094,856314,856439
7518,116,9094,573442,573558
7463,163,9095,1089514,1089677
8730,300,9095,1462615,1462915
4806,40,9096,227985,228025
6851,190,9096,1089596,1089786
8774,299,9096,1462674,1462973
2869,243,9097,1396695,1396938
4005,15,9097,228144,228159
6262,20,9097,228159,228179
6726,244,9097,1396738,1396982
6809,88,9097,573755,573843
2329,135,9098,856595,856730
6774,206,9098,1270813,1271019
9282,105,9098,573882,573987
6049,248,9099,1396780,1397028
8813,57,9099,228417,228474
9553,202,9099,1270898,1271100
3563,186,9100,1089902,1090088
3644,45,9100,228553,228598
4968,279,9100,1396827,1397106
8140,44,9100,228638,228682
8791,54,9100,228682,228736
1977,125,9101,856847,856972
2782,298,9101,1462728,1463026
9976,219,9101,1271018,1271237
1916,118,9102,574223,574341
2464,254,9102,1396944,1397198
6065,97,9102,574341,574438
8705,172,9102,1090126,1090298
2696,275,9103,1396997,1397272
2803,245,9103,1397072,1397317
4093,28,9103,229093,229121
4933,185,9103,1090257,1090442
5343,234,9103,1271195,1271429
8266,141,9103,857210,857351
9371,203,9103,1271269,1271472
9394,43,9103,229281,229324
2794,166,9104,1090401,1090567
3878,206,9104,1271311,1271517
4710,242,9104,1397116,1397358
6145,113,9104,574796,574909
8975,277,9104,1397158,1397435
9270,206,9104,1271437,1271643
1027,221,9105,1271482,1271703
1765,207,9106,1271542,1271749
8171,225,9106,1271589,1271814
8894,125,9106,857628,857753
3417,75,9107,229720,229795
4061,88,9107,575106,575194
5413,146,9107,857672,857818
6956,271,9107,1397232,1397503
7708,80,9107,229915,229995
7725,173,9107,1090764,1090937
7888,216,9107,1271693,1271909
9388,150,9107,857858,858008
4361,268,9108,1397302,1397570
5712,23,9108,230154,230177
6579,197,9108,1090896,1091093
8995,34,9108,230217,230251
9123,289,9108,1462779,1463068
1843,280,9109,1397409,1397689
3250,115,9109,575512,575627
5038,176,9109,1091052,1091228
5166,260,9109,1397489,1397749
7345,211,9109,1271907,1272118
9463,38,9109,230490,230528
9789,93,9109,575707,575800
1197,114,9110,575759,575873
2295,219,9110,1271957,1272176
5189,62,9110,230647,230709
9289,36,9110,230709,230745
1004,231,9111,1272015,1272246
4732,109,9111,575912,576021
9772,283,9111,1462825,1463108
3914,106,9112,576020,576126
5105,5,9112,230903,230908
5623,92,9112,576086,576178
6488,260,9112,1397586,1397846
7315,242,9112,1397646,1397888
9919,274,9112,1397688,1397962
2847,166,9113,1091424,1091590
2998,122,9113,858482,858604
3300,124,9113,858524,858648
8175,229,9113,1272244,1272473
3670,12,9115,231225,231237
3641,158,9116,858605,858763
9036,249,9116,1397758,1398007
2060,227,9117,1272349,1272576
2187,123,9117,858762,858885
4085,232,9117,1272416,1272648
5092,249,9117,1397806,1398055
5739,291,9117,1462862,1463153
7043,266,9117,1397895,1398161
1974,121,9118,858964,859085
2282,10,9118,231594,231604
2721,296,9118,1462912,1463208
6942,269,9118,1398000,1398269
8311,248,9118,1398069,1398317
4705,47,9119,231723,231770
5288,174,9119,1091864,1092038
6538,18,9119,231810,231828
6974,46,9119,231828,231874
9653,89,9119,576931,577020
3674,101,9120,576979,577080
4966,266,9121,1398114,1398380
5455,275,9121,1398180,1398455
6479,241,9121,1398255,1398496
2313,252,9122,1398295,1398547
2691,154,9122,859321,859475
3998,157,9122,859395,859552
6156,152,9122,859472,859624
2430,34,9123,232230,232264
7402,287,9123,1462963,1463250
7501,192,9123,1092114,1092306
8565,195,9123,1092186,1092381
5274,230,9124,1272921,1273151
7869,233,9124,1272991,1273224
8838,164,9124,1092340,1092504
2442,121,9125,859781,859902
2667,140,9125,859822,859962
5909,205,9125,1273063,1273268
6298,66,9125,232622,232688
7258,201,9125,1273108,1273309
7729,91,9125,577715,577806
1056,157,9126,859961,860118
7764,88,9126,577805,577893
9095,88,9126,577853,577941
9632,264,9126,1398383,1398647
2180,283,9127,1463006,1463289
8989,285,9127,1463049,1463334
9330,97,9127,578020,578117
1639,147,9128,860156,860303
5337,16,9128,233085,233101
7720,299,9128,1463093,1463392
2220,295,9129,1463151,1463446
3176,84,9129,578195,578279
9905,178,9129,1092659,1092837
2902,260,9130,1398603,1398863
3730,171,9130,1092756,1092927
9881,179,9130,1092807,1092986
2453,19,9131,233378,233397
2554,279,9131,1398662,1398941
3496,112,9131,578437,578549
3937,93,9131,578509,578602
5290,295,9131,1463204,1463499
3593,260,9132,1398780,1399040
4082,170,9132,1092984,1093154
4853,275,9132,1398840,1399115
6274,288,9132,1463258,1463546
7289,155,9132,860699,860854
8032,217,9133,1273581,1273798
1255,208,9134,1273637,1273845
2234,258,9134,1398953,1399211
2763,59,9134,233874,233933
3001,25,9134,233933,233958
3301,129,9134,860892,861021
7960,22,9134,233998,234020
9057,2,9134,234020,234022
2558,236,9135,1273724,1273960
2692,262,9135,1399010,1399272
3285,248,9135,1399072,1399320
3799,226,9135,1273880,1274106
4299,185,9135,1093391,1093576
8141,181,9135,1093456,1093637
2280,222,9136,1273945,1274167
4634,206,9136,1274007,1274213
4769,46,9136,234340,234386
5474,201,9136,1274053,1274254
6210,59,9136,234426,234485
8121,286,9136,1463302,1463588
8720,114,9136,579357,579471
4898,260,9137,1399158,1399418
6006,197,9137,1093715,1093912
9546,292,9137,1463347,1463639
1277,203,9138,1274212,1274415
1546,3,9138,234723,234726
1980,193,9138,1093871,1094064
2196,9,9138,234766,234775
2294,293,9138,1463398,1463691
2850,120,9138,579669,579789
2873,244,9138,1399297,1399541
3743,154,9138,861617,861771
8713,242,9138,1399341,1399583
8783,242,9138,1399383,1399625
9053,206,9138,1274415,1274621
1065,20,9139,235054,235074
1961,128,9139,861810,861938
2095,122,9139,861858,861980
2970,215,9139,1274460,1274675
4011,292,9139,1463450,1463742
4622,226,9139,1274555,1274781
1829,292,9140,1463501,1463793
1899,35,9140,235313,235348
5217,75,9140,235348,235423
6343,195,9140,1094302,1094497
9876,255,9140,1399503,1399758
9957,219,9140,1274700,1274919
1937,192,9141,1094456,1094648
3019,69,9141,235582,235651
4068,29,9141,235651,235680
4584,127,9141,862218,862345
4713,279,9141,1399557,1399836
5806,125,9141,862305,862430
9291,271,9141,1399636,1399907
1430,182,9142,1094607,1094789
1923,3,9142,235879,235882
4550,177,9142,1094669,1094846
8468,167,9142,1094726,1094893
9610,93,9142,580625,580718
9857,108,9142,580678,580786
5342,163,9143,1094772,1094935
5459,62,9143,236081,236143
9917,37,9143,236143,236180
1685,291,9144,1463549,1463840
8802,180,9144,1094854,1095034
6858,161,9145,1094913,1095074
1146,125,9146,862665,862790
7774,93,9146,580942,581035
3427,264,9147,1399741,1400005
5431,187,9147,1094992,1095179
9758,150,9147,862789,862939
3045,5,9148,236495,236500
4045,202,9148,1274911,1275113
5873,131,9148,862898,863029
8501,129,9148,862949,863078
4621,8,9149,236619,236627
5820,15,9149,236627,236642
5979,60,9149,236642,236702
6747,278,9149,1399803,1400081
7713,295,9149,1463595,1463890
8259,242,9149,1399921,1400163
8690,116,9149,581352,581468
8795,56,9149,236862,236918
1037,40,9150,236917,236957
6020,59,9150,236957,237016
6994,160,9150,863116,863276
9355,283,9150,1463649,1463932
1180,73,9151,237095,237168
3345,20,9151,237168,237188
4279,249,9151,1400001,1400250
4407,108,9151,581546,581654
6162,226,9151,1275150,1275376
7316,32,9151,237308,237340
8080,227,9151,1275216,1275443
1348,65,9152,237379,237444
4430,151,9152,863354,863505
5805,255,9152,1400049,1400304
1325,101,9153,581772,581873
1529,237,9153,1275321,1275558
3865,5,9153,237603,237608
4798,78,9153,237608,237686
5412,223,9153,1275398,1275621
6289,289,9153,1463689,1463978
7366,272,9153,1400143,1400415
2360,292,9154,1463737,1464029
9672,49,9154,237845,237894
1191,285,9155,1463788,1464073
1787,243,9155,1400293,1400536
4130,54,9155,237973,238027
2355,274,9156,1400335,1400609
3757,11,9156,238066,238077
4420,71,9156,238077,238148
7099,268,9156,1400409,1400677
5877,291,9157,1463831,1464122
7355,177,9157,1095809,1095986
8442,296,9157,1463882,1464178
9756,220,9157,1275817,1276037
4965,258,9158,1400555,1400813
5467,164,9158,1095985,1096149
9272,181,9158,1096029,1096210
9697,119,9158,582468,582587
1157,64,9159,238505,238569
9113,271,9159,1400612,1400883
2483,53,9160,238608,238661
5004,142,9160,864137,864279
1016,90,9161,582624,582714
1345,54,9161,238740,238794
2316,24,9161,238794,238818
5499,144,9161,864198,864342
5529,236,9161,1275953,1276189
6255,107,9161,582754,582861
6725,121,9161,864302,864423
9645,254,9161,1400681,1400935
1408,199,9162,1096206,1096405
2328,165,9162,1096285,1096450
3923,250,9162,1400734,1400984
7173,27,9162,239137,239164
9041,40,9162,239164,239204
9712,16,9162,239204,239220
9888,172,9162,1096370,1096542
3532,222,9163,1276107,1276329
4472,40,9163,239299,239339
5283,38,9163,239339,239377
5545,130,9163,864581,864711
9446,263,9163,1400783,1401046
1170,173,9164,1096500,1096673
3672,175,9164,1096553,1096728
5297,299,9165,1463930,1464229
6528,129,9165,864789,864918
1125,266,9166,1400883,1401149
4589,242,9166,1400949,1401191
5326,175,9166,1096726,1096901
5454,127,9166,864957,865084
8448,100,9166,583496,583596
8984,1,9166,239814,239815
9886,120,9166,583556,583676
2175,213,9167,1276325,1276538
3419,138,9167,865043,865181
3658,140,9167,865101,865241
5644,176,9167,1096820,1096996
7769,200,9167,1096876,1097076
3175,246,9168,1400989,1401235
4692,268,9168,1401035,1401303
6600,142,9168,865320,865462
6829,82,9168,583954,584036
1740,193,9169,1097034,1097227
1825,271,9169,1401102,1401373
5256,49,9169,240292,240341
9839,65,9169,240341,240406
5566,218,9170,1276495,1276713
7221,20,9170,240445,240465
8789,279,9170,1401172,1401451
9940,169,9170,1097226,1097395
5515,111,9171,584193,584304
5934,192,9171,1097274,1097466
6844,65,9171,240624,240689
7089,154,9171,865619,865773
7765,248,9171,1401250,1401498
9485,65,9171,240769,240834
2106,283,9173,1463981,1464264
2536,231,9173,1276670,1276901
6234,254,9173,1401336,1401590
6804,81,9173,584502,584583
2731,17,9174,240991,241008
7649,194,9174,1097503,1097697
8771,210,9174,1276780,1276990
3821,223,9175,1276829,1277052
9162,245,9175,1401388,1401633
3360,113,9176,584700,584813
7918,118,9176,584773,584891
9493,37,9176,241246,241283
2956,87,9177,584850,584937
5955,226,9177,1276930,1277156
7978,62,9177,241362,241424
5812,183,9178,1097733,1097916
4152,291,9179,1464018,1464309
5553,192,9179,1097835,1098027
5620,169,9179,1097907,1098076
7833,11,9179,241582,241593
9924,46,9179,241593,241639
1728,218,9180,1277033,1277251
6346,189,9180,1097995,1098184
6348,177,9180,1098064,1098241
9226,144,9180,866324,866468
3339,154,9181,866387,866541
2148,210,9182,1277089,1277299
2363,134,9182,866500,866634
2681,218,9182,1277139,1277357
3104,69,9182,241956,242025
4301,256,9182,1401466,1401722
4512,64,9182,242065,242129
4534,290,9182,1464066,1464356
5663,148,9182,866674,866822
8571,72,9182,242209,242281
8973,96,9182,585532,585628
9024,76,9182,242321,242397
9211,63,9182,242397,242460
9216,130,9182,866742,866872
5368,68,9183,242499,242567
6602,40,9183,242567,242607
8415,32,9183,242607,242639
9306,115,9183,585627,585742
1763,153,9184,866790,866943
7306,178,9184,1098277,1098455
9051,84,9184,585781,585865
1184,289,9185,1464113,1464402
1320,213,9185,1277314,1277527
1380,17,9185,242877,242894
2817,106,9185,585904,586010
7678,93,9185,585970,586063
8536,78,9185,242974,243052
9141,198,9185,1098414,1098612
9301,99,9185,586063,586162
1831,272,9186,1401598,1401870
2393,98,9186,586161,586259
2530,37,9186,243211,243248
3548,88,9186,586219,586307
5292,298,9186,1464161,1464459
6570,107,9186,586307,586414
9738,28,9186,243368,243396
1267,114,9187,586373,586487
1352,283,9187,1464218,1464501
3072,163,9187,1098610,1098773
4676,66,9187,243515,243581
4892,36,9187,243581,243617
5679,183,9187,1098653,1098836
5790,204,9187,1277485,1277689
7461,71,9187,243697,243768
8570,292,9187,1464261,1464553
2633,214,9188,1277568,1277782
6470,136,9188,867339,867475
7267,184,9188,1098835,1099019
7731,170,9188,1098899,1099069
2465,25,9189,243966,243991
3852,250,9189,1401787,1402037
6914,60,9189,244031,244091
9621,228,9189,1277661,1277889
2988,40,9190,244130,244170
2336,81,9191,586883,586964
3055,114,9191,586924,587038
3354,227,9191,1277727,1277954
3759,159,9191,867592,867751
9027,156,9191,867671,867827
9154,48,9191,244369,244417
3438,18,9192,244416,244434
6173,138,9192,867746,867884
6580,127,9192,867804,867931
6723,11,9192,244514,244525
9823,185,9192,1099065,1099250
2967,72,9193,244564,244636
5964,205,9193,1277792,1277997
3620,195,9194,1099168,1099363
4010,210,9194,1277836,1278046
5032,55,9194,244755,244810
5583,232,9194,1277886,1278118
7922,227,9194,1277958,1278185
9122,99,9194,587435,587534
9536,112,9194,587494,587606
5870,31,9195,244969,245000
1607,156,9196,868087,868243
2712,214,9196,1278023,1278237
3649,154,9196,868203,868357
4406,107,9196,587684,587791
5067,79,9196,245159,245238
6737,163,9196,1099401,1099564
2177,240,9197,1278076,1278316
2469,210,9197,1278156,1278366
5630,17,9197,245357,245374
5779,193,9197,1099523,1099716
6308,252,9197,1401829,1402081
8765,124,9197,868476,868600
9841,218,9197,1278246,1278464
9852,279,9197,1401881,1402160
3241,157,9198,868599,868756
6028,144,9198,868676,868820
6916,140,9198,868740,868880
7367,95,9198,588189,588284
8915,72,9198,245733,245805
9150,107,9198,588244,588351
1102,271,9199,1401958,1402229
4950,215,9199,1278382,1278597
9039,162,9199,1099794,1099956
1447,29,9200,245963,245992
6598,206,9200,1278436,1278642
7139,45,9200,246032,246077
7675,68,9200,246077,246145
9189,190,9200,1099875,1100065
2922,52,9201,246184,246236
3126,17,9201,246236,246253
4525,24,9201,246253,246277
8329,145,9201,868997,869142
9490,268,9201,1402027,1402295
9643,25,9201,246357,246382
2668,102,9202,588587,588689
5912,76,9202,246421,246497
7236,219,9202,1278520,1278739
8440,109,9202,588689,588798
8820,189,9202,1100023,1100212
1250,146,9203,869180,869326
4503,147,9203,869246,869393
9184,123,9203,869313,869436
2202,230,9204,1278577,1278807
4133,135,9204,869395,869530
5733,261,9204,1402092,1402353
6018,43,9204,246855,246898
6268,185,9204,1100170,1100355
6385,201,9204,1278687,1278888
8344,184,9204,1100275,1100459
8411,50,9204,247018,247068
8490,136,9204,869610,869746
5212,110,9205,589195,589305
6594,244,9205,1402152,1402396
8474,259,9205,1402196,1402455
2785,264,9206,1402254,1402518
7170,103,9206,589384,589487
7669,107,9206,589447,589554
7148,43,9207,247345,247388
7933,53,9207,247388,247441
8829,280,9207,1402317,1402597
9813,183,9207,1100496,1100679
3883,300,9208,1464292,1464592
4143,105,9208,589632,589737
5502,273,9208,1402436,1402709
5716,79,9208,247640,247719
5992,201,9208,1278964,1279165
6995,205,9208,1279005,1279210
8081,194,9208,1100718,1100912
9447,97,9208,589857,589954
1683,157,9209,870061,870218
2183,281,9209,1464351,1464632
3445,81,9209,589993,590074
4980,262,9209,1402548,1402810
6503,13,9209,248038,248051
7743,191,9209,1100871,1101062
9245,248,9209,1402610,1402858
1594,59,9210,248130,248189
2861,143,9210,870297,870440
3916,178,9210,1100981,1101159
5685,68,9210,248269,248337
5857,233,9210,1279168,1279401
6369,27,9210,248377,248404
7992,262,9210,1402657,1402919
2526,131,9211,870479,870610
2834,210,9211,1279280,1279490
3208,50,9211,248523,248573
3708,210,9211,1279330,1279540
4823,227,9211,1279380,1279607
5377,147,9211,870650,870797
6265,23,9211,248693,248716
7091,284,9211,1464390,1464674
9683,192,9211,1101278,1101470
9698,257,9211,1402758,1403015
2724,126,9212,870836,870962
2820,186,9212,1101389,1101575
5952,54,9212,248915,248969
6615,253,9212,1402814,1403067
9239,74,9212,249009,249083
1209,130,9213,870961,871091
3573,161,9213,1101494,1101655
5095,58,9213,249162,249220
5469,229,9213,1279565,1279794
1117,54,9214,249259,249313
1464,169,9214,1101574,1101743
7478,195,9214,1101623,1101818
9850,212,9214,1279633,1279845
1556,91,9215,590988,591079
2937,252,9215,1402864,1403116
7138,121,9215,871249,871370
8328,284,9215,1464430,1464714
8797,112,9215,591159,591271
3484,193,9216,1101816,1102009
4504,109,9216,591270,591379
6903,19,9216,249711,249730
1876,245,9217,1402954,1403199
4411,9,9217,249769,249778
7006,188,9217,1101928,1102116
9896,258,9217,1402999,1403257
4815,116,9218,591457,591573
5048,283,9218,1464471,1464754
5316,83,9218,591573,591656
2191,12,9219,249976,249988
5656,74,9219,249988,250062
7270,54,9219,250062,250116
8020,161,9219,1102074,1102235
9166,82,9219,591655,591737
9478,77,9219,250196,250273
6877,289,9220,1464512,1464801
1370,201,9221,1279918,1280119
4816,293,9221,1464560,1464853
5748,277,9221,1403173,1403450
6407,267,9221,1403250,1403517
7530,71,9221,250471,250542
8620,6,9221,250542,250548
1261,252,9222,1403316,1403568
1869,73,9222,250587,250660
2705,240,9222,1280118,1280358
6048,21,9222,250700,250721
6578,17,9222,250721,250738
7990,183,9222,1102392,1102575
8310,64,9222,250778,250842
8642,72,9222,250842,250914
9927,200,9222,1102455,1102655
4042,192,9223,1102534,1102726
4433,9,9223,250993,251002
4459,126,9223,871962,872088
6411,72,9223,251042,251114
6958,195,9223,1102606,1102801
1087,116,9224,592172,592288
3080,118,9224,592248,592366
3379,294,9224,1464610,1464904
5329,64,9224,251273,251337
6392,278,9225,1403405,1403683
7753,36,9225,251376,251412
2498,172,9226,1102758,1102930
6296,136,9226,872165,872301
6728,272,9226,1403482,1403754
7816,167,9226,1102850,1103017
6483,46,9227,251570,251616
1401,288,9228,1464660,1464948
2699,261,9228,1403592,1403853
3307,228,9228,1280392,1280620
4306,283,9228,1464708,1464991
6019,271,9228,1403693,1403964
7123,59,9228,251815,251874
9229,278,9228,1403764,1404042
9714,254,9228,1403842,1404096
5985,201,9229,1280619,1280820
6067,97,9229,592881,592978
6366,19,9229,252033,252052
8981,167,9229,1103214,1103381
9299,36,9229,252092,252128
1526,206,9230,1280659,1280865
1547,126,9230,872697,872823
2884,290,9230,1464749,1465039
5240,242,9230,1403934,1404176
5999,72,9230,252287,252359
7962,117,9230,593137,593254
7996,192,9230,1103380,1103572
1156,118,9231,593253,593371
1412,155,9231,872862,873017
3137,63,9231,252518,252581
5372,192,9231,1103451,1103643
7435,58,9231,252621,252679
4699,41,9232,252678,252719
4863,92,9232,593410,593502
5101,102,9232,593462,593564
2704,56,9233,252798,252854
3763,277,9233,1403973,1404250
6376,237,9233,1280822,1281059
7873,6,9233,252934,252940
3590,157,9234,873054,873211
6695,299,9234,1464795,1465094
3813,1,9235,253018,253019
4753,50,9235,253019,253069
5885,196,9235,1103639,1103835
6477,59,9235,253109,253168
6500,66,9235,253168,253234
9673,111,9235,593721,593832
9862,176,9235,1103715,1103891
2894,96,9236,593831,593927
3266,94,9236,593887,593981
3858,102,9236,593941,594043
4334,295,9236,1464852,1465147
4641,180,9236,1103810,1103990
6202,2,9236,253513,253515
8130,63,9236,253515,253578
3673,181,9237,1103869,1104050
4691,167,9237,1103930,1104097
5823,31,9237,253657,253688
6738,137,9237,873408,873545
7928,281,9237,1464906,1465187
8493,167,9237,1104017,1104184
9581,133,9237,873545,873678
9695,284,9237,1464947,1465231
5332,265,9238,1404205,1404470
4445,185,9239,1104142,1104327
7166,280,9239,1404269,1404549
1662,45,9240,254005,254050
4158,4,9240,254050,254054
6167,224,9240,1281132,1281356
9359,281,9240,1464988,1465269
9993,57,9240,254134,254191
1262,186,9241,1104325,1104511
2349,149,9241,873874,874023
3702,156,9241,873943,874099
4124,24,9241,254310,254334
5860,50,9241,254334,254384
3403,72,9242,254383,254455
5622,75,9242,254455,254530
6712,128,9242,874018,874146
8054,84,9242,594717,594801
8083,192,9242,1104390,1104582
3092,170,9243,1104461,1104631
3754,178,9243,1104511,1104689
4642,131,9243,874185,874316
4660,228,9243,1281233,1281461
7639,34,9243,254809,254843
4693,295,9244,1465025,1465320
7803,60,9244,254882,254942
1545,76,9245,254941,255017
3264,184,9245,1104647,1104831
3845,220,9245,1281339,1281559
5651,178,9245,1104751,1104929
6397,293,9245,1465079,1465372
6052,49,9246,255176,255225
8354,123,9246,874473,874596
1175,131,9247,874515,874646
2663,36,9247,255304,255340
4102,260,9247,1404461,1404721
5494,191,9247,1104887,1105078
5982,170,9247,1104958,1105128
7457,214,9247,1281477,1281691
8856,249,9247,1404521,1404770
9965,48,9247,255540,255588
6105,40,9248,255587,255627
6888,115,9248,595435,595550
2215,297,9249,1465128,1465425
3583,55,9249,255706,255761
2041,67,9250,255760,255827
3038,259,9250,1404607,1404866
3860,262,9250,1404666,1404928
4787,174,9250,1105205,1105379
9068,170,9250,1105259,1105429
9262,122,9250,874963,875085
9267,70,9250,256027,256097
1875,36,9251,256096,256132
9573,295,9251,1465183,1465478
1301,155,9252,875043,875198
1469,66,9252,256211,256277
2630,254,9252,1404766,1405020
2693,268,9252,1404820,1405088
3442,186,9252,1105427,1105613
6304,144,9252,875238,875382
7175,213,9252,1281806,1282019
1718,277,9253,1404887,1405164
2110,206,9253,1281898,1282104
2713,166,9253,1105612,1105778
5126,29,9253,256596,256625
5188,214,9253,1281944,1282158
7024,289,9253,1465236,1465525
7026,89,9253,596225,596314
8215,276,9253,1405004,1405280
1445,266,9254,1405079,1405345
5899,195,9254,1105817,1106012
5936,123,9254,875660,875783
4175,231,9255,1282116,1282347
6617,294,9255,1465283,1465577
6894,98,9255,596512,596610
1924,255,9256,1405183,1405438
6487,104,9256,596609,596713
8527,186,9256,1106010,1106196
2092,212,9257,1282265,1282477
3209,11,9257,257181,257192
4598,125,9257,875900,876025
4662,50,9257,257232,257282
6246,27,9257,257282,257309
6593,284,9257,1465335,1465619
7049,29,9257,257349,257378
3862,241,9258,1405276,1405517
4909,156,9258,876024,876180
6565,14,9258,257457,257471
8397,58,9258,257471,257529
3382,144,9259,876099,876243
5376,14,9259,257568,257582
1678,206,9260,1282394,1282600
9140,180,9260,1106232,1106412
1332,175,9261,1106291,1106466
3237,175,9261,1106346,1106521
5990,124,9261,876321,876445
6213,147,9261,876365,876512
6395,143,9261,876432,876575
7695,199,9261,1106401,1106600
8506,172,9261,1106480,1106652
2229,86,9262,597307,597393
3308,64,9262,257979,258043
7663,36,9262,258043,258079
2300,222,9263,1282437,1282659
6469,122,9263,876613,876735
1446,123,9264,876654,876777
4672,300,9264,1465372,1465672
5976,41,9264,258237,258278
6655,13,9264,258278,258291
8165,67,9264,258291,258358
8891,32,9264,258358,258390
2454,292,9265,1465431,1465723
9986,116,9265,597550,597666
6788,212,9266,1282576,1282788
6800,181,9266,1106687,1106868
8027,7,9266,258548,258555
2172,120,9267,597704,597824
4581,224,9267,1282627,1282851
7088,131,9267,876894,877025
9531,10,9267,258674,258684
1620,152,9268,876944,877096
5852,2,9268,258723,258725
9026,9,9268,258725,258734
2216,13,9269,258733,258746
6537,197,9269,1106785,1106982
7741,65,9269,258786,258851
8588,178,9269,1106862,1107040
1099,136,9270,877094,877230
3361,172,9270,1106919,1107091
5418,227,9270,1282688,1282915
3791,261,9271,1405384,1405645
4402,110,9271,598140,598250
6284,82,9271,598210,598292
6489,63,9271,259129,259192
6886,241,9271,1405445,1405686
7212,62,9271,259232,259294
3096,187,9272,1107089,1107276
4450,27,9272,259333,259360
5302,139,9272,877348,877487
3682,283,9273,1465475,1465758
6777,56,9273,259439,259495
9594,108,9273,598410,598518
9757,3,9273,259535,259538
1403,213,9274,1282871,1283084
2291,250,9274,1405523,1405773
2808,70,9274,259617,259687
4978,159,9274,877525,877684
5980,262,9274,1405573,1405835
7863,94,9274,598637,598731
3174,226,9275,1283003,1283229
6347,68,9275,259846,259914
6666,104,9275,598730,598834
8828,86,9275,598794,598880
9224,258,9275,1405634,1405892
9489,9,9275,260034,260043
9687,201,9275,1283109,1283310
2111,12,9276,260082,260094
4785,149,9276,877762,877911
4817,133,9276,877831,877964
7044,211,9276,1283149,1283360
9300,277,9276,1405691,1405968
8946,143,9277,877963,878106
9201,298,9277,1465514,1465812
1046,228,9278,1283278,1283506
1172,135,9278,878105,878240
3982,168,9278,1107590,1107758
4289,234,9278,1283346,1283580
4566,195,9278,1107678,1107873
5209,213,9278,1283420,1283633
5945,5,9278,260572,260577
7032,300,9278,1465571,1465871
1789,98,9279,599436,599534
5588,180,9279,1107832,1108012
8481,255,9279,1405845,1406100
1435,175,9280,1107931,1108106
5450,115,9280,599613,599728
6899,161,9280,1107986,1108147
8124,292,9280,1465629,1465921
8716,255,9280,1405939,1406194
2372,9,9281,260934,260943
2866,232,9281,1283630,1283862
5082,276,9281,1405993,1406269
6155,149,9281,878677,878826
6291,2,9281,261063,261065
8517,130,9281,878746,878876
3366,86,9282,599966,600052
5776,22,9282,261144,261166
6330,75,9282,261166,261241
7442,211,9282,1283741,1283952
7994,2,9282,261281,261283
9767,287,9282,1465679,1465966
3507,109,9283,600091,600200
3932,59,9283,261362,261421
6630,28,9283,261421,261449
6678,190,9283,1108264,1108454
8970,51,9283,261489,261540
9003,2,9283,261540,261542
1505,155,9284,878913,879068
2399,166,9284,1108333,1108499
4890,127,9284,879028,879155
3272,161,9285,1108378,1108539
5599,263,9286,1406104,1406367
1791,266,9287,1406166,1406432
3481,16,9287,261778,261794
4159,123,9287,879192,879315
4560,197,9287,1108497,1108694
5184,53,9287,261874,261927
5724,33,9287,261927,261960
5933,49,9287,261960,262009
6961,22,9287,262009,262031
7237,46,9287,262031,262077
3519,63,9288,262076,262139
1107,146,9289,879273,879419
1713,265,9289,1406230,1406495
3833,241,9289,1406295,1406536
6287,67,9289,262258,262325
6714,176,9289,1108652,1108828
9818,76,9289,262365,262441
1910,282,9290,1465718,1466000
2384,125,9290,879498,879623
4121,215,9290,1284024,1284239
7793,135,9290,879583,879718
1304,105,9291,600832,600937
3375,172,9291,1108786,1108958
3874,134,9291,879677,879811
4262,114,9291,600977,601091
4470,158,9291,879731,879889
4831,210,9291,1284078,1284288
8214,224,9291,1284128,1284352
2741,248,9292,1406373,1406621
3454,225,9292,1284231,1284456
4866,233,9292,1284296,1284529
5219,12,9292,262998,263010
7352,267,9292,1406421,1406688
7400,252,9292,1406488,1406740
8292,265,9292,1406540,1406805
8637,59,9292,263130,263189
9825,254,9292,1406605,1406859
1297,191,9293,1109196,1109387
5349,107,9293,601489,601596
5824,164,9293,1109267,1109431
7389,262,9293,1406658,1406920
7796,55,9294,263387,263442
8025,254,9294,1406719,1406973
9092,224,9294,1284607,1284831
9323,160,9294,880366,880526
1575,118,9295,601754,601872
1615,58,9295,263601,263659
2402,90,9295,601832,601922
6396,159,9295,880445,880604
6536,40,9295,263739,263779
8888,293,9295,1465755,1466048
8895,220,9295,1284710,1284930
2266,68,9296,263858,263926
3334,67,9296,263926,263993
4396,283,9296,1465807,1466090
5649,147,9296,880643,880790
9261,105,9296,602081,602186
2843,81,9297,602145,602226
3221,260,9297,1406850,1407110
3348,228,9297,1284848,1285076
3983,294,9297,1465849,1466143
4192,248,9297,1406950,1407198
4974,216,9297,1284996,1285212
5121,252,9297,1406998,1407250
7815,215,9297,1285092,1285307
1162,209,9298,1285146,1285355
1236,77,9298,264471,264548
2806,49,9298,264548,264597
5215,274,9298,1407049,1407323
5573,158,9298,881068,881226
1906,201,9299,1285234,1285435
3263,250,9299,1407122,1407372
5185,10,9299,264756,264766
6050,61,9299,264766,264827
8129,223,9299,1285315,1285538
1417,166,9300,1110024,1110190
3922,281,9300,1465900,1466181
8177,41,9300,264946,264987
8581,289,9300,1465941,1466230
8923,89,9300,602823,602912
5458,17,9301,265066,265083
5781,296,9301,1465989,1466285
1358,195,9302,1110188,1110383
1603,214,9302,1285495,1285709
2046,39,9302,265202,265241
3289,132,9302,881502,881634
5077,298,9302,1466044,1466342
3180,187,9303,1110342,1110529
3303,290,9303,1466101,1466391
6920,252,9303,1407368,1407620
9799,40,9303,265440,265480
4989,115,9304,603188,603303
7290,198,9304,1110488,1110686
9048,199,9304,1110566,1110765
9125,105,9304,603343,603448
2898,174,9305,1110644,1110818
4308,80,9306,265677,265757
1274,280,9307,1407416,1407696
2652,213,9307,1285704,1285917
3068,197,9307,1110776,1110973
5165,134,9307,881949,882083
8232,97,9307,603605,603702
9069,176,9307,1110853,1111029
1711,86,9308,603701,603787
5680,127,9308,882042,882169
6432,34,9308,266075,266109
7242,172,9308,1110908,1111080
1161,141,9309,882128,882269
2011,76,9309,266188,266264
2199,249,9309,1407494,1407743
3634,190,9309,1110999,1111189
4154,279,9309,1407543,1407822
8677,98,9309,603986,604084
8679,156,9309,882309,882465
8836,84,9309,604084,604168
9963,54,9309,266504,266558
2256,152,9310,882384,882536
7864,150,9310,882456,882606
8098,292,9310,1466144,1466436
8914,278,9310,1407661,1407939
1106,171,9311,1111187,1111358
2333,59,9311,266756,266815
3217,178,9311,1111238,1111416
7017,201,9311,1285913,1286114
8150,239,9311,1285954,1286193
3182,131,9312,882764,882895
4208,272,9312,1407737,1408009
7144,274,9312,1407809,1408083
7384,65,9312,267054,267119
9274,291,9312,1466194,1466485
2462,164,9313,1111494,1111658
5331,33,9313,267198,267231
6880,205,9313,1286151,1286356
4618,172,9314,1111577,1111749
4629,12,9314,267310,267322
5301,110,9314,604723,604833
9265,36,9314,267362,267398
9444,50,9314,267398,267448
1986,144,9315,883052,883196
2236,264,9315,1407920,1408184
3342,243,9315,1407984,1408227
8010,44,9315,267567,267611
9555,154,9315,883196,883350
1851,192,9316,1111707,1111899
2409,11,9316,267690,267701
3679,186,9316,1111779,1111965
4300,76,9316,267741,267817
5125,137,9316,883349,883486
5853,248,9316,1408026,1408274
2669,101,9317,605110,605211
4284,143,9317,883445,883588
4908,251,9317,1408073,1408324
7565,227,9317,1286352,1286579
2684,88,9318,605290,605378
3942,132,9318,883587,883719
3951,252,9318,1408123,1408375
4661,4,9318,268175,268179
6380,156,9318,883679,883835
6791,202,9318,1286458,1286660
8091,266,9318,1408175,1408441
8910,222,9318,1286540,1286762
9539,31,9318,268339,268370
1279,104,9319,605577,605681
1308,61,9319,268409,268470
2910,256,9319,1408240,1408496
4297,3,9319,268510,268513
4467,115,9319,605681,605796
6569,281,9319,1466238,1466519
7310,267,9319,1408336,1408603
8231,300,9319,1466279,1466579
5584,239,9320,1286760,1286999
9327,65,9320,268712,268777
6297,219,9321,1286838,1287057
6834,229,9321,1286897,1287126
8358,29,9321,268856,268885
1245,133,9322,884151,884284
5134,257,9322,1408440,1408697
5950,8,9322,268964,268972
6673,222,9322,1287005,1287227
7229,290,9322,1466336,1466626
7704,110,9322,606153,606263
2492,232,9323,1287106,1287338
3385,61,9323,269131,269192
3630,294,9323,1466385,1466679
4304,22,9323,269232,269254
5834,113,9323,606302,606415
1171,264,9324,1408575,1408839
2952,14,9324,269333,269347
9626,143,9324,884442,884585
1457,242,9325,1408638,1408880
1958,84,9325,606493,606577
4115,56,9325,269466,269522
4777,73,9325,269522,269595
5169,137,9325,884544,884681
1570,239,9326,1287295,1287534
2171,243,9326,1408679,1408922
2211,185,9326,1112755,1112940
5581,131,9326,884720,884851
8366,191,9326,1112820,1113011
9784,279,9326,1408722,1409001
2195,122,9327,884850,884972
3820,216,9327,1287453,1287669
4949,181,9327,1112970,1113151
4987,191,9327,1113031,1113222
6273,22,9327,270033,270055
6608,174,9327,1113102,1113276
8764,230,9327,1287509,1287739
3740,186,9328,1113195,1113381
6409,165,9328,1113261,1113426
6559,299,9328,1466434,1466733
1746,101,9329,607173,607274
1797,240,9329,1287617,1287857
3963,147,9329,885250,885397
9627,149,9329,885317,885466
2245,50,9330,270412,270462
5086,202,9330,1287696,1287898
5591,283,9330,1466491,1466774
3511,164,9331,1113463,1113627
6838,61,9331,270581,270642
8193,192,9331,1113507,1113699
9094,103,9331,607512,607615
9215,241,9331,1408876,1409117
3864,231,9333,1287815,1288046
7549,120,9333,607653,607773
7771,89,9333,607733,607822
8173,174,9333,1113657,1113831
9625,87,9333,607822,607909
2099,210,9334,1287885,1288095
3336,12,9334,270999,271011
5929,16,9334,271011,271027
1518,300,9335,1466529,1466829
4508,3,9335,271066,271069
7573,68,9335,271069,271137
3993,92,9336,607946,608038
4649,159,9337,885738,885897
8223,138,9337,885817,885955
9467,264,9337,1408951,1409215
3392,77,9338,271294,271371
5160,144,9338,885914,886058
5282,280,9338,1409014,1409294
6267,119,9338,608196,608315
6873,172,9338,1113866,1114038
7791,261,9338,1409094,1409355
8087,283,9338,1466586,1466869
1405,38,9339,271610,271648
3265,90,9339,608394,608484
3281,8,9339,271688,271696
7075,8,9339,271696,271704
7238,159,9339,886137,886296
2176,177,9340,1113996,1114173
4745,142,9340,886255,886397
4764,92,9340,608563,608655
7399,185,9340,1114053,1114238
1324,251,9341,1409192,1409443
1524,201,9341,1288168,1288369
7249,228,9341,1288209,1288437
7886,121,9341,886476,886597
8388,64,9341,272062,272126
8921,53,9341,272126,272179
5547,70,9342,272178,272248
6789,193,9342,1114236,1114429
8241,168,9342,1114309,1114477
8561,31,9342,272328,272359
9973,88,9342,608893,608981
2052,129,9343,886595,886724
2374,132,9344,886643,886775
4464,224,9344,1288274,1288498
5986,204,9344,1288338,1288542
6716,192,9344,1114435,1114627
7284,156,9344,886815,886971
9246,48,9344,272637,272685
1036,11,9345,272684,272695
6032,222,9345,1288381,1288603
9706,86,9345,609218,609304
3618,262,9346,1409238,1409500
5205,107,9346,609303,609410
6391,214,9346,1288482,1288696
1503,80,9347,272893,272973
3974,225,9347,1288535,1288760
6947,49,9347,273013,273062
8090,80,9347,273062,273142
8908,62,9347,273142,273204
9073,3,9347,273204,273207
1517,9,9348,273206,273215
6283,52,9348,273215,273267
6727,189,9348,1114663,1114852
7802,145,9348,887087,887232
7877,260,9348,1409298,1409558
9926,259,9348,1409358,1409617
5862,33,9349,273426,273459
7912,107,9349,609607,609714
7987,230,9349,1288678,1288908
2087,233,9350,1288747,1288980
2899,154,9350,887310,887464
5804,111,9350,609793,609904
5881,283,9350,1466617,1466900
7705,68,9350,273698,273766
8577,191,9350,1114930,1115121
1205,77,9351,273805,273882
3352,36,9351,273882,273918
7659,296,9351,1466659,1466955
9854,222,9351,1288899,1289121
2556,196,9352,1115079,1115275
3801,54,9352,274037,274091
6917,74,9352,274091,274165
7692,9,9352,274165,274174
8792,46,9352,274174,274220
8932,178,9352,1115155,1115333
9116,73,9352,274260,274333
2801,7,9353,274332,274339
4465,253,9353,1409492,1409745
5757,71,9353,274379,274450
6669,35,9353,274450,274485
9357,81,9353,610141,610222
1959,7,9354,274524,274531
2947,3,9354,274531,274534
3459,180,9354,1115251,1115431
3992,274,9354,1409544,1409818
5318,24,9354,274614,274638
5533,179,9354,1115351,1115530
8391,223,9354,1289038,1289261
8656,257,9354,1409618,1409875
1511,185,9355,1115489,1115674
3269,40,9355,274797,274837
3585,11,9355,274837,274848
6499,280,9355,1409674,1409954
7656,150,9355,887939,888089
2522,256,9356,1409753,1410009
4752,7,9356,274967,274974
5099,64,9356,274974,275038
5461,41,9356,275038,275079
5810,234,9356,1289219,1289453
9902,71,9356,275119,275190
2768,209,9357,1289292,1289501
5162,260,9357,1409808,1410068
5437,25,9357,275269,275294
7529,248,9357,1409868,1410116
8823,194,9357,1115792,1115986
8892,158,9357,888247,888405
1058,270,9358,1409915,1410185
2312,133,9358,888364,888497
5225,206,9358,1289460,1289666
6907,73,9358,275533,275606
7584,260,9358,1409985,1410245
7682,187,9358,1115985,1116172
2941,43,9359,275685,275728
3034,85,9359,610976,611061
6934,242,9359,1410044,1410286
8737,253,9359,1410086,1410339
1127,298,9360,1466706,1467004
1321,214,9360,1289664,1289878
3892,79,9360,275927,276006
8832,194,9360,1116210,1116404
1368,42,9361,276045,276087
2386,87,9361,611219,611306
3538,84,9361,611266,611350
4309,64,9361,276167,276231
6707,268,9361,1410177,1410445
7655,185,9361,1116323,1116508
9217,232,9361,1289757,1289989
1886,286,9362,1466762,1467048
2841,171,9362,1116467,1116638
4779,170,9362,1116518,1116688
5026,136,9362,888973,889109
5995,252,9362,1410284,1410536
1312,164,9363,1116607,1116771
1477,81,9363,611668,611749
3556,224,9363,1289907,1290131
8072,251,9363,1410335,1410586
9337,108,9363,611789,611897
5328,252,9364,1410385,1410637
3377,69,9365,276787,276856
5291,189,9365,1116769,1116958
6954,139,9365,889266,889405
7101,237,9365,1290049,1290286
8431,148,9365,889365,889513
8955,162,9365,1116878,1117040
5308,31,9366,277055,277086
1738,178,9367,1116918,1117096
3576,6,9367,277125,277131
5066,99,9367,612133,612232
5175,159,9367,889511,889670
8652,23,9367,277211,277234
9507,40,9367,277234,277274
1313,36,9368,277273,277309
1817,264,9368,1410433,1410697
1929,66,9368,277349,277415
2448,165,9368,1117015,1117180
3610,74,9368,277455,277529
6115,59,9368,277529,277588
9339,94,9368,612311,612405
5568,207,9369,1290162,1290369
7524,247,9370,1410495,1410742
8034,199,9371,1117137,1117336
1271,30,9372,277744,277774
4463,265,9372,1410540,1410805
7728,154,9372,889825,889979
9987,94,9372,612561,612655
1240,131,9373,889898,890029
3062,42,9373,277933,277975
3350,241,9373,1410604,1410845
3786,234,9373,1290325,1290559
4997,206,9373,1290399,1290605
7248,34,9373,278095,278129
1116,77,9374,278128,278205
2569,23,9374,278205,278228
1631,69,9375,278227,278296
3571,33,9375,278296,278329
5336,3,9375,278329,278332
1599,82,9376,612771,612853
5928,211,9376,1290442,1290653
2584,191,9377,1117410,1117601
2823,213,9377,1290492,1290705
2982,246,9377,1410641,1410887
4507,76,9377,278530,278606
5072,44,9377,278606,278650
9264,65,9377,278650,278715
9534,39,9377,278715,278754
1966,252,9378,1410686,1410938
2504,103,9378,613011,613114
2830,143,9378,890264,890407
8770,224,9378,1290624,1290848
3669,174,9379,1117639,1117813
4681,33,9379,278952,278985
4967,89,9379,613193,613282
7246,55,9380,279024,279079
7339,176,9380,1117692,1117868
8644,266,9380,1410736,1411002
9552,111,9380,613321,613432
1178,83,9381,613391,613474
7783,76,9381,279238,279314
9008,172,9381,1117787,1117959
3616,280,9382,1410800,1411080
5532,151,9382,890563,890714
5811,238,9382,1290764,1291002
1009,30,9383,279472,279502
1571,136,9383,890673,890809
3418,190,9383,1117917,1118107
3780,175,9383,1117987,1118162
2871,61,9384,279621,279682
3751,211,9384,1290840,1291051
8206,157,9384,890848,891005
1207,196,9385,1118080,1118276
2259,8,9385,279801,279809
2835,57,9385,279809,279866
3500,189,9385,1118156,1118345
5263,30,9385,279906,279936
8951,37,9385,279936,279973
2658,47,9386,279972,280019
4119,108,9386,613869,613977
4437,31,9386,280059,280090
5100,37,9386,280090,280127
2764,284,9387,1466783,1467067
6613,222,9387,1290928,1291150
7583,205,9387,1290990,1291195
8454,123,9387,891122,891245
9465,73,9387,280286,280359
7979,166,9388,1118342,1118508
1186,10,9389,280397,280407
4543,278,9389,1410913,1411191
5586,23,9389,280447,280470
7074,121,9389,891243,891364
1051,16,9390,280509,280525
1769,10,9390,280525,280535
2156,153,9390,891283,891436
2761,223,9390,1291072,1291295
3155,188,9390,1118466,1118654
7594,14,9390,280655,280669
8403,192,9390,1118534,1118726
2783,19,9391,280708,280727
5475,170,9391,1118605,1118775
1846,107,9392,614411,614518
4346,292,9392,1466822,1467114
7785,285,9392,1466874,1467159
1989,283,9393,1466918,1467201
9209,147,9393,891633,891780
9452,208,9393,1291252,1291460
1549,141,9394,891739,891880
3279,229,9394,1291299,1291528
5257,109,9394,614756,614865
6424,234,9394,1291368,1291602
7424,230,9394,1291442,1291672
8343,168,9394,1118932,1119100
8398,219,9394,1291512,1291731
8573,124,9394,892000,892124
9207,122,9394,892044,892166
1673,251,9395,1411105,1411356
6096,299,9395,1466959,1467258
1155,203,9396,1291649,1291852
1470,44,9396,281482,281526
6753,176,9396,1119138,1119314
7552,274,9396,1411195,1411469
9358,111,9396,615263,615374
1208,147,9397,892283,892430
3489,160,9397,892350,892510
5596,236,9397,1291731,1291967
6781,41,9397,281765,281806
7217,145,9397,892470,892615
9177,183,9397,1119273,1119456
3683,78,9398,281885,281963
4856,87,9398,615532,615619
5674,223,9398,1291806,1292029
7474,279,9398,1411267,1411546
8166,275,9398,1411346,1411621
8743,225,9398,1291949,1292174
2449,292,9399,1467014,1467306
3398,224,9399,1292053,1292277
7110,104,9399,615818,615922
7521,208,9399,1292117,1292325
1249,268,9400,1411459,1411727
1653,67,9400,282361,282428
2642,229,9400,1292204,1292433
5399,100,9400,616001,616101
6134,145,9400,892932,893077
6743,22,9400,282548,282570
7895,151,9400,892997,893148
8674,218,9400,1292273,1292491
9054,33,9400,282650,282683
3997,291,9401,1467064,1467355
5107,150,9401,893147,893297
3468,141,9402,893216,893357
4585,223,9402,1292369,1292592
5891,48,9402,282841,282889
6761,112,9402,616339,616451
4964,188,9403,1119810,1119998
6996,271,9403,1411564,1411835
7817,60,9403,283008,283068
8070,207,9403,1292471,1292678
1247,150,9404,893435,893585
3516,222,9404,1292517,1292739
3936,258,9404,1411634,1411892
7845,261,9404,1411692,1411953
5017,171,9405,1120076,1120247
8324,113,9405,616728,616841
2606,129,9406,893663,893792
4303,1,9406,283385,283386
2934,103,9407,616839,616942
4049,131,9407,893711,893842
4625,151,9407,893762,893913
6519,193,9407,1120125,1120318
2919,238,9408,1292655,1292893
6410,223,9408,1292733,1292956
6531,129,9408,893952,894081
8065,294,9408,1467108,1467402
1273,263,9409,1411788,1412051
2444,272,9411,1411849,1412121
2925,157,9411,894118,894275
3102,122,9411,894195,894317
3934,295,9411,1467159,1467454
5749,45,9411,283901,283946
7235,174,9411,1120434,1120608
8725,68,9411,283986,284054
9439,65,9411,284054,284119
9479,26,9411,284119,284145
9579,277,9411,1411961,1412238
6467,223,9412,1292992,1293215
2189,43,9413,284223,284266
2525,252,9413,1412036,1412288
7697,247,9413,1412088,1412335
9475,123,9413,894475,894598
5468,177,9414,1120645,1120822
2591,248,9415,1412133,1412381
5525,185,9415,1120741,1120926
5875,29,9415,284504,284533
6126,142,9415,894636,894778
9028,57,9415,284573,284630
4793,238,9416,1293171,1293409
1832,264,9417,1412179,1412443
1863,177,9417,1120884,1121061
5554,242,9417,1412243,1412485
9893,271,9417,1412285,1412556
5128,176,9418,1121020,1121196
5901,291,9418,1467207,1467498
7755,156,9418,894975,895131
8238,233,9418,1293407,1293640
9684,219,9418,1293480,1293699
2565,202,9419,1293538,1293740
5721,215,9419,1293580,1293795
7131,294,9419,1467257,1467551
8627,128,9419,895250,895378
1465,101,9420,618329,618430
1968,97,9420,618390,618487
4285,239,9420,1293674,1293913
8467,92,9420,618487,618579
9966,124,9420,895337,895461
1145,245,9421,1412432,1412677
1176,298,9421,1467309,1467607
7540,219,9421,1293832,1294051
7588,297,9421,1467367,1467664
8554,252,9421,1412557,1412809
8807,214,9421,1293971,1294185
4052,148,9422,895619,895767
6241,87,9422,618857,618944
6796,232,9422,1294024,1294256
7109,296,9422,1467423,1467719
8302,117,9422,618984,619101
8567,68,9422,285823,285891
3274,94,9423,619060,619154
3613,53,9423,285930,285983
6172,200,9423,1121671,1121871
6705,190,9423,1121751,1121941
6924,158,9423,895846,896004
8959,189,9423,1121821,1122010
9764,33,9423,286143,286176
2659,5,9424,286175,286180
4610,283,9424,1467477,1467760
9875,2,9424,286220,286222
1616,84,9425,619312,619396
7222,53,9425,286261,286314
9585,112,9425,619356,619468
9904,264,9425,1412685,1412949
3128,16,9426,286393,286409
6526,236,9426,1294212,1294448
6756,234,9426,1294288,1294522
8212,91,9426,619547,619638
9088,129,9426,896121,896250
5049,51,9427,286568,286619
4697,198,9429,1122044,1122242
9110,133,9429,896207,896340
5300,165,9430,1122121,1122286
7330,267,9430,1412744,1413011
2226,237,9431,1294397,1294634
2463,76,9431,286815,286891
3026,193,9431,1122245,1122438
8318,153,9431,896418,896571
1645,273,9432,1412809,1413082
5012,14,9432,287010,287024
5097,249,9432,1412882,1413131
5774,114,9432,619992,620106
6060,140,9432,896570,896710
6194,205,9432,1294553,1294758
6936,200,9432,1122437,1122637
8913,51,9432,287224,287275
9220,231,9432,1294598,1294829
2613,53,9433,287314,287367
3817,128,9433,896749,896877
4195,270,9433,1412930,1413200
5648,75,9433,287447,287522
8293,133,9433,896837,896970
9488,191,9433,1122596,1122787
1568,295,9434,1467510,1467805
6053,14,9434,287641,287655
7677,274,9434,1413039,1413313
8671,169,9434,1122746,1122915
9248,71,9434,287735,287806
9428,211,9434,1294787,1294998
1219,109,9435,620543,620652
1758,176,9435,1122834,1123010
3947,209,9435,1294837,1295046
8427,120,9435,620692,620812
1793,13,9436,288004,288017
2647,8,9436,288017,288025
4375,275,9436,1413111,1413386
7233,37,9436,288065,288102
9404,182,9437,1122968,1123150
2980,152,9438,897245,897397
3151,93,9438,620889,620982
5884,35,9438,288220,288255
6720,74,9438,288255,288329
7040,239,9438,1294923,1295162
7482,280,9438,1413184,1413464
8706,266,9438,1413264,1413530
9991,71,9438,288449,288520
7811,155,9440,897435,897590
2412,95,9441,621099,621194
3369,215,9441,1295079,1295294
8353,95,9441,621194,621289
5284,298,9442,1467557,1467855
7788,295,9442,1467615,1467910
7963,75,9442,288756,288831
9795,229,9442,1295213,1295442
1226,103,9443,621367,621470
2165,240,9443,1295281,1295521
3191,229,9443,1295361,1295590
3546,105,9443,621510,621615
3675,228,9443,1295430,1295658
6610,18,9443,289070,289088
6863,178,9443,1123424,1123602
8352,11,9443,289128,289139
3022,181,9444,1123481,1123662
6643,201,9444,1295497,1295698
6893,272,9444,1413404,1413676
8994,192,9444,1123622,1123814
9396,164,9444,1123694,1123858
9618,120,9444,621854,621974
1094,275,9445,1413475,1413750
4536,200,9445,1123777,1123977
7140,169,9445,1123857,1124026
7403,248,9445,1413550,1413798
8041,180,9445,1123946,1124126
8557,265,9445,1413598,1413863
5874,239,9446,1295696,1295935
7908,179,9446,1124085,1124264
9221,242,9446,1413662,1413904
2145,243,9447,1413703,1413946
5551,256,9447,1413746,1414002
9007,11,9447,289815,289826
3283,136,9448,898462,898598
6233,83,9448,622410,622493
7446,205,9448,1295893,1296098
8289,250,9448,1413801,1414051
2451,116,9449,622532,622648
3254,26,9449,290024,290050
8477,280,9449,1413850,1414130
3515,112,9450,622647,622759
8085,150,9450,898636,898786
1759,249,9451,1413928,1414177
4648,91,9451,622798,622889
3040,115,9452,622848,622963
3859,260,9452,1413976,1414236
4374,181,9452,1124458,1124639
7861,22,9452,290367,290389
8052,138,9452,898824,898962
8162,235,9452,1296094,1296329
8985,146,9452,898922,899068
3512,20,9453,290508,290528
7419,266,9453,1414035,1414301
1722,256,9454,1414100,1414356
2065,56,9454,290607,290663
3504,99,9454,623201,623300
6000,138,9454,899066,899204
4403,214,9455,1296246,1296460
5714,226,9455,1296300,1296526
8665,2,9455,290822,290824
2137,227,9456,1296365,1296592
3054,239,9456,1296432,1296671
5096,271,9456,1414154,1414425
5111,163,9456,1124835,1124998
5611,102,9456,623538,623640
5827,224,9456,1296551,1296775
8127,38,9456,291063,291101
8604,46,9456,291101,291147
6108,287,9457,1467655,1467942
6812,41,9457,291186,291227
9451,4,9457,291227,291231
4075,61,9458,291230,291291
6612,129,9458,899440,899569
6758,111,9458,623718,623829
7269,121,9458,899489,899610
9589,89,9458,623829,623918
1019,257,9459,1414262,1414519
3185,200,9459,1124995,1125195
4885,275,9459,1414319,1414594
9164,221,9459,1296732,1296953
3075,226,9460,1296792,1297018
4666,5,9460,291649,291654
7397,73,9460,291654,291727
8897,9,9460,291727,291736
5132,241,9461,1414392,1414633
7124,36,9461,291775,291811
1064,154,9462,899766,899920
4480,2,9462,291850,291852
6124,192,9462,1125232,1125424
1043,10,9463,291891,291901
4094,27,9463,291901,291928
4386,104,9463,624193,624297
4544,71,9463,291968,292039
8379,40,9463,292039,292079
9481,26,9463,292079,292105
2038,242,9464,1414430,1414672
2590,156,9464,899918,900074
7597,106,9464,624336,624442
1592,180,9465,1125341,1125521
6266,171,9465,1125401,1125572
7000,114,9465,624481,624595
9661,258,9465,1414471,1414729
1364,12,9466,292382,292394
7266,172,9466,1125491,1125663
7805,231,9466,1296972,1297203
1730,281,9467,1467692,1467973
9884,128,9467,900231,900359
2425,170,9468,1125621,1125791
3550,80,9468,292592,292672
2769,118,9469,624791,624909
3349,116,9469,624869,624985
4650,17,9469,292751,292768
5672,175,9469,1125670,1125845
6592,67,9469,292808,292875
7751,99,9469,624985,625084
2780,242,9470,1414564,1414806
3452,261,9470,1414606,1414867
6204,223,9470,1297159,1297382
6319,25,9470,293034,293059
7023,164,9470,1125844,1126008
9870,233,9470,1297222,1297455
1664,173,9471,1125927,1126100
3086,186,9471,1125980,1126166
4315,274,9471,1414666,1414940
9980,60,9471,293258,293318
3736,55,9472,293317,293372
5947,108,9472,625361,625469
6450,111,9472,625429,625540
8592,7,9472,293452,293459
9709,102,9472,625500,625602
5278,234,9473,1297332,1297566
7906,210,9473,1297406,1297616
9235,45,9473,293578,293623
9259,94,9473,625641,625735
9590,208,9473,1297456,1297664
2318,174,9474,1126203,1126377
3065,182,9474,1126257,1126439
4127,256,9474,1414737,1414993
4425,2,9474,293822,293824
6146,234,9474,1297543,1297777
6708,148,9474,900952,901100
6524,101,9475,625933,626034
8043,248,9475,1414792,1415040
9605,71,9475,293983,294054
2032,165,9476,1126437,1126602
4899,51,9476,294093,294144
8300,61,9476,294144,294205
9348,113,9476,626073,626186
3017,2,9478,294243,294245
3953,176,9478,1126480,1126656
4981,272,9478,1414837,1415109
6790,293,9478,1467722,1468015
7472,113,9478,626264,626377
1905,120,9479,626336,626456
4163,117,9479,626416,626533
6898,81,9479,626493,626574
3704,183,9480,1126614,1126797
3761,124,9480,901254,901378
3927,297,9480,1467773,1468070
6363,62,9480,294643,294705
6902,72,9480,294705,294777
8826,204,9480,1297771,1297975
9547,102,9480,626693,626795
4880,76,9481,294856,294932
8602,231,9481,1297814,1298045
2009,34,9482,294971,295005
3533,117,9482,626793,626910
3643,54,9482,295045,295099
4694,243,9482,1414985,1415228
5896,224,9482,1297924,1298148
7550,61,9482,295179,295240
9519,102,9482,626950,627052
2346,258,9483,1415027,1415285
2674,41,9483,295319,295360
3371,252,9483,1415085,1415337
4383,158,9483,901575,901733
5222,255,9483,1415137,1415392
8719,286,9483,1467827,1468113
4500,204,9484,1298146,1298350
6352,238,9484,1298190,1298428
1414,35,9485,295598,295633
2019,174,9485,1127112,1127286
4562,209,9485,1298267,1298476
5361,69,9486,295712,295781
6055,5,9486,295781,295786
6402,125,9486,901890,902015
1406,242,9487,1415228,1415470
3611,282,9487,1467869,1468151
4101,263,9487,1415310,1415573
4802,96,9487,627527,627623
5436,261,9487,1415373,1415634
7143,93,9487,627623,627716
1932,202,9488,1298473,1298675
5763,158,9488,902133,902291
8044,285,9488,1467910,1468195
9867,70,9488,296184,296254
9947,224,9488,1298555,1298779
5516,226,9489,1298618,1298844
5769,140,9489,902330,902470
8101,218,9490,1298683,1298901
9276,88,9491,627952,628040
1808,50,9492,296450,296500
2210,15,9492,296500,296515
3255,255,9492,1415469,1415724
5015,136,9492,902467,902603
5207,38,9492,296595,296633
5371,207,9492,1298779,1298986
6700,283,9492,1467951,1468234
7645,256,9492,1415564,1415820
8313,230,9492,1298906,1299136
8869,142,9492,902683,902825
5339,242,9493,1415619,1415861
6306,175,9493,1127798,1127973
7169,172,9493,1127853,1128025
8597,243,9493,1415661,1415904
2230,212,9494,1299054,1299266
4002,53,9494,297031,297084
5238,71,9494,297084,297155
5321,145,9494,902943,903088
5325,56,9494,297195,297251
6711,128,9494,903008,903136
7039,62,9494,297291,297353
9040,219,9494,1299106,1299325
3042,242,9495,1415702,1415944
8116,189,9495,1128063,1128252
9258,80,9495,297472,297552
9810,78,9495,297552,297630
1233,161,9496,1128131,1128292
2931,26,9496,297669,297695
3252,171,9496,1128172,1128343
3887,139,9496,903254,903393
4215,292,9496,1467990,1468282
4413,6,9496,297815,297821
4791,28,9496,297821,297849
6331,272,9496,1415783,1416055
7079,112,9496,628875,628987
7469,11,9496,297929,297940
9309,30,9496,297940,297970
9511,63,9496,297970,298033
1375,183,9497,1128302,1128485
2971,191,9497,1128365,1128556
5717,281,9497,1468041,1468322
6007,205,9497,1299322,1299527
9316,219,9497,1299367,1299586
9723,78,9497,298232,298310
4567,230,9498,1299425,1299655
5089,62,9498,298349,298411
5129,295,9498,1468081,1468376
6964,146,9498,903671,903817
5083,268,9499,1415932,1416200
8132,218,9499,1299574,1299792
8881,245,9499,1416000,1416245
6041,147,9500,903855,904002
7153,45,9500,298649,298694
2096,261,9501,1416043,1416304
2143,66,9501,298733,298799
2706,173,9501,1128792,1128965
4078,210,9501,1299710,1299920
9907,54,9501,298879,298933
3555,44,9502,298932,298976
4513,281,9502,1468132,1468413
7907,51,9502,299016,299067
1820,3,9503,299066,299069
3088,20,9503,299069,299089
5787,183,9503,1128923,1129106
7885,142,9503,904119,904261
8744,132,9503,904181,904313
8800,132,9503,904233,904365
4644,245,9504,1416141,1416386
5641,28,9504,299288,299316
8523,122,9504,904324,904446
1335,270,9505,1416185,1416455
2261,67,9505,299395,299462
5204,110,9505,629858,629968
5345,294,9505,1468170,1468464
8977,183,9505,1129104,1129287
9159,211,9505,1299916,1300127
2524,136,9506,904524,904660
7385,231,9506,1299966,1300197
7662,87,9506,630127,630214
9455,60,9506,299741,299801
1185,92,9507,630173,630265
2628,146,9507,904619,904765
6104,196,9507,1129245,1129441
1229,7,9508,299919,299926
2929,211,9508,1300035,1300246
5798,188,9508,1129360,1129548
2542,4,9509,300005,300009
4238,99,9509,630383,630482
6521,80,9509,300049,300129
7884,166,9509,1129427,1129593
8301,57,9509,300169,300226
8404,26,9509,300226,300252
8574,45,9509,300252,300297
9487,271,9509,1416291,1416562
1322,220,9510,1300124,1300344
1757,250,9510,1416361,1416611
2184,114,9510,630601,630715
7158,245,9510,1416411,1416656
9241,203,9510,1300264,1300467
8466,239,9511,1300306,1300545
8593,243,9511,1416455,1416698
8699,225,9511,1300425,1300650
9778,30,9511,300655,300685
1629,245,9512,1416497,1416742
7617,37,9512,300724,300761
9693,249,9512,1416542,1416791
2097,137,9513,905239,905376
6258,153,9513,905296,905449
7015,94,9513,631032,631126
1715,107,9514,631085,631192
3295,106,9514,631152,631258
4991,5,9514,300999,301004
1034,30,9515,301003,301033
4046,255,9515,1416588,1416843
8228,230,9515,1300606,1300836
8475,153,9515,905447,905600
9083,224,9515,1300676,1300900
1359,141,9516,905559,905700
2164,64,9516,301232,301296
2250,52,9516,301296,301348
2994,8,9516,301348,301356
3541,260,9516,1416642,1416902
9314,298,9516,1468213,1468511
9508,51,9516,301436,301487
1655,62,9517,301486,301548
2516,267,9517,1416741,1417008
4717,98,9517,631535,631633
6393,182,9517,1130105,1130287
8533,105,9517,631633,631738
9503,14,9517,301708,301722
4212,102,9518,631697,631799
8402,295,9518,1468269,1468564
8420,46,9518,301801,301847
1584,294,9519,1468323,1468617
2732,296,9519,1468377,1468673
4998,256,9519,1416926,1417182
6702,148,9519,905937,906085
8016,183,9519,1130325,1130508
3826,218,9520,1301015,1301233
3837,201,9520,1301073,1301274
6225,87,9520,632077,632164
6663,159,9520,906124,906283
8495,12,9520,302205,302217
1468,171,9521,1130466,1130637
1684,56,9521,302256,302312
6063,95,9521,632203,632298
9969,232,9521,1301113,1301345
1641,256,9522,1416979,1417235
2378,29,9522,302431,302460
4563,218,9522,1301224,1301442
5243,137,9522,906361,906498
7063,188,9522,1130636,1130824
7901,290,9522,1468430,1468720
9770,72,9522,302620,302692
1135,176,9523,1130743,1130919
3135,34,9523,302731,302765
3783,194,9523,1130799,1130993
4531,134,9523,906577,906711
8430,39,9523,302845,302884
9512,68,9523,302884,302952
1800,147,9524,906630,906777
3623,53,9524,302991,303044
5443,251,9524,1417073,1417324
8222,134,9524,906737,906871
9509,31,9524,303124,303155
9510,206,9524,1301360,1301566
1632,147,9525,906830,906977
2461,288,9525,1468477,1468765
3194,125,9525,906937,907062
6950,45,9525,303314,303359
4090,131,9526,906981,907112
1328,10,9527,303397,303407
1502,274,9527,1417161,1417435
4345,292,9527,1468523,1468815
4558,63,9527,303487,303550
7295,269,9527,1417275,1417544
9803,237,9527,1301563,1301800
1045,124,9528,907190,907314
1153,253,9528,1417343,1417596
1970,300,9528,1468574,1468874
5695,71,9528,303749,303820
5765,233,9528,1301719,1301952
7309,173,9528,1131268,1131441
9085,37,9528,303900,303937
2081,265,9529,1417435,1417700
2996,219,9529,1301831,1302050
3800,180,9529,1131400,1131580
4362,64,9529,304056,304120
5144,199,9529,1131460,1131659
5267,111,9529,633450,633561
5429,23,9529,304200,304223
5916,98,9529,633521,633619
1444,75,9530,304262,304337
3692,185,9530,1131538,1131723
5348,282,9530,1468632,1468914
2457,240,9531,1301928,1302168
2751,257,9531,1417538,1417795
4018,284,9531,1468673,1468957
6090,297,9531,1468717,1469014
6940,206,9531,1302128,1302334
6986,211,9531,1302174,1302385
8194,168,9531,1131882,1132050
4457,186,9532,1131929,1132115
6097,29,9532,304735,304764
6505,192,9533,1131994,1132186
8108,148,9533,907989,908137
4781,273,9534,1417672,1417945
7762,194,9534,1132105,1132299
9405,158,9534,908136,908294
9464,9,9534,304962,304971
2614,293,9535,1468770,1469063
2759,70,9535,305010,305080
3697,293,9535,1468823,1469116
4551,292,9535,1468876,1469168
5334,37,9535,305160,305197
8030,282,9535,1468928,1469210
1316,48,9536,305236,305284
2491,43,9536,305284,305327
6321,287,9536,1468969,1469256
8157,29,9536,305367,305396
9286,178,9536,1132377,1132555
8202,104,9537,634411,634515
9734,29,9537,305475,305504
1458,237,9538,1302458,1302695
3012,240,9538,1302535,1302775
3134,31,9538,305583,305614
5681,3,9538,305614,305617
8224,276,9538,1417941,1418217
8384,224,9538,1302655,1302879
3276,104,9539,634633,634737
3977,278,9539,1418016,1418294
6486,60,9539,305776,305836
7113,178,9539,1132632,1132810
9324,121,9539,908689,908810
9887,262,9539,1418094,1418356
4201,120,9540,634856,634976
7320,181,9540,1132729,1132910
8270,256,9540,1418155,1418411
1651,228,9541,1302836,1303064
5904,260,9541,1418210,1418470
6221,204,9541,1302944,1303148
9387,194,9541,1132949,1133143
9408,4,9541,306234,306238
9453,230,9541,1302988,1303218
4001,94,9542,635214,635308
6058,138,9542,909047,909185
7889,103,9542,635308,635411
8773,154,9542,909105,909259
8822,102,9542,635411,635513
1010,23,9543,306476,306499
1119,93,9543,635472,635565
2398,211,9543,1303056,1303267
4462,211,9543,1303107,1303318
5503,199,9543,1133141,1133340
6377,186,9543,1133220,1133406
7362,231,9543,1303158,1303389
8009,287,9543,1469009,1469296
8039,152,9543,909418,909570
9353,80,9543,306819,306899
3560,218,9544,1303268,1303486
4873,27,9544,306938,306965
6448,227,9544,1303326,1303553
8031,177,9544,1133445,1133622
8704,211,9544,1303393,1303604
4418,122,9545,909648,909770
4794,178,9546,1133540,1133718
6054,99,9546,636042,636141
8063,138,9546,909729,909867
9753,205,9546,1303442,1303647
3244,138,9547,909826,909964
4716,79,9547,307322,307401
7539,288,9547,1469052,1469340
3332,13,9548,307440,307453
3476,135,9548,909923,910058
6327,221,9548,1303525,1303746
9077,202,9548,1303586,1303788
4857,268,9549,1418342,1418610
5484,201,9549,1303667,1303868
6830,103,9549,636458,636561
7174,14,9549,307692,307706
1381,118,9550,636520,636638
1644,106,9550,636598,636704
1838,54,9550,307785,307839
5357,95,9550,636664,636759
5692,196,9550,1133834,1134030
5887,193,9550,1133910,1134103
6751,81,9550,636799,636880
8284,159,9550,910216,910375
9816,70,9550,308039,308109
2551,94,9551,636879,636973
4226,280,9551,1418408,1418688
6302,47,9551,308188,308235
6417,193,9551,1134022,1134215
1976,208,9552,1303745,1303953
4491,72,9552,308314,308386
4600,210,9552,1303793,1304003
8939,150,9552,910453,910603
5084,6,9553,308465,308471
8147,282,9553,1469094,1469376
8646,70,9553,308511,308581
1093,95,9554,637170,637265
2740,3,9554,308620,308623
3446,91,9554,637225,637316
8941,188,9554,1134212,1134400
1076,161,9555,1134279,1134440
1224,215,9555,1303880,1304095
1663,12,9555,308782,308794
3954,206,9555,1303935,1304141
4320,177,9555,1134400,1134577
5557,157,9555,910760,910917
6478,24,9555,308914,308938
1818,204,9556,1303980,1304184
2069,179,9556,1134496,1134675
2723,84,9556,637594,637678
6182,14,9556,309057,309071
6388,260,9556,1418523,1418783
7133,154,9556,910956,911110
9923,127,9556,911030,911157
1008,87,9557,637757,637844
5683,245,9557,1418582,1418827
5968,51,9557,309270,309321
7640,189,9557,1134634,1134823
9540,91,9557,637884,637975
9564,260,9557,1418627,1418887
1198,272,9558,1418686,1418958
2447,258,9558,1418758,1419016
4040,159,9558,911275,911434
4837,202,9558,1304222,1304424
3367,158,9559,911393,911551
4855,220,9559,1304263,1304483
5127,244,9559,1418815,1419059
2253,102,9560,638252,638354
3462,231,9560,1304362,1304593
4371,125,9560,911590,911715
4571,145,9560,911635,911780
6383,146,9560,911700,911846
4286,151,9561,911765,911916
9996,292,9561,1469128,1469420
7561,196,9562,1135018,1135214
9097,67,9562,310036,310103
5962,181,9563,1135093,1135274
6554,32,9563,310142,310174
7730,56,9563,310174,310230
8096,205,9563,1304470,1304675
9932,180,9563,1135194,1135374
2766,93,9564,638710,638803
4635,143,9564,912033,912176
8243,250,9564,1418894,1419144
1456,121,9565,912135,912256
2747,35,9565,310468,310503
2893,122,9565,912176,912298
3444,110,9565,638922,639032
4419,203,9565,1304553,1304756
5170,75,9565,310623,310698
8833,2,9565,310698,310700
3213,16,9566,310699,310715
5640,5,9566,310715,310720
5994,244,9566,1418942,1419186
8983,31,9566,310760,310791
9741,35,9566,310791,310826
2108,38,9567,310825,310863
5023,291,9567,1469174,1469465
6003,123,9567,912336,912459
7392,235,9567,1304674,1304909
8135,264,9567,1419025,1419289
9175,218,9567,1304789,1305007
2503,181,9568,1135529,1135710
4180,89,9568,639309,639398
5007,248,9568,1419088,1419336
5319,12,9568,311182,311194
5957,266,9568,1419136,1419402
6828,291,9568,1469224,1469515
8516,42,9568,311274,311316
5062,62,9569,311315,311377
6684,49,9569,311377,311426
7062,109,9569,639477,639586
8400,141,9569,912657,912798
8510,150,9569,912718,912868
1543,159,9570,912787,912946
9506,230,9570,1304964,1305194
2639,190,9571,1135747,1135937
3824,286,9571,1469272,1469558
6482,183,9571,1135857,1136040
7328,105,9571,639824,639929
7436,280,9571,1419279,1419559
3492,38,9572,311823,311861
4514,253,9572,1419358,1419611
9873,207,9572,1305152,1305359
1580,200,9573,1136038,1136238
3722,48,9573,311980,312028
6071,128,9573,913183,913311
8338,94,9573,640087,640181
3171,14,9574,312107,312121
5430,64,9574,312121,312185
6455,166,9574,1136117,1136283
8504,108,9574,640180,640288
9935,45,9574,312265,312310
1601,29,9575,312309,312338
4447,39,9575,312338,312377
6216,109,9575,640247,640356
6818,223,9575,1305196,1305419
7444,136,9575,913309,913445
1242,240,9576,1305258,1305498
4735,113,9576,640435,640548
5700,93,9576,640508,640601
5971,274,9576,1419407,1419681
6372,66,9576,312656,312722
7691,15,9576,312722,312737
8924,272,9576,1419481,1419753
9906,206,9576,1305418,1305624
2523,264,9577,1419552,1419816
2876,33,9577,312856,312889
5244,153,9577,913563,913716
5253,192,9577,1136400,1136592
5604,122,9577,913676,913798
5972,23,9577,313009,313032
6212,138,9577,913718,913856
1448,273,9578,1419615,1419888
2406,18,9578,313111,313129
4185,61,9578,313129,313190
7156,283,9578,1469311,1469594
1963,286,9579,1469353,1469639
4062,2,9579,313269,313271
4451,266,9579,1419767,1420033
7037,172,9579,1136630,1136802
7880,252,9579,1419833,1420085
1822,11,9580,313390,313401
3031,204,9580,1305700,1305904
8274,131,9581,914052,914183
8958,45,9581,313480,313525
2323,144,9582,914102,914246
2641,181,9582,1136759,1136940
3543,174,9582,1136820,1136994
6901,53,9582,313644,313697
8312,126,9582,914246,914372
1159,259,9583,1419881,1420140
4272,56,9583,313776,313832
7022,137,9583,914331,914468
9250,156,9583,914388,914544
1810,49,9584,313911,313960
2338,294,9584,1469394,1469688
3386,168,9584,1136952,1137120
3756,19,9584,314040,314059
4381,173,9584,1137000,1137173
6165,164,9584,1137053,1137217
7449,141,9584,914623,914764
3107,257,9585,1419978,1420235
4469,179,9585,1137136,1137315
4780,164,9585,1137195,1137359
1337,163,9586,1137238,1137401
2094,289,9586,1469446,1469735
5951,232,9586,1305898,1306130
7081,143,9586,914922,915065
7657,54,9586,314457,314511
9004,65,9586,314511,314576
9859,66,9586,314576,314642
3431,282,9587,1469494,1469776
4561,289,9587,1469536,1469825
7813,67,9587,314721,314788
8368,191,9587,1137440,1137631
8912,239,9587,1306049,1306288
1849,98,9588,642109,642207
2936,71,9588,314907,314978
4790,89,9589,642166,642255
4800,221,9589,1306126,1306347
5025,207,9589,1306187,1306394
8458,160,9589,915222,915382
1772,189,9590,1137628,1137817
2315,268,9590,1420150,1420418
3009,109,9590,642414,642523
3296,300,9590,1469582,1469882
3544,267,9590,1420258,1420525
4225,108,9590,642563,642671
4251,265,9590,1420325,1420590
4587,297,9590,1469642,1469939
6652,63,9590,315456,315519
1773,188,9591,1137896,1138084
3742,163,9591,1137964,1138127
4557,271,9591,1420429,1420700
5684,47,9591,315638,315685
9728,1,9591,315685,315686
1841,141,9592,915659,915800
2807,28,9592,315725,315753
4084,40,9592,315753,315793
4405,195,9592,1138046,1138241
6706,41,9592,315833,315874
7210,66,9592,315874,315940
9920,274,9592,1420499,1420773
2074,227,9593,1306510,1306737
5627,76,9593,316019,316095
6892,219,9593,1306577,1306796
8040,150,9593,915879,916029
8064,205,9593,1306636,1306841
1538,220,9594,1306680,1306900
2975,270,9594,1420571,1420841
4196,138,9594,916068,916206
4994,30,9594,316334,316364
8092,33,9594,316364,316397
3168,148,9595,916125,916273
5961,239,9595,1306779,1307018
8295,133,9595,916233,916366
1023,115,9596,643345,643460
1491,123,9596,916285,916408
1741,89,9596,643460,643549
2560,241,9596,1420639,1420880
3918,227,9596,1306897,1307124
4951,74,9596,316715,316789
7532,61,9596,316789,316850
4952,243,9597,1420679,1420922
9237,257,9597,1420722,1420979
9558,25,9597,316929,316954
9591,12,9597,316954,316966
1235,125,9598,916486,916611
2193,26,9598,317005,317031
5051,152,9598,916531,916683
5230,26,9598,317071,317097
5438,169,9598,1138555,1138724
5652,140,9598,916643,916783
2331,200,9599,1138603,1138803
2622,143,9599,916742,916885
2983,218,9599,1307041,1307259
3337,18,9599,317296,317314
4859,214,9599,1307099,1307313
5764,145,9599,916885,917030
6509,295,9599,1469690,1469985
1847,125,9600,916989,917114
3785,293,9600,1469744,1470037
1834,83,9601,644144,644227
5247,186,9601,1138841,1139027
7308,85,9601,644227,644312
7835,48,9601,317632,317680
8662,22,9601,317680,317702
9312,2,9601,317702,317704
3316,75,9602,317703,317778
7365,173,9602,1138906,1139079
1113,184,9603,1138958,1139142
3739,135,9603,917191,917326
5080,166,9603,1139022,1139188
7925,195,9603,1139068,1139263
9729,239,9603,1307229,1307468
3078,55,9604,318016,318071
4643,211,9604,1307307,1307518
7452,155,9604,917405,917560
8077,270,9604,1420852,1421122
8784,153,9604,917520,917673
8850,237,9604,1307398,1307635
2637,31,9605,318270,318301
3123,287,9605,1469792,1470079
2883,40,9606,318340,318380
6651,122,9606,917671,917793
8615,80,9606,318420,318500
2490,119,9607,644786,644905
3149,255,9607,1420959,1421214
4919,116,9607,644905,645021
7547,206,9607,1307552,1307758
9361,98,9607,645021,645119
9376,15,9607,318699,318714
3552,262,9608,1421013,1421275
8889,292,9608,1469836,1470128
3268,77,9609,318792,318869
3931,216,9609,1307676,1307892
7559,38,9609,318909,318947
9021,172,9609,1139537,1139709
2270,36,9610,318986,319022
3163,10,9610,319022,319032
4845,167,9610,1139588,1139755
8877,130,9610,917989,918119
2100,164,9611,1139634,1139798
3441,119,9611,645355,645474
4295,251,9611,1421112,1421363
5022,231,9611,1307770,1308001
6129,189,9611,1139758,1139947
8998,246,9611,1421163,1421409
1985,88,9612,645593,645681
4421,299,9612,1469884,1470183
9102,102,9612,645681,645783
1466,140,9613,918276,918416
7386,78,9613,319509,319587
9730,179,9613,1139905,1140084
9899,274,9613,1421247,1421521
2689,142,9614,918415,918557
4341,100,9614,645901,646001
6355,110,9614,645961,646071
8048,156,9614,918477,918633
8286,8,9614,319826,319834
8916,154,9614,918553,918707
9234,175,9614,1140003,1140178
9930,264,9614,1421320,1421584
4110,228,9615,1307997,1308225
7468,232,9615,1308065,1308297
9093,150,9615,918786,918936
9197,212,9615,1308137,1308349
4108,199,9616,1140216,1140415
5181,123,9616,918935,919058
8444,147,9616,918978,919125
8867,122,9616,919045,919167
9238,121,9616,919087,919208
9572,282,9616,1469939,1470221
1946,81,9617,646588,646669
2101,288,9617,1469980,1470268
2635,46,9617,320431,320477
3320,37,9617,320477,320514
3755,258,9617,1421461,1421719
5701,116,9617,646709,646825
6271,78,9617,320594,320672
8363,237,9617,1308307,1308544
2836,17,9619,320710,320727
3491,218,9619,1308382,1308600
3828,110,9619,646863,646973
3587,226,9620,1308439,1308665
6066,225,9620,1308505,1308730
8636,15,9620,320886,320901
9031,162,9620,1140571,1140733
1253,154,9621,919443,919597
3292,206,9621,1308569,1308775
7334,31,9621,321020,321051
3351,186,9622,1140651,1140837
5713,234,9622,1308614,1308848
5894,268,9622,1421514,1421782
6889,81,9622,647250,647331
8190,265,9622,1421582,1421847
8607,112,9622,647331,647443
1879,106,9623,647402,647508
5076,297,9623,1470022,1470319
7875,89,9623,647508,647597
1671,48,9624,321408,321456
4789,247,9624,1421685,1421932
5830,212,9624,1308846,1309058
7606,41,9624,321536,321577
7709,169,9624,1140955,1141124
9343,282,9624,1470078,1470360
5882,232,9625,1308937,1309169
6166,78,9625,321696,321774
7086,9,9625,321774,321783
7430,264,9625,1421771,1422035
8073,161,9625,1141123,1141284
4928,161,9626,1141163,1141324
7932,149,9626,920072,920221
9174,152,9626,920141,920293
7234,44,9627,321981,322025
8126,42,9627,322025,322067
2851,20,9628,322066,322086
5490,272,9628,1421832,1422104
6439,223,9628,1309086,1309309
7329,298,9628,1470116,1470414
7754,106,9628,648072,648178
3119,279,9629,1421943,1422222
5226,168,9629,1141361,1141529
9260,4,9629,322325,322329
1060,61,9630,322328,322389
4494,84,9630,648216,648300
6023,289,9630,1470172,1470461
8853,246,9630,1422061,1422307
8899,109,9630,648340,648449
1472,53,9631,322548,322601
2040,24,9631,322601,322625
3961,244,9631,1422106,1422350
5223,268,9631,1422150,1422418
5809,173,9631,1141567,1141740
3840,152,9632,920607,920759
5472,167,9632,1141619,1141786
9204,45,9632,322824,322869
3869,58,9633,322868,322926
6094,91,9633,648606,648697
6815,159,9633,920718,920877
7494,254,9633,1422216,1422470
7634,263,9633,1422270,1422533
9624,170,9633,1141745,1141915
4003,266,9634,1422332,1422598
7466,195,9634,1141834,1142029
7858,31,9634,323205,323236
9532,260,9634,1422398,1422658
3170,55,9635,323275,323330
4626,35,9635,323330,323365
1467,223,9636,1309541,1309764
4161,47,9636,323404,323451
4404,5,9636,323451,323456
4924,110,9636,648974,649084
6813,52,9636,323496,323548
7635,266,9636,1422456,1422722
7837,230,9636,1309644,1309874
1668,69,9637,323627,323696
4088,36,9637,323696,323732
4439,178,9637,1142066,1142244
5391,129,9637,921193,921322
9111,37,9637,323812,323849
5120,255,9638,1422520,1422775
6458,82,9638,649242,649324
7680,175,9638,1142163,1142338
1283,212,9639,1309751,1309963
1309,148,9639,921360,921508
2949,38,9639,324047,324085
3888,295,9639,1470212,1470507
4416,222,9639,1309843,1310065
4914,184,9639,1142337,1142521
5031,46,9639,324205,324251
5354,107,9639,649523,649630
1088,136,9640,921547,921683
2544,160,9640,921603,921763
4282,102,9640,649669,649771
4580,294,9640,1470266,1470560
4943,70,9640,324450,324520
5963,115,9640,649771,649886
9787,167,9640,1142440,1142607
1638,201,9641,1309943,1310144
5658,157,9641,921802,921959
7127,121,9641,921879,922000
8507,290,9641,1470319,1470609
6008,208,9642,1310023,1310231
7324,228,9642,1310071,1310299
9400,261,9642,1422691,1422952
9851,176,9642,1142685,1142861
2600,143,9643,922118,922261
2891,191,9643,1142740,1142931
6089,211,9643,1310178,1310389
8688,29,9643,325037,325066
5815,267,9644,1422750,1423017
6201,239,9644,1310268,1310507
5659,31,9645,325144,325175
6970,99,9645,650401,650500
7920,224,9645,1310346,1310570
8268,289,9645,1470365,1470654
2867,254,9646,1422855,1423109
8168,49,9646,325334,325383
9000,175,9646,1143048,1143223
1495,130,9647,922497,922627
4489,101,9647,650658,650759
6757,262,9647,1422908,1423170
6943,171,9647,1143142,1143313
7332,224,9647,1310528,1310752
2006,258,9648,1422969,1423227
7503,229,9648,1310631,1310860
8169,176,9648,1143312,1143488
9331,73,9648,325741,325814
1548,244,9649,1423026,1423270
1654,229,9649,1310739,1310968
1801,265,9649,1423070,1423335
3177,192,9649,1143487,1143679
3228,171,9649,1143559,1143730
3502,152,9649,922985,923137
5203,58,9649,326053,326111
7413,128,9649,923057,923185
8151,98,9649,651237,651335
4444,211,9650,1310847,1311058
8074,119,9650,651334,651453
9525,300,9650,1470409,1470709
9879,299,9650,1470469,1470768
2091,41,9651,326349,326390
5460,278,9651,1423213,1423491
5956,35,9651,326430,326465
6337,258,9651,1423291,1423549
6998,197,9651,1143808,1144005
8287,300,9651,1470527,1470827
3231,119,9652,651651,651770
4369,56,9652,326624,326680
5755,114,9652,651730,651844
6408,101,9652,651804,651905
7036,202,9652,1311096,1311298
7758,257,9652,1423388,1423645
1656,72,9653,326839,326911
4938,173,9653,1144003,1144176
5932,278,9653,1423444,1423722
6588,247,9653,1423522,1423769
6660,228,9653,1311257,1311485
6752,289,9653,1470585,1470874
8572,252,9653,1423609,1423861
9385,90,9653,652184,652274
9834,9,9653,327191,327200
4992,137,9654,923700,923837
5931,85,9654,652273,652358
2238,277,9655,1423659,1423936
8265,14,9655,327318,327332
8511,194,9655,1144294,1144488
3721,147,9656,923835,923982
6928,275,9656,1423735,1424010
7525,263,9656,1423810,1424073
8264,105,9656,652516,652621
1804,42,9657,327530,327572
7298,193,9657,1144446,1144639
7600,281,9657,1470630,1470911
7787,159,9657,924061,924220
8131,215,9657,1311561,1311776
8351,270,9657,1423912,1424182
8530,288,9657,1470671,1470959
8778,190,9657,1144679,1144869
8788,225,9657,1311696,1311921
9070,4,9657,327892,327896
1949,273,9658,1424021,1424294
4542,250,9658,1424094,1424344
4559,282,9658,1470718,1471000
7422,164,9658,1144908,1145072
7651,23,9658,328055,328078
8598,107,9658,653059,653166
8628,276,9658,1424184,1424460
1676,20,9659,328157,328177
4291,25,9659,328177,328202
5482,6,9659,328202,328208
5922,102,9659,653165,653267
4690,279,9660,1424258,1424537
5287,242,9660,1424337,1424579
7116,266,9660,1424379,1424645
4921,228,9661,1312037,1312265
6923,142,9661,924696,924838
6960,231,9661,1312105,1312336
9498,295,9661,1470757,1471052
3192,255,9662,1424483,1424738
4033,104,9662,653544,653648
5822,141,9662,924877,925018
1101,54,9663,328644,328698
2155,134,9663,924937,925071
4189,1,9663,328738,328739
5541,277,9663,1424537,1424814
6640,48,9663,328779,328827
7084,293,9663,1470810,1471103
9749,191,9663,1145347,1145538
1030,32,9664,328906,328938
2124,221,9664,1312333,1312554
4805,106,9664,653846,653952
8255,283,9664,1470862,1471145
8457,163,9664,1145497,1145660
8911,164,9664,1145540,1145704
1533,87,9665,654031,654118
4606,206,9665,1312433,1312639
6932,182,9665,1145623,1145805
7427,101,9665,654158,654259
2123,131,9666,925348,925479
2582,90,9666,654258,654348
2728,4,9666,329376,329380
6195,160,9666,925399,925559
6207,96,9666,654348,654444
7522,4,9666,329460,329464
8733,94,9666,654404,654498
5664,16,9667,329503,329519
9662,204,9667,1312477,1312681
2296,142,9668,925517,925659
3635,124,9668,925579,925703
3784,100,9668,654576,654676
6582,300,9668,1470901,1471201
8195,156,9668,925663,925819
8909,87,9668,654716,654803
3059,221,9669,1312559,1312780
6658,279,9669,1424728,1425007
6745,4,9669,329877,329881
7942,26,9669,329881,329907
2870,151,9670,925817,925968
3827,74,9670,329946,330020
2033,45,9671,330019,330064
5560,84,9671,654880,654964
5958,235,9671,1312658,1312893
6125,193,9671,1145879,1146072
1223,217,9672,1312732,1312949
1954,123,9672,926006,926129
6816,224,9672,1312789,1313013
7745,103,9672,655123,655226
7752,202,9672,1312853,1313055
1103,168,9673,1146070,1146238
4882,168,9673,1146118,1146286
7812,70,9673,330462,330532
7853,150,9673,926208,926358
1293,232,9674,1312893,1313125
1565,60,9674,330611,330671
3153,207,9674,1312965,1313172
4293,57,9674,330711,330768
6457,101,9674,655424,655525
8059,85,9674,655485,655570
1476,204,9675,1313011,1313215
6449,269,9675,1424801,1425070
7738,234,9675,1313095,1313329
1590,68,9676,330966,331034
1719,88,9676,655648,655736
6232,209,9676,1313168,1313377
6938,87,9676,655736,655823
9351,9,9676,331154,331163
9366,217,9676,1313217,1313434
1522,102,9677,655822,655924
3103,60,9677,331242,331302
3897,137,9677,926554,926691
4053,160,9677,926611,926771
2995,217,9678,1313272,1313489
4109,154,9678,926730,926884
4134,25,9678,331461,331486
7693,50,9678,331486,331536
9804,209,9678,1313329,1313538
1951,206,9679,1313377,1313583
2012,25,9679,331615,331640
4759,295,9679,1470950,1471245
7211,260,9679,1424906,1425166
9390,33,9679,331720,331753
4698,247,9680,1424965,1425212
8049,156,9680,927002,927158
4983,17,9681,331831,331848
6247,254,9681,1425011,1425265
6859,193,9681,1146718,1146911
1001,204,9682,1313580,1313784
1410,240,9682,1313624,1313864
3013,70,9682,332007,332077
6121,122,9682,927236,927358
6345,181,9682,1146870,1147051
8843,58,9682,332157,332215
9080,50,9682,332215,332265
5427,221,9683,1313703,1313924
5464,72,9683,332304,332376
7134,224,9683,1313764,1313988
8037,204,9683,1313828,1314032
8769,267,9683,1425063,1425330
9524,200,9683,1147090,1147290
9763,2,9683,332536,332538
1723,36,9684,332537,332573
2710,117,9684,656717,656834
2770,219,9684,1313911,1314130
3114,4,9684,332653,332657
9147,190,9684,1147209,1147399
9914,108,9684,656874,656982
3819,285,9685,1470999,1471284
1038,227,9686,1314008,1314235
1672,192,9686,1147357,1147549
1953,110,9686,657060,657170
3033,97,9686,657130,657227
5888,18,9686,332935,332953
6362,129,9686,927714,927843
9091,196,9686,1147429,1147625
2272,53,9687,333032,333085
2356,132,9687,927802,927934
2477,258,9687,1425166,1425424
2811,226,9687,1314114,1314340
2960,249,9687,1425224,1425473
3052,24,9687,333245,333269
3640,194,9687,1147624,1147818
4098,6,9687,333309,333315
8491,124,9687,928014,928138
8846,83,9687,657506,657589
9989,186,9687,1147698,1147884
8001,98,9688,657588,657686
2701,207,9689,1314218,1314425
3969,100,9689,657685,657785
4638,81,9689,657745,657826
7956,182,9689,1147802,1147984
4838,284,9690,1471039,1471323
6670,139,9690,928215,928354
6826,120,9690,657905,658025
8056,143,9690,928274,928417
5428,180,9691,1147902,1148082
5435,50,9691,333831,333881
6556,169,9691,1147962,1148131
8676,180,9691,1148011,1148191
5476,4,9692,333960,333964
5595,170,9692,1148070,1148240
2188,47,9693,334003,334050
3686,90,9693,658182,658272
5404,288,9693,1471080,1471368
7423,171,9693,1148159,1148330
9416,119,9693,658312,658431
9494,261,9693,1425347,1425608
2838,70,9694,334249,334319
4888,242,9694,1425407,1425649
7947,35,9694,334359,334394
2414,4,9695,334393,334397
3030,71,9695,334397,334468
6835,45,9695,334468,334513
7768,150,9695,928652,928802
7923,116,9695,658509,658625
8435,189,9695,1148288,1148477
8619,121,9695,928762,928883
9344,100,9695,658665,658765
2497,280,9696,1425447,1425727
7685,32,9696,334752,334784
1216,17,9697,334783,334800
5768,138,9697,928841,928979
9775,175,9697,1148395,1148570
1454,279,9698,1425525,1425804
3359,87,9698,658882,658969
7650,70,9698,334959,335029
3948,135,9699,928977,929112
4434,159,9699,929032,929191
6895,275,9699,1425603,1425878
7489,300,9699,1471122,1471422
1461,299,9700,1471181,1471480
4221,223,9700,1314614,1314837
4668,56,9700,335267,335323
7052,157,9700,929270,929427
2276,167,9701,1148646,1148813
7054,160,9701,929386,929546
7859,11,9701,335442,335453
9072,269,9701,1425756,1426025
9378,64,9701,335493,335557
1085,95,9702,659325,659420
1828,200,9702,1148732,1148932
3461,27,9702,335636,335663
7356,290,9702,1471238,1471528
9030,149,9702,929585,929734
1044,150,9703,929653,929803
1845,53,9703,335782,335835
6896,40,9703,335835,335875
2054,148,9704,929722,929870
4847,137,9704,929790,929927
8335,102,9704,659618,659720
8378,242,9704,1425862,1426104
8870,98,9704,659720,659818
9411,255,9704,1425904,1426159
1760,212,9705,1314832,1315044
3857,74,9705,336153,336227
7890,275,9705,1425958,1426233
8377,166,9705,1149009,1149175
8712,120,9705,659937,660057
2756,37,9706,336346,336383
4941,209,9706,1314923,1315132
7542,123,9706,930085,930208
8337,222,9706,1314972,1315194
8684,31,9706,336503,336534
2113,226,9707,1315033,1315259
2612,100,9707,660175,660275
7432,151,9707,930207,930358
9718,227,9707,1315099,1315326
1005,166,9708,1149212,1149378
1331,186,9708,1149258,1149444
4599,284,9708,1471282,1471566
4944,79,9708,336812,336891
7596,4,9708,336891,336895
8456,159,9708,930437,930596
4080,190,9709,1149363,1149553
4415,297,9709,1471325,1471622
5131,13,9709,337014,337027
2267,282,9710,1471381,1471663
3517,214,9710,1315283,1315497
3872,258,9710,1426148,1426406
4006,240,9710,1315377,1315617
7009,59,9710,337186,337245
8535,178,9710,1149632,1149810
9486,106,9710,660752,660858
1827,300,9711,1471422,1471722
4081,224,9711,1315496,1315720
6506,122,9711,930873,930995
7119,206,9711,1315560,1315766
7187,23,9711,337484,337507
8992,265,9711,1426245,1426510
3409,106,9712,661016,661122
5650,152,9712,930994,931146
7218,22,9712,337626,337648
7673,135,9712,931066,931201
8528,289,9712,1471481,1471770
4044,47,9713,337727,337774
1374,204,9714,1315683,1315887
4089,11,9714,337813,337824
4166,221,9714,1315727,1315948
4778,212,9714,1315788,1316000
5924,95,9714,661320,661415
8630,203,9714,1315840,1316043
9206,49,9714,337984,338033
9675,209,9714,1315883,1316092
2510,211,9715,1315931,1316142
6857,174,9715,1150125,1150299
7357,63,9715,338152,338215
7688,49,9715,338215,338264
7798,11,9715,338264,338275
9279,1,9715,338275,338276
9342,138,9715,931438,931576
1866,15,9716,338315,338330
3188,285,9716,1471526,1471811
5784,267,9716,1426385,1426652
6667,230,9716,1316061,1316291
7781,45,9716,338450,338495
1721,116,9717,661692,661808
2142,1,9717,338534,338535
4454,21,9717,338535,338556
4564,129,9717,931614,931743
6087,2,9717,338596,338598
8164,151,9717,931663,931814
3554,196,9718,1150296,1150492
4848,164,9718,1150372,1150536
5629,57,9718,338717,338774
9903,8,9718,338774,338782
1112,215,9719,1316128,1316343
2023,132,9719,931852,931984
3343,207,9719,1316183,1316390
6160,136,9719,931944,932080
6220,2,9719,338941,338943
7104,24,9719,338943,338967
8772,223,9719,1316230,1316453
3539,74,9720,339006,339080
5000,255,9720,1426448,1426703
2237,212,9721,1316331,1316543
3471,156,9721,932118,932274
5116,24,9721,339199,339223
8525,230,9721,1316383,1316613
8756,236,9721,1316453,1316689
2268,106,9722,662323,662429
3615,126,9722,932273,932399
4875,46,9722,339382,339428
6277,106,9722,662429,662535
6913,279,9722,1426501,1426780
7891,259,9722,1426580,1426839
8142,144,9722,932399,932543
9587,268,9722,1426639,1426907
4232,238,9723,1316647,1316885
6016,23,9723,339667,339690
6153,106,9723,662694,662800
6820,9,9723,339730,339739
7706,252,9723,1426706,1426958
7830,140,9723,932582,932722
1220,274,9724,1426757,1427031
3410,286,9724,1471563,1471849
4230,139,9724,932721,932860
4824,37,9724,339938,339975
4903,93,9724,662959,663052
7287,262,9724,1426871,1427133
5011,242,9725,1426932,1427174
6026,123,9725,932859,932982
6625,275,9725,1426974,1427249
6787,176,9725,1151089,1151265
2127,149,9726,932981,933130
8645,103,9726,663250,663353
2897,187,9727,1151143,1151330
7393,287,9727,1471606,1471893
7516,232,9727,1317001,1317233
9149,190,9727,1151290,1151480
1132,2,9728,340451,340453
1354,112,9728,663471,663583
2752,120,9728,663543,663663
5039,292,9728,1471652,1471944
1561,272,9729,1427125,1427397
4869,289,9729,1471703,1471992
6490,131,9729,933327,933458
7021,266,9729,1427237,1427503
7313,78,9729,340732,340810
7721,149,9729,933418,933567
1098,202,9730,1317230,1317432
1576,66,9730,340889,340955
4377,88,9730,663901,663989
5140,52,9730,340995,341047
6056,21,9730,341047,341068
9160,244,9730,1427302,1427546
6501,205,9731,1317311,1317516
7609,96,9731,664028,664124
8812,203,9731,1317356,1317559
9379,12,9731,341227,341239
1669,26,9732,341238,341264
1725,20,9732,341264,341284
2042,255,9732,1427344,1427599
6546,193,9732,1151715,1151908
7163,108,9732,664203,664311
9458,278,9732,1427399,1427677
4317,299,9733,1471748,1472047
5250,221,9733,1317517,1317738
1136,284,9734,1471806,1472090
3286,237,9734,1317617,1317854
4422,252,9734,1427555,1427807
5146,64,9734,341642,341706
5252,266,9734,1427607,1427873
7750,221,9734,1317774,1317995
8545,2,9734,341786,341788
2297,248,9735,1427672,1427920
7499,277,9735,1427720,1427997
8066,118,9735,664668,664786
9384,20,9735,341907,341927
1042,203,9736,1317913,1318116
1521,105,9736,664785,664890
2509,288,9736,1471848,1472136
3782,122,9736,934200,934322
5192,69,9736,342086,342155
6029,272,9736,1427836,1428108
6576,45,9736,342195,342240
4651,28,9737,342239,342267
9232,200,9737,1152303,1152503
1455,35,9738,342306,342341
2725,97,9738,665008,665105
4103,183,9738,1152382,1152565
4750,229,9738,1318034,1318263
4922,240,9738,1318103,1318343
9699,84,9738,665185,665269
5248,109,9739,665228,665337
6081,192,9739,1152524,1152716
6200,66,9739,342620,342686
8242,157,9739,934479,934636
9891,187,9739,1152596,1152783
9922,225,9739,1318182,1318407
1018,179,9740,1152702,1152881
1771,139,9740,934675,934814
2935,202,9740,1318246,1318448
3047,36,9741,342924,342960
5359,132,9741,934773,934905
5448,284,9741,1471891,1472175
6827,281,9741,1471935,1472216
7702,172,9741,1152880,1153052
8216,10,9741,343120,343130
8600,10,9741,343130,343140
1891,167,9742,1152931,1153098
4905,128,9742,934984,935112
5151,163,9742,1152978,1153141
6118,79,9742,343259,343338
6912,27,9742,343338,343365
1003,240,9743,1318365,1318605
2853,69,9743,343404,343473
3602,179,9743,1153060,1153239
7846,278,9743,1427981,1428259
9689,222,9743,1318485,1318707
1743,202,9744,1318546,1318748
3355,86,9744,666052,666138
4608,37,9744,343672,343709
8987,257,9744,1428058,1428315
5814,182,9745,1153277,1153459
6326,257,9745,1428114,1428371
6865,100,9745,666217,666317
7448,239,9745,1318667,1318906
9059,22,9745,343908,343930
8804,296,9746,1471971,1472267
9607,61,9746,343969,344030
9655,49,9746,344030,344079
9785,265,9746,1428210,1428475
1063,155,9747,935507,935662
5699,252,9747,1428274,1428526
3169,152,9748,935621,935773
4312,142,9748,935693,935835
5969,227,9748,1318863,1319090
8011,6,9748,344317,344323
2746,34,9749,344322,344356
2818,274,9749,1428324,1428598
3955,285,9749,1472024,1472309
4022,27,9749,344436,344463
5600,93,9749,666673,666766
7213,153,9749,935874,936027
8350,85,9749,666766,666851
9340,174,9749,1153655,1153829
1232,180,9750,1153708,1153888
4768,276,9750,1428437,1428713
5055,72,9750,344702,344774
5743,205,9750,1319048,1319253
1579,196,9751,1153847,1154043
1955,206,9751,1319092,1319298
4891,74,9751,344893,344967
9016,98,9751,667049,667147
1265,192,9752,1153962,1154154
2583,189,9752,1154034,1154223
7303,93,9752,667186,667279
7470,191,9752,1154103,1154294
10000,118,9752,667279,667397
1485,144,9753,936303,936447
1873,28,9753,345245,345273
1884,207,9753,1319136,1319343
3374,233,9753,1319183,1319416
3633,263,9753,1428510,1428773
3996,197,9753,1154293,1154490
5227,287,9753,1472065,1472352
7281,239,9753,1319336,1319575
7434,146,9753,936607,936753
7641,184,9753,1154450,1154634
2939,185,9754,1154513,1154698
8669,246,9754,1428612,1428858
9711,172,9754,1154618,1154790
4055,279,9755,1428657,1428936
4664,167,9755,1154709,1154876
5989,292,9755,1472110,1472402
7224,182,9755,1154796,1154978
8367,12,9755,345871,345883
9636,156,9755,936991,937147
1306,16,9756,345922,345938
1442,227,9756,1319532,1319759
2687,13,9756,345978,345991
2695,174,9756,1154897,1155071
2855,12,9756,346031,346043
9807,139,9756,937146,937285
4264,123,9757,937204,937327
6989,270,9757,1428774,1429044
7268,265,9757,1428844,1429109
7926,92,9757,668272,668364
8275,191,9757,1155030,1155221
4613,122,9758,937366,937488
5198,104,9758,668403,668507
8498,213,9758,1319677,1319890
8949,148,9758,937448,937596
9967,157,9758,937516,937673
3210,273,9759,1428907,1429180
7319,253,9759,1428980,1429233
2645,16,9760,346559,346575
2726,21,9760,346575,346596
3950,166,9760,1155218,1155384
4473,4,9760,346636,346640
4792,73,9760,346640,346713
5378,130,9760,937711,937841
1716,266,9761,1429031,1429297
2169,239,9761,1319847,1320086
3911,218,9761,1319926,1320144
8635,209,9761,1319984,1320193
9889,104,9761,668904,669008
4217,190,9762,1155422,1155612
9218,4,9762,346991,346995
9779,258,9762,1429096,1429354
1319,274,9763,1429153,1429427
2428,221,9763,1320111,1320332
2488,3,9763,347114,347117
7589,59,9763,347117,347176
8345,98,9763,669126,669224
8834,25,9763,347216,347241
8948,9,9763,347241,347250
9649,256,9763,1429227,1429483
1799,296,9764,1472153,1472449
5389,264,9764,1429322,1429586
7734,194,9764,1155730,1155924
6281,227,9765,1320290,1320517
1513,269,9766,1429384,1429653
1659,145,9766,938315,938460
2432,104,9766,669461,669565
2912,298,9766,1472207,1472505
7098,184,9766,1155922,1156106
7838,254,9766,1429493,1429747
8068,197,9766,1156026,1156223
8898,280,9766,1429547,1429827
9335,109,9766,669725,669834
9943,196,9766,1156143,1156339
1288,89,9767,669833,669922
2632,207,9767,1320515,1320722
2909,123,9767,938659,938782
4495,290,9767,1472264,1472554
7459,31,9767,348006,348037
9584,120,9767,670002,670122
1193,10,9768,348076,348086
1660,74,9768,348086,348160
3229,59,9768,348160,348219
4488,254,9768,1429665,1429919
5506,244,9768,1429719,1429963
8252,298,9768,1472313,1472611
3589,277,9769,1429802,1430079
5753,200,9769,1156456,1156656
6968,295,9769,1472370,1472665
7618,97,9769,670320,670417
7872,3,9769,348498,348501
1853,265,9770,1429918,1430183
2799,57,9770,348540,348597
4568,290,9770,1472424,1472714
8330,146,9770,939059,939205
9727,142,9770,939125,939267
6870,295,9771,1472473,1472768
3087,60,9772,348755,348815
4686,50,9772,348815,348865
4953,251,9772,1430061,1430312
6256,209,9772,1320957,1321166
7325,256,9772,1430112,1430368
3091,178,9773,1156812,1156990
6313,287,9773,1472526,1472813
6564,130,9773,939424,939554
7775,272,9773,1430207,1430479
8931,48,9773,349144,349192
9682,100,9773,670853,670953
6803,94,9774,670912,671006
8544,231,9774,1321124,1321355
9017,73,9774,349311,349384
9195,201,9774,1321195,1321396
9948,190,9774,1157029,1157219
4179,180,9775,1157098,1157278
4556,161,9775,1157158,1157319
5686,68,9775,349543,349611
6925,216,9775,1321235,1321451
7949,147,9775,939752,939899
8902,265,9775,1430277,1430542
4595,100,9776,671284,671384
6059,80,9776,349770,349850
7112,156,9776,939858,940014
7380,42,9776,349890,349932
2886,134,9777,939933,940067
5462,130,9777,939987,940117
5534,243,9777,1430340,1430583
8178,148,9777,940077,940225
8793,160,9777,940145,940305
3181,4,9778,350130,350134
3183,226,9778,1321368,1321594
3455,251,9778,1430382,1430633
5442,36,9778,350214,350250
9252,232,9778,1321474,1321706
2531,236,9780,1321544,1321780
1805,184,9781,1157473,1157657
3603,35,9781,350367,350402
3771,47,9781,350402,350449
4429,46,9781,350449,350495
5913,206,9781,1321619,1321825
3020,64,9782,350534,350598
5147,12,9782,350598,350610
6131,266,9782,1430429,1430695
3809,84,9783,671857,671941
5696,47,9783,350689,350736
5731,100,9783,671901,672001
8095,287,9783,1472563,1472850
8333,34,9783,350816,350850
9127,62,9783,350850,350912
1128,259,9784,1430533,1430792
3121,288,9784,1472609,1472897
3302,39,9784,350991,351030
4255,124,9784,940618,940742
4333,46,9784,351070,351116
8239,280,9784,1430632,1430912
8962,269,9784,1430712,1430981
2275,138,9785,940741,940879
2837,254,9785,1430780,1431034
8174,183,9785,1157853,1158036
3358,106,9786,672318,672424
3463,44,9786,351354,351398
4047,149,9786,940878,941027
6338,217,9786,1321940,1322157
2064,162,9787,1157954,1158116
4063,65,9787,351517,351582
5737,285,9787,1472654,1472939
5880,179,9787,1158036,1158215
6929,258,9787,1430872,1431130
8694,33,9787,351702,351735
9108,189,9787,1158135,1158324
2138,201,9788,1322075,1322276
2872,45,9788,351814,351859
5085,126,9788,941225,941351
5380,160,9788,941271,941431
5634,142,9788,941351,941493
1057,276,9789,1430928,1431204
5872,276,9789,1431004,1431280
3201,113,9790,672900,673013
5275,274,9790,1431079,1431353
9269,12,9790,352137,352149
9671,121,9790,941531,941652
4029,129,9791,941571,941700
8857,199,9791,1158360,1158559
1978,260,9792,1431151,1431411
2501,37,9792,352307,352344
4235,264,9792,1431211,1431475
4925,56,9792,352384,352440
3625,38,9793,352439,352477
4019,223,9793,1322311,1322534
4843,40,9793,352517,352557
5609,58,9793,352557,352615
9418,185,9793,1158557,1158742
5619,167,9794,1158621,1158788
5898,269,9794,1431273,1431542
6476,149,9794,941897,942046
6638,23,9794,352774,352797
9566,6,9794,352797,352803
9666,266,9794,1431342,1431608
9975,157,9794,942006,942163
2043,268,9795,1431407,1431675
3651,2,9795,352922,352924
3981,275,9795,1431475,1431750
8013,296,9795,1472691,1472987
8553,207,9795,1322572,1322779
9296,153,9795,942242,942395
5613,240,9796,1322618,1322858
7993,278,9796,1431589,1431867
1904,27,9797,353162,353189
2017,5,9797,353189,353194
5137,97,9797,673766,673863
5742,8,9797,353234,353242
6116,29,9797,353242,353271
8521,43,9797,353271,353314
9445,236,9797,1322737,1322973
1693,259,9798,1431665,1431924
3322,122,9798,942472,942594
4173,225,9798,1322852,1323077
4351,95,9798,673982,674077
5833,61,9798,353513,353574
7777,197,9798,1159104,1159301
8187,223,9798,1322917,1323140
8441,25,9798,353654,353679
3067,254,9799,1431723,1431977
7763,161,9799,1159260,1159421
7839,257,9799,1431777,1432034
9287,276,9799,1431834,1432110
4820,163,9800,1159380,1159543
6093,248,9800,1431909,1432157
6637,109,9800,674355,674464
7937,83,9800,674424,674507
9409,3,9800,353997,354000
9606,253,9800,1431957,1432210
2973,276,9801,1432009,1432285
8515,297,9801,1472741,1473038
2708,214,9803,1323255,1323469
4246,153,9803,943029,943182
8695,146,9803,943102,943248
9739,39,9803,354237,354276
3267,247,9804,1432122,1432369
4811,18,9804,354315,354333
7792,169,9804,1159659,1159828
9422,289,9804,1472795,1473084
9615,250,9804,1432209,1432459
4573,72,9805,354452,354524
5789,135,9805,943326,943461
1602,259,9806,1432257,1432516
2314,49,9806,354603,354652
3448,237,9806,1323466,1323703
8502,239,9806,1323543,1323782
9527,138,9806,943500,943638
2605,20,9807,354771,354791
6749,223,9807,1323621,1323844
6871,20,9807,354831,354851
1982,4,9808,354850,354854
2798,284,9808,1472840,1473124
4280,208,9808,1323723,1323931
4683,289,9808,1472884,1473173
4515,24,9809,354973,354997
6466,98,9809,675218,675316
6922,156,9809,943715,943871
7130,134,9809,943791,943925
9824,13,9809,355117,355130
1072,226,9810,1323809,1324035
5311,12,9810,355169,355181
6244,80,9810,355181,355261
8661,109,9810,675395,675504
9063,202,9810,1323875,1324077
3775,176,9811,1160141,1160317
8623,95,9811,675543,675638
3219,110,9812,675597,675707
3401,189,9812,1160196,1160385
3750,176,9812,1160265,1160441
4872,99,9812,675747,675846
8862,98,9812,675806,675904
1626,126,9813,944041,944167
6764,266,9813,1432389,1432655
6979,66,9813,355698,355764
2375,250,9814,1432454,1432704
2567,24,9814,355803,355827
2604,132,9814,944166,944298
2888,284,9814,1472927,1473211
5647,86,9814,676062,676148
6219,276,9814,1432544,1432820
7502,185,9814,1160479,1160664
9370,206,9814,1324073,1324279
1287,194,9815,1160583,1160777
9395,54,9815,356106,356160
1483,197,9816,1160656,1160853
3863,281,9816,1472969,1473250
1298,270,9817,1432657,1432927
2080,217,9817,1324196,1324413
4389,18,9817,356318,356336
4829,114,9817,676425,676539
5024,224,9817,1324253,1324477
8763,185,9817,1160892,1161077
9981,146,9817,944655,944801
4708,140,9818,944720,944860
6445,263,9819,1432725,1432988
7416,7,9819,356574,356581
7735,57,9819,356581,356638
5172,139,9820,944818,944957
5405,296,9820,1473006,1473302
5709,189,9820,1161034,1161223
6098,50,9820,356757,356807
8858,289,9820,1473062,1473351
9322,139,9820,944997,945136
4547,41,9821,356886,356927
6208,50,9821,356927,356977
6566,158,9821,945055,945213
7285,196,9821,1161142,1161338
7807,60,9821,357057,357117
8486,216,9821,1324433,1324649
8608,113,9821,677015,677128
9263,78,9821,357197,357275
1114,78,9822,357274,357352
3429,80,9822,357352,357432
4632,215,9822,1324488,1324703
5001,292,9822,1473109,1473401
5008,199,9822,1161337,1161536
5708,275,9822,1432905,1433180
6864,109,9822,677247,677356
8522,183,9822,1161456,1161639
9609,145,9822,945412,945557
2543,235,9823,1324622,1324857
3200,53,9823,357751,357804
7929,103,9823,677435,677538
9308,140,9823,945516,945656
2903,160,9824,945575,945735
3154,68,9824,357923,357991
4150,131,9824,945655,945786
5606,63,9824,358031,358094
5698,84,9824,677617,677701
7145,292,9824,1473159,1473451
2186,1,9825,358173,358174
3043,169,9825,1161596,1161765
3522,44,9825,358214,358258
5382,42,9825,358258,358300
3688,49,9826,358299,358348
9843,297,9826,1473209,1473506
1024,199,9827,1161683,1161882
3497,296,9827,1473265,1473561
5907,140,9827,945903,946043
7581,259,9827,1433095,1433354
8186,198,9827,1161842,1162040
8237,247,9827,1433154,1433401
9389,209,9827,1324893,1325102
9497,15,9827,358667,358682
7661,211,9828,1324941,1325152
9548,136,9828,946162,946298
1356,217,9829,1324991,1325208
5479,87,9829,678176,678263
6983,93,9829,678223,678316
2321,266,9830,1433198,1433464
4727,169,9830,1162117,1162286
7369,131,9830,946336,946467
7515,237,9830,1325087,1325324
8321,95,9830,678435,678530
1528,90,9831,678489,678579
1935,17,9831,359118,359135
2616,186,9831,1162205,1162391
8103,47,9831,359175,359222
1142,100,9832,678578,678678
1427,168,9832,1162270,1162438
2304,84,9832,678678,678762
3383,188,9832,1162318,1162506
7341,178,9832,1162386,1162564
8534,70,9832,359421,359491
8702,106,9832,678802,678908
1812,35,9833,359530,359565
7445,23,9833,359565,359588
8686,184,9833,1162443,1162627
1606,201,9834,1325160,1325361
2475,239,9834,1325201,1325440
2578,35,9834,359707,359742
7228,52,9834,359742,359794
5850,143,9835,946702,946845
6248,95,9835,679025,679120
9294,160,9835,946765,946925
9817,173,9835,1162585,1162758
1055,117,9836,679159,679276
8854,70,9836,359992,360062
9044,279,9836,1433258,1433537
1129,289,9837,1473311,1473600
4239,46,9837,360141,360187
5728,92,9837,679315,679407
1586,66,9838,360226,360292
4631,178,9838,1162715,1162893
7216,113,9838,679406,679519
8499,87,9838,679479,679566
3480,134,9839,947001,947135
3558,5,9839,360451,360456
7849,214,9839,1325355,1325569
8886,110,9839,679605,679715
3081,40,9840,360535,360575
5949,87,9840,679674,679761
6755,221,9841,1325407,1325628
7484,112,9841,679760,679872
8734,132,9841,947133,947265
8875,86,9841,679872,679958
9595,149,9841,947185,947334
6168,136,9842,947253,947389
7966,245,9842,1433371,1433616
1699,119,9843,680036,680155
1964,14,9843,360932,360946
4665,21,9843,360946,360967
6507,242,9843,1433415,1433657
7828,95,9843,680155,680250
1894,164,9844,1162927,1163091
3889,24,9844,361086,361110
4328,94,9844,680249,680343
4889,216,9844,1325545,1325761
5601,96,9844,680343,680439
6668,54,9844,361230,361284
5578,129,9845,947466,947595
9071,265,9845,1433455,1433720
7898,68,9846,361362,361430
8926,123,9846,947554,947677
2819,210,9847,1325638,1325848
3978,231,9847,1325688,1325919
8848,56,9847,361549,361605
9762,191,9847,1163128,1163319
1786,281,9848,1473349,1473630
2242,271,9848,1433557,1433828
7517,43,9848,361724,361767
1398,214,9849,1325837,1326051
1967,293,9849,1473389,1473682
2671,277,9849,1433667,1433944
4703,77,9849,361886,361963
9295,23,9849,361963,361986
1257,279,9850,1433743,1434022
1574,71,9850,362025,362096
2529,195,9850,1163436,1163631
2634,275,9850,1433822,1434097
4844,220,9850,1326050,1326270
6120,263,9850,1433897,1434160
6324,88,9851,681032,681120
8341,154,9851,948112,948266
1138,12,9852,362334,362346
2765,23,9852,362346,362369
5799,282,9852,1473439,1473721
7699,7,9852,362409,362416
5879,4,9853,362415,362419
2022,277,9854,1433996,1434273
5694,193,9854,1163707,1163900
7940,295,9854,1473479,1473774
2413,228,9855,1326265,1326493
3205,151,9855,948382,948533
5633,230,9855,1326333,1326563
7142,167,9855,1163899,1164066
8560,204,9855,1326403,1326607
8658,9,9855,362737,362746
1415,248,9856,1434111,1434359
5449,219,9856,1326486,1326705
5518,282,9856,1473532,1473814
5639,188,9856,1164105,1164293
5752,165,9856,1164173,1164338
5836,102,9856,681675,681777
7437,266,9856,1434199,1434465
7479,149,9856,948812,948961
3005,186,9857,1164257,1164443
4976,235,9857,1326624,1326859
7587,299,9858,1473572,1473871
9500,153,9858,948999,949152
3531,289,9859,1473630,1473919
3884,217,9859,1326777,1326994
6379,106,9859,682054,682160
3904,21,9860,363341,363362
4471,269,9860,1434341,1434610
6148,294,9860,1473678,1473972
8153,256,9860,1434450,1434706
8672,33,9860,363482,363515
2566,300,9861,1473731,1474031
2737,212,9861,1326992,1327204
3503,54,9861,363594,363648
7905,274,9861,1434545,1434819
1280,196,9862,1164718,1164914
2571,130,9862,949428,949558
3097,166,9862,1164794,1164960
4256,72,9862,363807,363879
5522,50,9862,363879,363929
6386,259,9862,1434618,1434877
6697,216,9862,1327123,1327339
9169,103,9862,682557,682660
9401,132,9862,949598,949730
8371,181,9863,1164919,1165100
2868,98,9864,682698,682796
4296,89,9864,682756,682845
5492,279,9864,1434675,1434954
6014,38,9864,364247,364285
3365,29,9865,364284,364313
3684,205,9865,1327216,1327421
6229,173,9865,1165058,1165231
6891,13,9865,364393,364406
8038,282,9865,1473787,1474069
8423,230,9865,1327301,1327531
8872,69,9865,364486,364555
9865,137,9865,949887,950024
2365,262,9866,1434792,1435054
7256,207,9866,1327410,1327617
9551,234,9866,1327457,1327691
2223,81,9867,683162,683243
3842,54,9867,364753,364807
6083,230,9867,1327530,1327760
7724,139,9867,950102,950241
7736,96,9867,683283,683379
1947,147,9868,950160,950307
3879,254,9868,1434852,1435106
6252,203,9868,1327639,1327842
7305,224,9868,1327682,1327906
5110,212,9869,1327745,1327957
5946,218,9869,1327797,1328015
2179,170,9870,1165546,1165716
2720,171,9870,1165596,1165767
3605,149,9870,950505,950654
8139,206,9870,1327854,1328060
2494,79,9871,365323,365402
2555,111,9871,683735,683846
3814,191,9871,1165686,1165877
5313,178,9871,1165757,1165935
1499,293,9872,1473822,1474115
2944,212,9872,1327938,1328150
3597,65,9872,365601,365666
4353,226,9872,1327990,1328216
4836,81,9872,684005,684086
4896,91,9872,684046,684137
6254,78,9872,365786,365864
8210,195,9872,1165934,1166129
9737,175,9872,1166009,1166184
1650,150,9873,950891,951041
3141,186,9873,1166063,1166249
3710,161,9873,1166129,1166290
8541,221,9873,1328055,1328276
8816,182,9873,1166210,1166392
8871,184,9873,1166272,1166456
5677,242,9874,1434940,1435182
7111,237,9874,1328155,1328392
8612,222,9874,1328232,1328454
2082,281,9875,1473872,1474153
2415,8,9875,366341,366349
5505,165,9875,1166494,1166659
9012,63,9875,366389,366452
9329,217,9875,1328333,1328550
2718,2,9876,366491,366493
2822,127,9876,951398,951525
4169,278,9876,1435020,1435298
4455,117,9876,684733,684850
7654,204,9876,1328429,1328633
9702,166,9876,1166658,1166824
1149,295,9877,1473911,1474206
2441,250,9877,1435137,1435387
5920,217,9877,1328552,1328769
6748,252,9877,1435187,1435439
7028,219,9877,1328649,1328868
7042,269,9877,1435239,1435508
8308,206,9877,1328748,1328954
8519,56,9877,366972,367028
2664,11,9878,367027,367038
4957,49,9878,367038,367087
5381,44,9878,367087,367131
8218,202,9878,1328793,1328995
8664,69,9878,367171,367240
9794,88,9878,685208,685296
1768,52,9879,367279,367331
2364,142,9879,951882,952024
4774,289,9879,1473964,1474253
4135,218,9880,1328873,1329091
4186,15,9880,367450,367465
5063,273,9880,1435345,1435618
9774,109,9880,685414,685523
1140,28,9881,367544,367572
3131,153,9882,952061,952214
4803,278,9882,1435416,1435694
5407,82,9882,685561,685643
7943,299,9882,1474010,1474309
2158,275,9883,1435533,1435808
4738,245,9883,1435608,1435853
5498,36,9883,367810,367846
6586,203,9883,1329128,1329331
6767,225,9883,1329171,1329396
7244,127,9883,952373,952500
8603,290,9883,1474068,1474358
2181,142,9884,952459,952601
6132,209,9884,1329275,1329484
6782,168,9884,1167456,1167624
7191,17,9884,368125,368142
9231,140,9884,952601,952741
2954,57,9885,368181,368238
4111,244,9885,1435691,1435935
6741,69,9885,368278,368347
7480,114,9885,686080,686194
9104,264,9885,1435735,1435999
3453,140,9886,952739,952879
6575,118,9886,686233,686351
7633,256,9886,1435798,1436054
8008,204,9886,1329442,1329646
8798,218,9886,1329486,1329704
9196,52,9886,368626,368678
1527,226,9887,1329543,1329769
1737,261,9888,1435852,1436113
2090,90,9888,686509,686599
3695,29,9888,368796,368825
6915,206,9888,1329648,1329854
7718,57,9888,368865,368922
8933,189,9888,1167820,1168009
9459,265,9888,1435913,1436178
1749,35,9889,369001,369036
2552,285,9889,1474112,1474397
2161,105,9890,686717,686822
3112,10,9890,369115,369125
4497,31,9890,369125,369156
5590,67,9890,369156,369223
6311,58,9890,369223,369281
9107,89,9890,686782,686871
9132,58,9890,369321,369379
9275,9,9890,369379,369388
2496,278,9891,1436015,1436293
5846,9,9891,369427,369436
9311,6,9891,369436,369442
9318,98,9891,686870,686968
9885,149,9891,953194,953343
2859,135,9892,953262,953397
3335,178,9892,1168005,1168183
4721,258,9892,1436092,1436350
5059,139,9892,953397,953536
9953,214,9892,1329850,1330064
1687,231,9893,1329903,1330134
3713,31,9893,369760,369791
4688,53,9893,369791,369844
5585,199,9893,1168182,1168381
5691,28,9893,369884,369912
6154,257,9893,1436149,1436406
7066,176,9893,1168301,1168477
7510,75,9893,369992,370067
7862,135,9893,953655,953790
1383,146,9894,953709,953855
3604,178,9894,1168356,1168534
4342,274,9894,1436205,1436479
4656,246,9894,1436279,1436525
5433,288,9894,1474152,1474440
5770,2,9894,370306,370308
8518,288,9894,1474200,1474488
8736,224,9894,1330173,1330397
1393,18,9895,370387,370405
2279,228,9895,1330236,1330464
6677,227,9895,1330304,1330531
7114,45,9895,370485,370530
1806,29,9896,370529,370558
2167,8,9896,370558,370566
2502,283,9896,1474246,1474529
2574,233,9896,1330410,1330643
3690,185,9896,1168772,1168957
7665,8,9896,370686,370694
8622,200,9896,1168837,1169037
1361,88,9897,687882,687970
2098,240,9897,1330482,1330722
5305,70,9897,370813,370883
7832,79,9897,370883,370962
7847,47,9897,370962,371009
7871,12,9897,371009,371021
2940,191,9898,1168955,1169146
3328,184,9898,1169026,1169210
9035,298,9898,1474287,1474585
2938,286,9899,1474344,1474630
7426,220,9899,1330640,1330860
9345,130,9899,954490,954620
2001,209,9900,1330699,1330908
2443,217,9900,1330748,1330965
3258,180,9900,1169288,1169468
9285,187,9900,1169348,1169535
9950,29,9900,371418,371447
3211,215,9901,1330804,1331019
4436,111,9901,688406,688517
9450,269,9901,1436518,1436787
5662,87,9902,688516,688603
7188,240,9902,1330898,1331138
1089,272,9903,1436585,1436857
1727,10,9903,371684,371694
2408,24,9903,371694,371718
7214,51,9903,371718,371769
9307,25,9903,371769,371794
3053,169,9904,1169571,1169740
3805,37,9904,371833,371870
1021,37,9905,371869,371906
3726,35,9905,371906,371941
4588,156,9905,954894,955050
5602,71,9905,371981,372052
6224,101,9905,688720,688821
9328,59,9905,372092,372151
2537,257,9906,1436654,1436911
3475,87,9906,688820,688907
4247,228,9906,1331054,1331282
6315,34,9906,372270,372304
6493,240,9906,1331122,1331362
6517,126,9906,955089,955215
1562,205,9907,1331201,1331406
4452,278,9907,1436710,1436988
7825,46,9907,372463,372509
8849,166,9907,1169817,1169983
2405,298,9908,1474381,1474679
7566,126,9908,955293,955419
7687,81,9908,689185,689266
8451,43,9908,372668,372711
9842,286,9908,1474439,1474725
3880,267,9909,1436866,1437133
6988,151,9909,955418,955569
8717,229,9909,1331404,1331633
4461,237,9910,1331472,1331709
5044,53,9910,372909,372962
7824,236,9910,1331549,1331785
8419,208,9910,1331625,1331833
8601,54,9910,373042,373096
6852,152,9911,955647,955799
7251,229,9911,1331672,1331901
7568,140,9911,955759,955899
9377,224,9911,1331741,1331965
1141,195,9912,1170218,1170413
3079,133,9912,955898,956031
4711,1,9912,373334,373335
5344,64,9912,373335,373399
9705,66,9912,373399,373465
7513,26,9913,373464,373490
2341,283,9914,1474479,1474762
3242,74,9914,373529,373603
3893,35,9914,373603,373638
2153,110,9915,689779,689889
7433,103,9915,689849,689952
1848,257,9916,1436966,1437223
3850,249,9916,1437023,1437272
4628,16,9916,373796,373812
8361,177,9916,1170409,1170586
2353,285,9917,1474519,1474804
5788,72,9917,373891,373963
8263,23,9917,373963,373986
2446,47,9918,373985,374032
4107,151,9918,956145,956296
1182,48,9919,374071,374119
2342,285,9919,1474562,1474847
5398,41,9919,374159,374200
8376,255,9919,1437149,1437404
8650,131,9919,956295,956426
9533,29,9919,374280,374309
2711,270,9920,1437203,1437473
2945,13,9920,374348,374361
5414,289,9920,1474606,1474895
7893,270,9920,1437313,1437583
1120,100,9921,690346,690446
2057,140,9921,956464,956604
3486,60,9921,374520,374580
4181,153,9921,956524,956677
4712,105,9921,690486,690591
7031,37,9921,374660,374697
7155,190,9921,1170701,1170891
7443,135,9921,956637,956772
9430,108,9921,690631,690739
9861,66,9921,374817,374883
2882,113,9922,690698,690811
3457,275,9922,1437381,1437656
3567,130,9922,956731,956861
3570,34,9922,375002,375036
3580,65,9922,375036,375101
4761,249,9922,1437456,1437705
6433,57,9922,375141,375198
6541,183,9922,1170850,1171033
7171,296,9922,1474653,1474949
2735,122,9923,956900,957022
4142,86,9923,691010,691096
4424,37,9923,375357,375394
4714,195,9923,1170952,1171147
5520,3,9923,375434,375437
6279,257,9923,1437544,1437801
9152,98,9923,691136,691234
9578,40,9923,375517,375557
2842,134,9924,957021,957155
3093,269,9924,1437600,1437869
4630,103,9924,691273,691376
6642,118,9924,691336,691454
8023,196,9924,1171106,1171302
8825,208,9924,1332352,1332560
9491,129,9925,957194,957323
1419,165,9926,1171220,1171385
3720,75,9926,375874,375949
6170,135,9926,957282,957417
6759,153,9926,957337,957490
9915,264,9927,1437666,1437930
1814,204,9928,1332436,1332640
3162,185,9928,1171343,1171528
4496,211,9928,1332480,1332691
5043,204,9929,1332530,1332734
8198,195,9929,1171487,1171682
3048,293,9930,1474701,1474994
4030,222,9930,1332613,1332835
5538,149,9930,957726,957875
5998,71,9930,376385,376456
6021,85,9930,692008,692093
6607,261,9930,1437767,1438028
3294,157,9931,957834,957991
4970,6,9931,376575,376581
5156,78,9931,376581,376659
5174,145,9931,957911,958056
6797,267,9931,1437827,1438094
7637,73,9931,376739,376812
6307,157,9932,958015,958172
7441,177,9932,1171719,1171896
8226,273,9932,1437893,1438166
2278,12,9933,376930,376942
4393,154,9933,958171,958325
8568,39,9933,376982,377021
2028,169,9934,1171814,1171983
3058,213,9934,1332791,1333004
4314,48,9934,377100,377148
5657,179,9934,1171903,1172082
7622,165,9934,1171962,1172127
9880,61,9934,377228,377289
1041,59,9935,377288,377347
1701,272,9935,1437963,1438235
3373,11,9935,377387,377398
8768,240,9935,1332883,1333123
9800,164,9935,1172086,1172250
1710,68,9936,377477,377545
2890,198,9936,1172129,1172327
4616,101,9936,692687,692788
9468,296,9936,1474748,1475044
4064,29,9937,377664,377693
6946,74,9937,377693,377767
9588,249,9937,1438073,1438322
3271,215,9938,1333040,1333255
3854,99,9938,692866,692965
5445,124,9938,958680,958804
7253,19,9938,377926,377945
7671,267,9938,1438121,1438388
9797,118,9938,693005,693123
6340,253,9939,1438187,1438440
7259,26,9939,378064,378090
4586,31,9940,378089,378120
6068,45,9940,378120,378165
6282,235,9940,1333173,1333408
7850,149,9940,958842,958991
2426,236,9941,1333247,1333483
2877,246,9941,1438238,1438484
3426,263,9941,1438284,1438547
3994,165,9941,1172562,1172727
4511,20,9941,378404,378424
4685,246,9941,1438347,1438593
5242,219,9941,1333443,1333662
5612,154,9941,959150,959304
6043,108,9941,693480,693588
7716,280,9941,1438393,1438673
9516,280,9941,1438473,1438753
2860,186,9942,1172766,1172952
3886,121,9942,959343,959464
5323,72,9942,378743,378815
5426,77,9942,378815,378892
4323,245,9943,1438551,1438796
1340,26,9944,378930,378956
4250,253,9944,1438595,1438848
1029,224,9945,1333658,1333882
3411,234,9945,1333722,1333956
4249,205,9945,1333796,1334001
5925,87,9945,693904,693991
7630,197,9945,1173029,1173226
7797,90,9945,693991,694081
8408,148,9945,959621,959769
9847,139,9945,959689,959828
3074,189,9946,1173105,1173294
3733,205,9946,1333840,1334045
4354,206,9946,1333885,1334091
4639,108,9946,694240,694348
4958,95,9946,694308,694403
6657,284,9946,1474794,1475078
6985,275,9946,1438686,1438961
7335,62,9946,379594,379656
8531,182,9946,1173334,1173516
3760,174,9947,1173395,1173569
5206,131,9947,960026,960157
1661,29,9948,379774,379803
8785,60,9948,379803,379863
3612,191,9949,1173447,1173638
4128,135,9949,960115,960250
4522,56,9949,379942,379998
8972,58,9949,379998,380056
1702,149,9950,960169,960318
2058,49,9950,380095,380144
2166,8,9950,380144,380152
3172,43,9950,380152,380195
3465,46,9950,380195,380241
4523,183,9950,1173517,1173700
8315,13,9950,380281,380294
4066,192,9951,1173579,1173771
4376,287,9951,1474833,1475120
6382,74,9951,380373,380447
9838,85,9951,694798,694883
1558,38,9952,380486,380524
3108,157,9952,960356,960513
3142,130,9952,960433,960563
6203,15,9952,380604,380619
6419,142,9952,960483,960625
7904,31,9952,380659,380690
9504,216,9952,1334045,1334261
9667,96,9952,695002,695098
7199,106,9953,695057,695163
8057,52,9953,380809,380861
9708,59,9953,380861,380920
1943,136,9954,960583,960719
2262,74,9954,380959,381033
5261,218,9954,1334099,1334317
5705,74,9954,381073,381147
6149,26,9954,381147,381173
6694,281,9954,1474877,1475158
6874,120,9954,695242,695362
6939,148,9954,960719,960867
6978,88,9954,695362,695450
5889,76,9955,381332,381408
7534,220,9955,1334196,1334416
7265,37,9956,381447,381484
9638,4,9956,381484,381488
4799,67,9957,381487,381554
1169,29,9958,381553,381582
2827,42,9958,381582,381624
4032,14,9958,381624,381638
7077,284,9958,1474914,1475198
1069,135,9959,960862,960997
6012,171,9959,1173883,1174054
7381,169,9959,1173934,1174103
9633,201,9959,1334292,1334493
1095,151,9960,961036,961187
4985,43,9961,381875,381918
6339,15,9961,381918,381933
1050,43,9962,381932,381975
7003,126,9962,961105,961231
8485,269,9962,1438865,1439134
5942,168,9963,1174059,1174227
9476,194,9963,1174107,1174301
2307,48,9964,382133,382181
2657,65,9964,382181,382246
3943,140,9964,961269,961409
5281,184,9964,1174180,1174364
5537,248,9964,1438932,1439180
6618,55,9964,382366,382421
8099,122,9964,961409,961531
8209,213,9964,1334408,1334621
8381,95,9964,696040,696135
2271,300,9965,1474951,1475251
4254,85,9965,696134,696219
4428,45,9965,382620,382665
5892,109,9965,696179,696288
6494,46,9965,382705,382751
2455,170,9966,1174362,1174532
3808,32,9966,382790,382822
9284,98,9966,696287,696385
1285,169,9967,1174411,1174580
1681,9,9967,382901,382910
2367,24,9967,382910,382934
4706,76,9967,382934,383010
6471,51,9967,383010,383061
6731,147,9967,961608,961755
6817,7,9967,383101,383108
7342,201,9967,1334498,1334699
9398,217,9967,1334539,1334756
3015,59,9968,383187,383246
8279,181,9968,1174539,1174720
2908,299,9969,1475007,1475306
7220,14,9969,383325,383339
1131,128,9970,961832,961960
1836,272,9970,1439054,1439326
6729,75,9970,383418,383493
8159,151,9970,961920,962071
3010,268,9971,1439125,1439393
7150,253,9971,1439193,1439446
1865,104,9972,696779,696883
3524,234,9972,1334751,1334985
5411,30,9972,383691,383721
6239,70,9972,383721,383791
7818,297,9972,1475063,1475360
2557,136,9973,962148,962284
9431,165,9973,1174835,1175000
9710,4,9973,383910,383914
1068,231,9975,1334862,1335093
3143,140,9975,962282,962422
3189,134,9975,962342,962476
5041,218,9975,1334933,1335151
6223,216,9975,1334991,1335207
6733,49,9975,384112,384161
1770,300,9976,1475116,1475416
3542,87,9976,697239,697326
4773,231,9976,1335086,1335317
4993,91,9976,697326,697417
5997,245,9976,1439321,1439566
9925,36,9976,384360,384396
5444,73,9977,384395,384468
7575,63,9977,384468,384531
1680,278,9978,1439364,1439642
3513,154,9978,962633,962787
5676,202,9978,1335235,1335437
6511,21,9978,384650,384671
9744,248,9978,1439442,1439690
2714,150,9979,962786,962936
2814,95,9979,697614,697709
3099,106,9979,697669,697775
4065,20,9979,384830,384850
4701,256,9979,1439489,1439745
8380,102,9979,697775,697877
9137,113,9979,697837,697950
9549,34,9979,384970,385004
1971,282,9980,1475172,1475454
6845,162,9981,1175312,1175474
7605,155,9981,962974,963129
8258,201,9981,1335394,1335595
8436,81,9981,698068,698149
9364,94,9981,698109,698203
2493,280,9982,1439582,1439862
6606,117,9982,698202,698319
5056,204,9983,1335473,1335677
5149,231,9983,1335517,1335748
6128,22,9983,385400,385422
6158,225,9983,1335588,1335813
9613,254,9983,1439661,1439915
2284,148,9984,963286,963434
6031,192,9984,1175591,1175783
7273,100,9984,698517,698617
8754,228,9984,1335692,1335920
4120,239,9985,1335759,1335998
4591,79,9985,385700,385779
4612,7,9985,385779,385786
1560,220,9986,1335837,1336057
2767,128,9986,963512,963640
4755,198,9986,1175781,1175979
4973,115,9986,698775,698890
5831,136,9986,963600,963736
5941,40,9986,385985,386025
8675,169,9986,1175859,1176028
9792,218,9986,1335897,1336115
1724,205,9987,1335954,1336159
4276,46,9987,386144,386190
7192,236,9987,1335999,1336235
1013,246,9988,1439710,1439956
1203,228,9988,1336114,1336342
1497,268,9988,1439756,1440024
1914,25,9988,386349,386374
2192,278,9988,1439824,1440102
5118,222,9988,1336262,1336484
5730,163,9988,1176226,1176389
6025,191,9988,1176269,1176460
6095,132,9988,964094,964226
6535,167,9988,1176340,1176507
7852,240,9988,1336324,1336564
8446,49,9988,386654,386703
4519,65,9989,386702,386767
8283,245,9989,1439901,1440146
9567,293,9989,1475205,1475498
2197,151,9990,964304,964455
5079,234,9990,1336482,1336716
7263,26,9990,386926,386952
7930,162,9990,1176545,1176707
7989,94,9990,699646,699740
9406,36,9990,387032,387068
7916,217,9991,1336555,1336772
3167,142,9992,964493,964635
3474,230,9992,1336611,1336841
7087,225,9992,1336681,1336906
8703,12,9992,387226,387238
9968,276,9992,1439983,1440259
2420,122,9993,964674,964796
2809,157,9993,964716,964873
3406,47,9993,387357,387404
4281,54,9993,387404,387458
5224,190,9993,1176744,1176934
6473,181,9993,1176814,1176995
8681,246,9993,1440058,1440304
9305,165,9993,1176915,1177080
9483,121,9993,964953,965074
1922,108,9994,700176,700284
2686,26,9994,387697,387723
5019,89,9994,700244,700333
5152,133,9994,964993,965126
9460,15,9994,387803,387818
9999,104,9994,700333,700437
1248,23,9995,387857,387880
2685,149,9995,965045,965194
3744,91,9995,700436,700527
8256,52,9995,387960,388012
8529,171,9995,1176958,1177129
1376,22,9996,388051,388073
1707,81,9996,700526,700607
1856,25,9996,388113,388138
2846,32,9996,388138,388170
8230,30,9996,388170,388200
8918,30,9996,388200,388230
1188,130,9997,965152,965282
1864,74,9997,388269,388343
2507,152,9997,965202,965354
6945,280,9997,1440100,1440380
8104,22,9997,388423,388445
8508,46,9997,388445,388491
1104,19,9998,388490,388509
1608,61,9998,388509,388570
4248,19,9998,388570,388589
7271,143,9998,965313,965456
7667,186,9998,1177046,1177232
8089,55,9998,388669,388724
1109,95,9999,700764,700859
6590,70,9999,388763,388833
7288,167,9999,1177111,1177278
7616,99,9999,700859,700958

Average Waiting Time = 817014

Average Turn Around Time = 817163
