Process,Burst Time,Arrival Time,Waiting Time,Turn Around Time
38,15,1,0,15
41,1,11,43,44
14,1,19,36,37
28,1,36,20,21
29,2,27,30,32
67,3,19,40,43
11,4,7,55,59
7,8,34,32,40
30,46,1,35,81
37,9,32,50,59
5,9,52,39,48
857,10,53,47,57
81,11,31,79,90
22,15,4,117,132
24,16,3,133,149
34,16,23,129,145
10,16,27,141,157
4,16,49,135,151
1,18,2,198,216
66,18,24,194,212
12,19,25,211,230
17,20,14,241,261
86,20,24,251,271
95,20,49,246,266
50,21,54,261,282
3,26,16,320,346
57,26,17,345,371
51,26,21,367,393
96,26,24,390,416
2,27,20,420,447
27,27,34,433,460
55,28,25,469,497
18,28,31,491,519
32,29,9,541,570
65,29,16,563,592
100,29,17,591,620
47,29,21,616,645
84,29,27,639,668
80,30,27,668,698
8,30,43,682,712
44,31,35,720,751
36,35,40,746,781
71,35,49,772,807
23,36,18,838,874
90,36,33,859,895
58,37,23,905,942
16,38,20,945,983
79,39,51,952,991
64,39,54,988,1027
21,40,12,1069,1109
63,40,29,1092,1132
59,40,45,1116,1156
88,41,7,1194,1235
15,43,38,1204,1247
93,44,4,1281,1325
26,44,22,1307,1351
85,44,45,1328,1372
72,45,12,1405,1450
35,45,42,1420,1465
20,46,13,1494,1540
25,47,18,1535,1582
40,48,44,1556,1604
19,1,87,1773,1774
659,1,187,1674,1675
926,1,274,1588,1589
319,1,429,1434,1435
992,1,569,1295,1296
471,1,682,1183,1184
75,2,73,1793,1795
649,2,74,1794,1796
169,2,130,1740,1742
138,2,193,1679,1681
310,2,370,1504,1506
520,2,565,1311,1313
621,2,599,1279,1281
9,3,67,1813,1816
145,3,372,1511,1514
788,3,439,1447,1450
665,3,773,1116,1119
822,4,157,1735,1739
325,4,356,1540,1544
315,4,359,1541,1545
230,4,424,1480,1484
381,4,454,1454,1458
459,4,616,1296,1300
303,4,954,962,966
444,4,960,960,964
46,5,63,1861,1866
62,5,88,1841,1846
854,5,250,1684,1689
839,5,532,1407,1412
352,5,767,1177,1182
551,6,560,1389,1395
128,6,815,1140,1146
266,6,943,1018,1024
74,7,68,1899,1906
78,7,69,1905,1912
105,7,409,1572,1579
636,7,522,1466,1473
591,7,788,1207,1214
435,8,109,1893,1901
872,8,109,1901,1909
408,8,133,1885,1893
964,8,365,1661,1669
229,8,773,1261,1269
689,8,801,1241,1249
210,8,948,1102,1110
807,9,189,1869,1878
611,9,614,1453,1462
377,9,756,1320,1329
666,9,965,1120,1129
48,10,93,2001,2011
749,10,336,1768,1778
826,10,377,1737,1747
385,11,139,1985,1996
760,12,86,2049,2061
880,12,235,1912,1924
812,12,236,1923,1935
853,12,450,1721,1733
192,12,619,1564,1576
217,13,71,2124,2137
522,13,485,1723,1736
236,13,507,1714,1727
823,14,77,2157,2171
757,14,299,1949,1963
437,14,649,1613,1627
411,14,712,1564,1578
83,15,64,2226,2241
82,15,83,2222,2237
643,15,837,1483,1498
127,15,994,1341,1356
516,15,998,1352,1367
70,16,58,2307,2323
49,16,67,2314,2330
897,16,196,2201,2217
108,16,802,1611,1627
52,17,82,2347,2364
775,17,459,1987,2004
610,17,604,1859,1876
657,17,950,1530,1547
122,18,222,2275,2293
527,18,379,2136,2154
543,18,763,1770,1788
33,19,59,2492,2511
91,19,74,2496,2515
608,19,198,2391,2410
783,19,309,2299,2318
572,19,375,2252,2271
954,19,451,2195,2214
966,19,999,1666,1685
132,20,332,2352,2372
226,21,179,2525,2546
370,21,255,2470,2491
227,21,606,2140,2161
60,22,59,2708,2730
599,22,943,1846,1868
68,23,55,2756,2779
39,23,65,2769,2792
332,23,250,2607,2630
691,23,830,2050,2073
94,24,58,2845,2869
43,24,95,2832,2856
13,25,89,2862,2887
6,25,99,2877,2902
404,25,293,2708,2733
896,25,389,2637,2662
709,25,891,2160,2185
92,26,77,2999,3025
468,26,297,2805,2831
877,26,366,2762,2788
168,26,408,2746,2772
868,26,807,2373,2399
808,26,905,2301,2327
73,27,90,3142,3169
279,27,599,2660,2687
246,27,782,2504,2531
669,27,801,2512,2539
830,28,314,3026,3054
87,29,67,3301,3330
742,29,137,3260,3289
136,29,416,3010,3039
447,29,637,2818,2847
42,30,82,3402,3432
321,30,91,3423,3453
348,30,411,3133,3163
219,30,644,2930,2960
179,30,852,2752,2782
275,31,576,3058,3089
251,31,580,3085,3116
620,32,409,3287,3319
366,32,658,3070,3102
525,33,139,3621,3654
590,33,613,3180,3213
452,33,887,2939,2972
840,34,114,3745,3779
703,34,245,3648,3682
594,34,249,3678,3712
852,34,425,3536,3570
76,35,69,3926,3961
984,35,577,3453,3488
69,36,66,3999,4035
45,36,70,4031,4067
77,36,74,4063,4099
89,36,75,4098,4134
426,36,91,4118,4154
205,36,390,3855,3891
930,36,497,3784,3820
399,36,585,3732,3768
183,37,67,4286,4323
98,37,90,4300,4337
920,37,445,3982,4019
921,37,564,3900,3937
436,37,993,3508,3545
523,38,111,4427,4465
844,38,126,4450,4488
165,38,418,4196,4234
605,38,562,4090,4128
578,38,834,3856,3894
615,38,877,3851,3889
501,39,400,4366,4405
679,39,849,3956,3995
922,40,489,4355,4395
498,40,571,4313,4353
53,41,66,4858,4899
645,41,575,4390,4431
469,41,986,4020,4061
124,41,993,4054,4095
842,42,849,4239,4281
895,42,951,4179,4221
912,148,50,5016,5164
988,43,866,4348,4391
324,44,874,4383,4427
902,45,301,5000,5045
533,45,331,5015,5060
886,45,346,5045,5090
638,45,651,4785,4830
298,46,74,5407,5453
547,46,150,5377,5423
535,46,177,5396,5442
796,46,177,5442,5488
814,46,429,5236,5282
879,46,550,5161,5207
540,46,558,5199,5245
550,46,810,4993,5039
684,46,934,4915,4961
54,47,56,5839,5886
31,47,99,5843,5890
288,47,659,5330,5377
356,47,683,5353,5400
323,47,721,5362,5409
707,47,879,5251,5298
442,48,56,6121,6169
61,48,65,6160,6208
99,48,81,6192,6240
698,48,944,5377,5425
489,49,62,6307,6356
97,49,64,6354,6403
648,49,382,6085,6134
56,50,90,6426,6476
204,51,194,6372,6423
898,51,447,6170,6221
770,51,718,5950,6001
197,52,580,6139,6191
455,53,235,6536,6589
431,53,442,6382,6435
851,53,611,6266,6319
625,53,849,6081,6134
778,53,853,6130,6183
932,54,524,6512,6566
937,55,98,6992,7047
730,55,632,6513,6568
232,55,940,6260,6315
357,55,954,6301,6356
687,56,140,7170,7226
221,56,317,7049,7105
917,56,746,6676,6732
416,57,309,7169,7226
118,57,672,6863,6920
231,57,862,6730,6787
290,57,888,6761,6818
688,58,151,7555,7613
723,58,518,7246,7304
347,58,524,7298,7356
380,59,377,7503,7562
374,59,726,7213,7272
695,59,824,7174,7233
948,59,927,7130,7189
541,60,288,7828,7888
556,60,431,7745,7805
864,60,546,7690,7750
400,60,632,7664,7724
402,60,721,7635,7695
816,61,470,7946,8007
500,61,595,7882,7943
953,61,666,7872,7933
166,61,930,7669,7730
841,62,103,8557,8619
603,63,265,8457,8520
269,63,307,8478,8541
284,63,347,8501,8564
293,63,505,8406,8469
517,63,757,8217,8280
949,64,275,8762,8826
155,64,301,8800,8864
482,64,739,8426,8490
612,65,60,9169,9234
794,65,98,9196,9261
781,65,324,9035,9100
186,65,350,9074,9139
449,65,395,9094,9159
526,65,866,8688,8753
965,66,135,9484,9550
604,66,227,9458,9524
272,66,394,9357,9423
554,67,351,9466,9533
628,67,353,9531,9598
396,68,141,9810,9878
112,68,225,9794,9862
409,68,466,9621,9689
181,68,480,9675,9743
900,68,630,9593,9661
307,68,884,9407,9475
300,69,111,10248,10317
474,69,375,10053,10122
664,69,481,10016,10085
264,69,654,9912,9981
389,69,740,9895,9964
103,69,767,9937,10006
563,70,231,10542,10612
701,70,348,10495,10565
821,70,724,10189,10259
137,70,866,10117,10187
866,71,107,10946,11017
538,71,609,10515,10586
338,71,764,10431,10502
349,72,289,10977,11049
508,72,722,10616,10688
836,73,223,11187,11260
762,73,325,11158,11231
647,73,369,11187,11260
903,73,987,10642,10715
359,74,141,11561,11635
190,74,190,11586,11660
957,74,217,11633,11707
185,74,563,11361,11435
729,75,70,11928,12003
422,75,139,11934,12009
178,75,639,11509,11584
314,76,480,11743,11819
476,76,561,11738,11814
848,76,775,11600,11676
372,76,781,11670,11746
999,77,223,12304,12381
299,77,699,11905,11982
924,77,857,11824,11901
102,77,967,11791,11868
110,183,52,12677,12860
942,78,155,12757,12835
313,78,384,12606,12684
837,78,406,12662,12740
568,79,301,12845,12924
567,79,376,12849,12928
780,79,855,12449,12528
933,80,106,13277,13357
630,80,230,13233,13313
421,80,265,13278,13358
893,80,446,13177,13257
1000,80,671,13032,13112
309,80,759,13024,13104
106,80,826,13037,13117
609,80,975,12968,13048
968,81,354,13669,13750
346,81,427,13677,13758
626,81,860,13325,13406
470,81,948,13318,13399
295,82,643,13704,13786
745,82,996,13433,13515
998,84,906,13605,13689
832,85,314,14281,14366
845,85,680,14000,14085
368,86,693,14072,14158
970,86,813,14038,14124
717,87,70,14867,14954
116,87,620,14404,14491
375,88,58,15053,15141
943,88,344,14855,14943
509,88,478,14809,14897
247,88,881,14494,14582
326,88,917,14546,14634
673,88,962,14589,14677
159,89,985,14654,14743
616,90,431,15297,15387
884,90,923,14895,14985
682,91,116,15792,15883
774,91,507,15492,15583
927,92,341,15749,15841
593,92,513,15669,15761
486,92,544,15730,15822
182,92,865,15501,15593
699,92,999,15459,15551
362,93,357,16193,16286
735,93,429,16214,16307
789,93,495,16241,16334
919,93,600,16229,16322
117,93,861,16061,16154
916,94,109,16906,17000
395,94,400,16709,16803
656,94,412,16791,16885
909,94,631,16666,16760
950,95,223,17168,17263
199,95,248,17238,17333
119,96,224,17357,17453
650,96,707,16970,17066
585,97,319,17454,17551
154,97,343,17527,17624
164,97,839,17128,17225
705,98,375,17689,17787
584,98,667,17495,17593
596,98,716,17544,17642
559,98,965,17393,17491
328,98,994,17462,17560
353,99,475,18079,18178
566,99,851,17802,17901
134,100,299,18453,18553
925,100,545,18307,18407
245,100,618,18334,18434
773,100,840,18212,18312
731,101,196,18956,19057
195,101,669,18584,18685
904,102,311,19043,19145
555,102,624,18832,18934
537,103,116,19442,19545
129,103,317,19344,19447
855,103,714,19050,19153
663,104,211,19656,19760
392,104,331,19640,19744
286,104,774,19301,19405
955,104,795,19384,19488
294,104,950,19333,19437
834,104,973,19414,19518
302,105,782,19709,19814
405,105,994,19602,19707
793,106,266,20435,20541
979,106,465,20342,20448
360,106,481,20432,20538
539,107,67,20952,21059
238,107,206,20920,21027
850,107,469,20764,20871
384,108,352,20988,21096
858,108,849,20599,20707
577,110,70,21486,21596
510,110,206,21460,21570
281,110,240,21536,21646
358,110,617,21269,21379
502,111,106,21890,22001
451,111,314,21793,21904
644,111,478,21740,21851
739,111,739,21590,21701
975,112,599,21841,21953
619,113,714,21838,21951
882,113,738,21927,22040
125,113,924,21854,21967
177,114,257,22634,22748
748,114,812,22193,22307
973,115,419,22700,22815
285,115,454,22780,22895
849,116,88,23261,23377
460,116,124,23341,23457
329,116,386,23195,23311
936,116,574,23123,23239
747,116,577,23236,23352
485,117,656,23273,23390
336,119,340,23706,23825
982,119,366,23799,23918
759,119,857,23427,23546
335,121,152,24251,24372
248,121,903,23621,23742
746,123,418,24227,24350
833,124,209,24559,24683
147,124,936,23956,24080
632,125,161,24855,24980
800,125,991,24150,24275
734,126,416,24850,24976
843,126,683,24709,24835
153,127,352,25166,25293
677,127,359,25286,25413
607,127,362,25410,25537
496,127,623,25276,25403
726,129,311,25715,25844
971,129,902,25253,25382
410,129,946,25338,25467
623,130,63,26350,26480
674,130,280,26263,26393
534,130,708,25965,26095
343,130,797,26006,26136
874,130,871,26062,26192
809,132,60,27003,27135
629,132,135,27060,27192
367,132,254,27073,27205
289,132,949,26510,26642
552,133,227,27364,27497
417,133,239,27485,27618
817,133,277,27580,27713
790,133,334,27656,27789
244,133,453,27670,27803
776,133,863,27393,27526
120,133,882,27507,27640
351,134,263,28259,28393
580,134,476,28180,28314
627,134,492,28298,28432
243,134,597,28327,28461
752,134,686,28372,28506
378,134,727,28465,28599
878,134,730,28596,28730
978,134,785,28675,28809
740,134,839,28755,28889
947,135,142,29586,29721
634,135,164,29699,29834
135,135,354,29644,29779
891,135,563,29570,29705
532,135,568,29700,29835
161,135,964,29439,29574
952,136,193,30345,30481
786,137,170,30504,30641
795,137,534,30277,30414
257,137,745,30203,30340
123,137,999,30086,30223
149,138,290,30932,31070
974,138,702,30658,30796
960,140,630,30868,31008
582,140,945,30693,30833
545,141,377,31401,31542
271,142,188,31731,31873
131,142,645,31416,31558
660,142,810,31393,31535
121,143,72,32273,32416
670,143,577,31911,32054
507,143,654,31977,32120
458,143,716,32058,32201
473,144,409,32508,32652
477,145,56,33005,33150
365,145,382,32824,32969
553,145,407,32944,33089
706,145,430,33066,33211
737,145,742,32899,33044
575,145,795,32991,33136
562,146,117,33814,33960
718,146,254,33823,33969
109,146,410,33813,33959
142,146,523,33846,33992
867,146,603,33912,34058
158,146,742,33919,34065
913,146,911,33896,34042
676,147,677,34276,34423
754,147,849,34251,34398
424,148,85,35162,35310
262,148,346,35049,35197
827,148,430,35113,35261
601,149,270,35421,35570
958,149,330,35510,35659
944,149,722,35267,35416
383,149,770,35368,35517
595,150,154,36133,36283
908,150,221,36216,36366
428,150,689,35898,36048
819,150,895,35842,35992
959,151,80,36807,36958
215,151,106,36932,37083
382,151,149,37040,37191
690,151,693,36647,36798
291,151,907,36584,36735
297,152,131,37511,37663
213,152,174,37620,37772
234,152,644,37302,37454
425,152,795,37303,37455
497,153,438,37812,37965
637,155,368,38035,38190
107,155,459,38099,38254
240,155,966,37747,37902
268,156,165,38703,38859
160,156,924,38100,38256
478,157,601,38579,38736
969,157,684,38653,38810
415,157,871,38623,38780
883,158,414,39237,39395
642,159,277,39532,39691
838,159,464,39504,39663
249,159,557,39570,39729
906,159,788,39498,39657
274,160,90,40355,40515
635,160,239,40366,40526
305,160,251,40514,40674
176,160,376,40549,40709
713,161,133,40952,41113
732,161,257,40989,41150
141,161,438,40969,41130
996,162,225,41343,41505
592,162,587,41143,41305
393,162,797,41095,41257
825,162,957,41097,41259
758,163,125,42091,42254
661,163,449,41930,42093
828,163,654,41888,42051
697,163,974,41731,41894
787,164,103,42765,42929
308,164,140,42892,43056
301,164,290,42906,43070
239,164,699,42661,42825
560,164,718,42806,42970
175,165,208,43480,43645
223,165,350,43503,43668
419,165,620,43398,43563
587,166,243,43940,44106
719,166,454,43895,44061
792,166,478,44037,44203
724,166,516,44165,44331
963,166,730,44117,44283
235,166,742,44271,44437
394,168,296,44883,45051
791,168,622,44725,44893
655,168,760,44755,44923
146,169,320,45363,45532
355,169,709,45143,45312
743,169,757,45264,45433
191,169,870,45320,45489
985,170,58,46301,46471
870,170,361,46168,46338
506,170,713,45986,46156
228,170,971,45898,46068
803,171,684,46355,46526
721,171,856,46354,46525
708,172,375,47006,47178
528,172,649,46904,47076
928,172,658,47067,47239
143,172,917,46980,47152
386,173,272,47797,47970
345,173,990,47252,47425
685,174,613,47802,47976
799,174,957,47632,47806
871,175,195,48568,48743
337,175,842,48096,48271
561,175,897,48216,48391
617,175,994,48294,48469
704,176,554,48909,49085
876,177,472,49167,49344
662,177,523,49293,49470
683,177,711,49282,49459
187,177,969,49201,49378
951,178,952,49395,49573
261,178,959,49566,49744
439,179,195,50508,50687
461,179,298,50584,50763
488,179,593,50468,50647
209,180,183,51057,51237
779,180,184,51236,51416
633,180,353,51247,51427
484,180,698,51082,51262
889,181,149,51811,51992
993,181,623,51518,51699
133,182,540,51782,51964
546,183,133,52371,52554
651,183,168,52519,52702
273,183,358,52512,52695
977,183,738,52315,52498
150,184,362,52874,53058
987,185,437,52983,53168
646,185,715,52890,53075
282,185,957,52833,53018
388,186,157,53818,54004
513,186,348,53813,53999
573,186,960,53387,53573
292,187,105,54428,54615
972,187,271,54449,54636
224,187,682,54225,54412
440,187,734,54360,54547
829,187,987,54294,54481
407,188,519,54949,55137
692,188,712,54944,55132
765,188,912,54932,55120
418,189,367,55665,55854
961,189,898,55323,55512
339,190,132,56278,56468
465,190,832,55768,55958
462,190,983,55807,55997
899,191,58,56922,57113
941,191,123,57048,57239
432,192,804,56558,56750
715,192,879,56675,56867
173,193,77,57669,57862
157,193,490,57449,57642
216,193,797,57335,57528
981,193,870,57455,57648
914,194,278,58240,58434
574,194,530,58182,58376
652,194,647,58259,58453
710,194,831,58269,58463
856,195,441,58853,59048
256,195,459,59030,59225
278,195,529,59155,59350
994,195,647,59232,59427
544,195,829,59245,59440
738,195,832,59437,59632
113,196,140,60324,60520
751,196,288,60372,60568
875,196,440,60416,60612
606,196,473,60579,60775
414,196,532,60716,60912
766,196,767,60677,60873
208,196,810,60830,61026
280,196,844,60992,61188
885,197,299,61733,61930
741,197,445,61784,61981
613,197,592,61834,62031
250,197,780,61843,62040
602,198,77,62743,62941
579,198,492,62526,62724
327,199,263,62953,63152
672,199,520,62895,63094
214,199,607,63007,63206
772,200,477,63336,63536
369,200,510,63503,63703
376,201,157,64056,64257
420,201,291,64123,64324
481,201,863,63752,63953
894,202,108,64708,64910
242,202,383,64635,64837
905,202,757,64463,64665
350,202,764,64658,64860
114,202,892,64732,64934
711,202,920,64906,65108
865,203,550,65478,65681
277,203,571,65660,65863
104,203,616,65818,66021
938,203,857,65780,65983
493,204,749,66091,66295
276,205,82,66962,67167
454,205,88,67161,67366
939,205,415,67039,67244
530,205,485,67174,67379
519,205,604,67260,67465
218,206,147,67922,68128
736,206,804,67471,67677
495,207,354,68127,68334
890,207,388,68300,68507
901,207,520,68375,68582
702,207,752,68350,68557
296,207,756,68553,68760
373,208,503,69013,69221
581,208,674,69050,69258
162,209,174,69758,69967
720,209,278,69863,70072
631,210,894,69456,69666
714,211,100,70460,70671
413,211,207,70564,70775
233,211,272,70710,70921
241,211,687,70506,70717
861,212,551,70853,71065
863,212,724,70892,71104
196,213,69,71759,71972
499,214,728,71313,71527
820,214,952,71303,71517
379,215,397,72072,72287
956,215,490,72194,72409
733,215,606,72293,72508
387,215,777,72337,72552
810,215,839,72490,72705
430,215,894,72650,72865
618,216,232,73527,73743
341,216,852,73123,73339
725,216,916,73275,73491
453,217,139,74268,74485
693,217,190,74434,74651
976,217,247,74594,74811
167,217,332,74726,74943
340,217,358,74917,75134
361,217,462,75030,75247
344,218,168,75541,75759
755,218,233,75694,75912
354,219,514,75631,75850
494,220,134,76230,76450
515,220,985,75599,75819
5675,1,8002,116982,116983
7840,1,8073,116912,116913
2703,1,8180,116806,116807
2991,1,8433,116554,116555
3971,1,8458,116530,116531
6114,1,8509,116480,116481
2281,1,8539,116451,116452
3812,1,8597,116394,116395
3290,1,8621,116371,116372
8484,1,8733,116260,116261
7203,1,8762,116232,116233
9052,1,8908,116087,116088
6119,1,8918,116078,116079
7057,1,8964,116033,116034
2518,1,8985,116013,116014
8851,1,9042,115957,115958
6763,1,9076,115924,115925
8984,1,9166,115835,115836
3813,1,9235,115767,115768
4303,1,9406,115597,115598
9728,1,9591,115413,115414
4189,1,9663,115342,115343
9279,1,9715,115291,115292
2142,1,9717,115290,115291
2186,1,9825,115183,115184
4711,1,9912,115097,115098
511,221,560,124230,124451
805,221,755,124036,124257
8643,2,8002,117010,117012
6452,2,8022,116992,116994
8119,2,8027,116989,116991
9877,2,8074,116944,116946
9575,2,8133,116887,116889
4876,2,8194,116828,116830
5425,2,8233,116791,116793
1609,2,8328,116698,116700
2918,2,8438,116590,116592
4920,2,8586,116444,116446
9831,2,8633,116399,116401
7495,2,8844,116190,116192
3472,2,8877,116159,116161
3518,2,8892,116146,116148
2812,2,8936,116104,116106
3895,2,8970,116072,116074
9057,2,9134,115910,115912
6202,2,9236,115810,115812
5852,2,9268,115780,115782
6291,2,9281,115769,115771
7994,2,9282,115770,115772
9003,2,9283,115771,115773
9875,2,9424,115632,115634
8665,2,9455,115603,115605
4480,2,9462,115598,115600
4425,2,9474,115588,115590
3017,2,9478,115586,115588
8833,2,9565,115501,115503
4062,2,9579,115489,115491
9312,2,9601,115469,115471
9763,2,9683,115389,115391
6087,2,9717,115357,115359
6220,2,9719,115357,115359
1132,2,9728,115350,115352
8545,2,9734,115346,115348
3651,2,9795,115287,115289
2718,2,9876,115208,115210
5770,2,9894,115192,115194
815,222,104,124764,124986
598,222,142,124728,124950
728,222,435,124437,124659
835,222,490,124384,124606
202,222,888,123988,124210
654,222,951,123927,124149
2570,3,8035,117065,117068
6713,3,8048,117055,117058
9565,3,8111,116995,116998
9535,3,8178,116931,116934
8935,3,8215,116897,116900
4097,3,8254,116861,116864
7398,3,8356,116762,116765
4849,3,8473,116648,116651
6715,3,8548,116576,116579
9740,3,8555,116572,116575
6876,3,8593,116537,116540
9257,3,8602,116531,116534
6911,3,8641,116495,116498
6626,3,8665,116474,116477
7462,3,8725,116417,116420
3520,3,8787,116358,116361
6557,3,8804,116344,116347
1972,3,8810,116341,116344
6514,3,8946,116208,116211
5234,3,8970,116187,116190
8562,3,9028,116132,116135
1546,3,9138,116025,116028
1923,3,9142,116024,116027
9757,3,9273,115896,115899
4297,3,9319,115853,115856
4508,3,9335,115840,115843
9073,3,9347,115831,115834
2947,3,9354,115827,115830
5336,3,9375,115809,115812
1820,3,9503,115684,115687
5681,3,9538,115652,115655
2740,3,9554,115639,115642
2488,3,9763,115433,115436
7872,3,9769,115430,115433
9409,3,9800,115402,115405
5520,3,9923,115282,115285
390,223,97,124891,125114
859,223,538,124453,124676
115,223,569,124425,124648
983,223,956,124041,124264
7454,4,8014,117206,117210
4414,4,8050,117174,117178
7027,4,8102,117126,117130
4812,4,8118,117114,117118
8938,4,8189,117047,117051
6648,4,8208,117032,117036
6953,4,8220,117024,117028
4865,4,8238,117010,117014
1062,4,8244,117008,117012
4024,4,8416,116840,116844
2416,4,8452,116808,116812
8196,4,8546,116718,116722
9944,4,8561,116707,116711
7488,4,8621,116651,116655
3157,4,8639,116637,116641
9018,4,8676,116604,116608
8966,4,8710,116574,116578
8288,4,8739,116549,116553
2458,4,8878,116414,116418
4546,4,8879,116417,116421
5845,4,8887,116413,116417
5139,4,8896,116408,116412
4158,4,9240,116068,116072
4661,4,9318,115994,115998
9451,4,9457,115859,115863
2542,4,9509,115811,115815
9408,4,9541,115783,115787
9260,4,9629,115699,115703
9070,4,9657,115675,115679
2728,4,9666,115670,115674
7522,4,9666,115674,115678
6745,4,9669,115675,115679
3114,4,9684,115664,115668
5476,4,9692,115660,115664
2414,4,9695,115661,115665
7596,4,9708,115652,115656
4473,4,9760,115604,115608
9218,4,9762,115606,115610
3181,4,9778,115594,115598
1982,4,9808,115568,115572
5879,4,9853,115527,115531
9638,4,9956,115428,115432
9710,4,9973,115415,115419
306,224,130,125042,125266
258,224,373,124803,125027
910,224,482,124698,124922
483,224,520,124664,124888
869,224,524,124664,124888
624,224,969,124223,124447
3841,5,8068,117348,117353
8884,5,8075,117346,117351
9079,5,8085,117341,117346
4754,5,8243,117188,117193
1895,5,8339,117097,117102
2927,5,8345,117096,117101
2698,5,8399,117047,117052
9457,5,8479,116972,116977
7405,5,8566,116890,116895
2067,5,8574,116887,116892
9293,5,8609,116857,116862
1697,5,8730,116741,116746
4517,5,8760,116716,116721
4290,5,8834,116647,116652
9964,5,8911,116575,116580
1751,5,9052,116439,116444
5105,5,9112,116384,116389
3045,5,9148,116353,116358
3865,5,9153,116353,116358
5945,5,9278,116233,116238
2659,5,9424,116092,116097
4666,5,9460,116061,116066
6055,5,9486,116040,116045
4991,5,9514,116017,116022
5640,5,9566,115970,115975
4404,5,9636,115905,115910
2017,5,9797,115749,115754
3558,5,9839,115712,115717
756,225,556,124780,125005
931,225,716,124625,124850
1413,6,8023,117543,117549
1121,6,8074,117498,117504
8076,6,8082,117496,117502
9429,6,8084,117500,117506
5927,6,8244,117346,117352
1714,6,8269,117327,117333
2015,6,8425,117177,117183
6360,6,8464,117144,117150
4680,6,8488,117126,117132
7193,6,8673,116947,116953
1222,6,8753,116873,116879
9367,6,8781,116851,116857
2804,6,8805,116833,116839
7854,6,8808,116836,116842
2434,6,8831,116819,116825
7240,6,8902,116754,116760
8620,6,9221,116441,116447
7873,6,9233,116435,116441
3576,6,9367,116307,116313
4413,6,9496,116184,116190
5084,6,9553,116133,116139
5482,6,9659,116033,116039
4098,6,9687,116011,116017
8011,6,9748,115956,115962
9566,6,9794,115916,115922
9311,6,9891,115825,115831
4970,6,9931,115791,115797
564,226,897,124611,124837
668,226,927,124587,124813
4017,7,8116,117624,117631
1816,7,8145,117602,117609
3390,7,8203,117551,117558
9978,7,8226,117535,117542
9103,7,8261,117507,117514
1323,7,8339,117436,117443
8874,7,8357,117425,117432
8334,7,8421,117368,117375
6440,7,8464,117332,117339
2505,7,8505,117298,117305
2587,7,8531,117279,117286
7346,7,8545,117272,117279
5135,7,8581,117243,117250
3105,7,8710,117121,117128
9302,7,8773,117065,117072
1351,7,8868,116977,116984
4138,7,8988,116864,116871
8027,7,9266,116593,116600
2801,7,9353,116513,116520
1959,7,9354,116519,116526
4752,7,9356,116524,116531
8592,7,9472,116415,116422
1229,7,9508,116386,116393
7416,7,9819,116082,116089
7699,7,9852,116056,116063
6817,7,9967,115948,115955
4612,7,9985,115937,115944
304,227,188,125521,125748
212,227,215,125501,125728
5093,8,8031,117912,117920
6869,8,8033,117918,117926
2744,8,8066,117893,117901
4322,8,8128,117839,117847
7848,8,8203,117772,117780
3549,8,8254,117729,117737
6159,8,8353,117638,117646
2623,8,8360,117639,117647
9372,8,8398,117609,117617
1745,8,8577,117438,117446
7681,8,8612,117411,117419
6001,8,8615,117416,117424
9960,8,8691,117348,117356
4529,8,8825,117222,117230
4623,8,8929,117126,117134
7497,8,8935,117128,117136
7121,8,9051,117020,117028
4621,8,9149,116930,116938
5950,8,9322,116765,116773
3281,8,9339,116756,116764
7075,8,9339,116764,116772
2259,8,9385,116726,116734
2647,8,9436,116683,116691
2994,8,9516,116611,116619
8286,8,9614,116521,116529
9903,8,9718,116425,116433
5742,8,9797,116354,116362
2415,8,9875,116284,116292
2167,8,9896,116271,116279
7665,8,9896,116279,116287
2166,8,9950,116233,116241
398,228,108,125863,126091
237,228,133,125846,126074
342,228,330,125657,125885
918,228,381,125614,125842
170,228,902,125101,125329
9517,9,8044,118187,118196
2786,9,8086,118154,118163
5635,9,8249,118000,118009
8760,9,8255,118003,118012
5565,9,8291,117976,117985
7874,9,8354,117922,117931
7666,9,8417,117868,117877
9871,9,8583,117711,117720
9448,9,8616,117687,117696
9848,9,8736,117576,117585
8047,9,8848,117473,117482
2049,9,8932,117398,117407
2196,9,9138,117201,117210
4411,9,9217,117131,117140
4433,9,9223,117134,117143
9026,9,9268,117098,117107
9489,9,9275,117100,117109
2372,9,9281,117103,117112
1517,9,9348,117045,117054
7692,9,9352,117050,117059
8897,9,9460,116951,116960
9464,9,9534,116886,116895
7086,9,9625,116804,116813
9834,9,9653,116785,116794
9351,9,9676,116771,116780
6820,9,9723,116733,116742
8948,9,9763,116702,116711
8658,9,9855,116619,116628
9275,9,9890,116593,116602
5846,9,9891,116601,116610
1681,9,9967,116534,116543
480,229,103,126187,126416
801,229,275,126024,126253
888,229,382,125926,126155
764,229,605,125712,125941
980,229,788,125538,125767
2369,10,8118,118437,118447
8472,10,8147,118418,118428
3122,10,8172,118403,118413
3347,10,8204,118381,118391
6571,10,8221,118374,118384
7007,10,8230,118375,118385
7323,10,8401,118214,118224
3855,10,8460,118165,118175
7035,10,8469,118166,118176
4935,10,8549,118096,118106
6544,10,8732,117923,117933
7887,10,8739,117926,117936
1903,10,8760,117915,117925
2579,10,8771,117914,117924
1809,10,8867,117828,117838
1691,10,8877,117828,117838
9060,10,9023,117692,117702
4846,10,9083,117642,117652
6085,10,9093,117642,117652
2282,10,9118,117627,117637
9531,10,9267,117488,117498
5185,10,9299,117466,117476
1186,10,9389,117386,117396
1769,10,9390,117395,117405
1043,10,9463,117332,117342
1328,10,9527,117278,117288
3163,10,9610,117205,117215
8216,10,9741,117084,117094
8600,10,9741,117094,117104
1193,10,9768,117077,117087
3112,10,9890,116965,116975
1727,10,9903,116962,116972
989,230,78,126577,126807
907,230,114,126551,126781
846,230,452,126223,126453
873,230,556,126129,126359
7068,11,8105,118810,118821
8097,11,8150,118776,118787
7198,11,8195,118742,118753
6937,11,8262,118686,118697
9403,11,8389,118570,118581
5661,11,8649,118321,118332
4321,11,8653,118328,118339
6577,11,8744,118248,118259
5403,11,8786,118217,118228
7358,11,8851,118163,118174
4043,11,8854,118171,118182
3642,11,8863,118173,118184
1333,11,8874,118173,118184
2013,11,8975,118083,118094
2707,11,9074,117995,118006
3757,11,9156,117924,117935
7833,11,9179,117912,117923
6723,11,9192,117910,117921
3209,11,9257,117856,117867
2409,11,9316,117808,117819
1036,11,9345,117790,117801
3585,11,9355,117791,117802
8352,11,9443,117714,117725
9007,11,9447,117721,117732
7469,11,9496,117683,117694
1822,11,9580,117610,117621
7859,11,9701,117500,117511
4089,11,9714,117498,117509
7798,11,9715,117508,117519
2664,11,9878,117356,117367
3373,11,9935,117310,117321
492,231,514,126522,126753
467,231,763,126284,126515
7648,12,8010,119268,119280
7747,12,8030,119260,119272
8824,12,8087,119215,119227
7776,12,8185,119129,119141
8019,12,8186,119140,119152
2904,12,8409,118929,118941
5264,12,8432,118918,118930
8326,12,8488,118874,118886
6620,12,8503,118871,118883
9199,12,8527,118859,118871
9545,12,8531,118867,118879
6650,12,8576,118834,118846
4302,12,8592,118830,118842
3380,12,8680,118754,118766
9568,12,8752,118694,118706
4619,12,8780,118678,118690
2029,12,8782,118688,118700
1732,12,8823,118659,118671
4113,12,8848,118646,118658
4148,12,9055,118451,118463
3670,12,9115,118403,118415
2191,12,9219,118311,118323
2111,12,9276,118266,118278
5219,12,9292,118262,118274
4629,12,9314,118252,118264
3336,12,9334,118244,118256
1364,12,9466,118124,118136
8495,12,9520,118082,118094
1663,12,9555,118059,118071
5319,12,9568,118058,118070
9591,12,9597,118041,118053
9379,12,9731,117919,117931
8367,12,9755,117907,117919
2855,12,9756,117918,117930
5147,12,9782,117904,117916
9269,12,9790,117908,117920
5311,12,9810,117900,117912
1138,12,9852,117870,117882
7871,12,9897,117837,117849
2278,12,9933,117813,117825
8703,12,9992,117766,117778
915,232,349,127201,127433
6301,13,8026,119756,119769
4004,13,8061,119734,119747
2545,13,8095,119713,119726
5364,13,8291,119530,119543
1311,13,8331,119503,119516
4423,13,8523,119324,119337
7106,13,8525,119335,119348
7071,13,8560,119313,119326
9832,13,8606,119280,119293
8452,13,8667,119232,119245
8473,13,8737,119175,119188
9145,13,8830,119095,119108
7076,13,8864,119074,119087
8556,13,9047,118904,118917
8281,13,9056,118908,118921
6503,13,9209,118768,118781
6655,13,9264,118726,118739
2216,13,9269,118734,118747
1793,13,9436,118580,118593
3332,13,9548,118481,118494
5131,13,9709,118333,118346
2687,13,9756,118299,118312
9824,13,9809,118259,118272
6891,13,9865,118216,118229
2945,13,9920,118174,118187
8315,13,9950,118157,118170
521,233,177,127723,127956
222,233,306,127607,127840
171,233,379,127547,127780
588,233,659,127280,127513
263,233,845,127107,127340
750,233,968,126997,127230
2990,14,8004,120194,120208
7647,14,8392,119820,119834
1624,14,8632,119594,119608
1292,14,8684,119556,119570
1557,14,8706,119548,119562
3002,14,8736,119532,119546
8934,14,8761,119521,119535
2796,14,8882,119414,119428
6766,14,8905,119405,119419
5210,14,8918,119406,119420
6181,14,8954,119384,119398
6565,14,9258,119094,119108
5376,14,9259,119107,119121
2952,14,9324,119056,119070
7594,14,9390,119004,119018
5012,14,9432,118976,118990
6053,14,9434,118988,119002
9503,14,9517,118919,118933
7174,14,9549,118901,118915
6182,14,9556,118908,118922
3171,14,9574,118904,118918
8265,14,9655,118837,118851
1964,14,9843,118663,118677
4032,14,9958,118562,118576
7220,14,9969,118565,118579
558,234,287,128041,128275
700,234,952,127390,127624
5821,15,8009,120567,120582
2383,15,8035,120556,120571
4576,15,8084,120522,120537
1213,15,8132,120489,120504
6462,15,8157,120479,120494
3186,15,8294,120357,120372
3232,15,8345,120321,120336
9062,15,8419,120262,120277
1409,15,8424,120272,120287
4995,15,8482,120229,120244
9869,15,8487,120239,120254
1587,15,8510,120231,120246
7276,15,8734,120022,120037
1600,15,8854,119917,119932
7168,15,8928,119858,119873
8086,15,8943,119858,119873
7827,15,8968,119848,119863
1315,15,9020,119811,119826
4005,15,9097,119749,119764
5820,15,9149,119712,119727
2210,15,9492,119384,119399
7691,15,9576,119315,119330
9376,15,9607,119299,119314
8636,15,9620,119301,119316
1866,15,9716,119220,119235
9497,15,9827,119124,119139
4186,15,9880,119086,119101
6203,15,9952,119029,119044
6339,15,9961,119035,119050
9460,15,9994,119017,119032
860,235,85,128721,128956
512,235,372,128449,128684
696,235,502,128334,128569
260,235,792,128059,128294
464,235,941,127925,128160
6977,16,8023,121078,121094
9696,16,8223,120894,120910
3848,16,8312,120821,120837
3490,16,8485,120664,120680
8683,16,8626,120539,120555
1890,16,8733,120448,120464
4270,16,8734,120463,120479
5020,16,8769,120444,120460
2203,16,8826,120403,120419
4804,16,8903,120342,120358
4310,16,8998,120263,120279
2339,16,9039,120238,120254
5337,16,9128,120165,120181
9712,16,9162,120147,120163
3481,16,9287,120038,120054
5929,16,9334,120007,120023
1051,16,9390,119967,119983
3128,16,9426,119947,119963
3213,16,9566,119823,119839
5664,16,9667,119738,119754
1306,16,9756,119665,119681
2645,16,9760,119677,119693
4628,16,9916,119537,119553
622,236,138,129111,129347
681,236,317,128948,129184
144,236,341,128940,129176
557,236,436,128861,129097
680,236,798,128515,128751
4682,17,8086,121463,121480
1092,17,8124,121442,121459
3762,17,8151,121432,121449
5103,17,8238,121362,121379
6690,17,8240,121377,121394
5636,17,8248,121386,121403
2762,17,8320,121331,121348
2437,17,8363,121305,121322
3905,17,8426,121259,121276
2387,17,8555,121147,121164
5902,17,8563,121156,121173
1858,17,8564,121172,121189
8609,17,8611,121142,121159
6984,17,8684,121086,121103
7520,17,8700,121087,121104
5036,17,8705,121099,121116
9155,17,8730,121091,121108
5262,17,8758,121080,121097
5214,17,8769,121086,121103
6516,17,8803,121069,121086
4400,17,8944,120945,120962
7055,17,8949,120957,120974
2852,17,9043,120880,120897
5543,17,9070,120870,120887
2731,17,9174,120783,120800
1380,17,9185,120789,120806
5630,17,9197,120794,120811
3126,17,9201,120807,120824
6578,17,9222,120803,120820
5458,17,9301,120741,120758
4650,17,9469,120590,120607
2836,17,9619,120457,120474
4983,17,9681,120412,120429
1216,17,9697,120413,120430
1935,17,9831,120296,120313
7191,17,9884,120260,120277
188,237,397,129544,129781
940,237,406,129552,129789
434,237,680,129295,129532
600,237,900,129092,129329
5688,18,8020,122209,122227
1241,18,8076,122171,122189
9746,18,8081,122184,122202
1994,18,8083,122200,122218
9819,18,8110,122191,122209
8925,18,8120,122199,122217
3614,18,8160,122177,122195
8659,18,8274,122081,122099
9692,18,8293,122080,122098
5631,18,8325,122066,122084
5068,18,8488,121921,121939
6692,18,8503,121924,121942
7105,18,8580,121865,121883
2084,18,8581,121882,121900
4237,18,8679,121802,121820
7591,18,8865,121634,121652
7997,18,8896,121621,121639
6686,18,8905,121630,121648
6384,18,8910,121643,121661
4086,18,8915,121656,121674
7344,18,8972,121617,121635
6538,18,9119,121488,121506
3438,18,9192,121433,121451
6610,18,9443,121200,121218
2406,18,9578,121083,121101
3337,18,9599,121080,121098
5888,18,9686,121011,121029
4811,18,9804,120911,120929
4389,18,9817,120916,120934
1393,18,9895,120856,120874
5571,19,8011,122758,122777
1230,19,8044,122744,122763
9600,19,8149,122658,122677
9505,19,8166,122660,122679
7293,19,8170,122675,122694
6492,19,8186,122678,122697
6795,19,8192,122691,122710
9782,19,8213,122689,122708
4748,19,8293,122628,122647
6459,19,8426,122514,122533
7041,19,8448,122511,122530
8136,19,8520,122458,122477
7056,19,8568,122429,122448
7128,19,8598,122418,122437
8253,19,8660,122375,122394
4335,19,8727,122327,122346
9934,19,8747,122326,122345
7626,19,8786,122306,122325
3414,19,8789,122322,122341
3534,19,8835,122295,122314
7440,19,8887,122262,122281
5021,19,8963,122205,122224
7952,19,9038,122149,122168
9658,19,9056,122150,122169
2453,19,9131,122094,122113
6903,19,9216,122028,122047
6366,19,9229,122034,122053
2783,19,9391,121891,121910
3756,19,9584,121717,121736
7253,19,9938,121382,121401
1104,19,9998,121341,121360
4248,19,9998,121360,121379
504,239,283,130874,131113
4917,20,8008,123388,123408
7372,20,8169,123247,123267
1519,20,8269,123167,123187
4278,20,8433,123023,123043
2024,20,8436,123040,123060
2332,20,8545,122951,122971
4125,20,8547,122969,122989
1854,20,8569,122967,122987
5373,20,8599,122957,122977
6824,20,8667,122909,122929
9109,20,8705,122891,122911
8591,20,8753,122863,122883
8369,20,8902,122734,122754
2231,20,8988,122668,122688
9680,20,9013,122663,122683
9583,20,9044,122652,122672
4645,20,9074,122642,122662
6262,20,9097,122639,122659
1065,20,9139,122617,122637
3345,20,9151,122625,122645
7221,20,9170,122626,122646
3512,20,9453,122363,122383
3088,20,9503,122333,122353
2851,20,9628,122228,122248
1676,20,9659,122217,122237
1725,20,9732,122164,122184
9384,20,9735,122181,122201
2605,20,9807,122129,122149
6871,20,9807,122149,122169
4511,20,9941,122035,122055
4065,20,9979,122017,122037
763,240,420,131376,131616
6644,21,8047,123989,124010
3957,21,8140,123917,123938
9844,21,8141,123937,123958
8042,21,8296,123803,123824
8943,21,8503,123617,123638
8058,21,8598,123543,123564
1990,21,8621,123541,123562
8176,21,8634,123549,123570
1761,21,8653,123551,123572
2249,21,8725,123500,123521
8144,21,8772,123474,123495
1754,21,8895,123372,123393
5906,21,8920,123368,123389
3794,21,8963,123346,123367
2431,21,9041,123289,123310
6048,21,9222,123129,123150
4454,21,9717,122655,122676
6056,21,9730,122663,122684
2726,21,9760,122654,122675
4665,21,9843,122592,122613
3904,21,9860,122596,122617
6511,21,9978,122499,122520
811,241,60,132218,132459
391,241,229,132070,132311
6270,22,8040,124500,124522
4637,22,8199,124363,124385
9860,22,8275,124309,124331
6589,22,8306,124300,124322
9205,22,8446,124182,124204
6636,22,8460,124190,124212
6685,22,8464,124208,124230
8548,22,8466,124228,124250
7283,22,8478,124238,124260
5028,22,8694,124044,124066
4366,22,8784,123976,123998
7512,22,8825,123957,123979
5546,22,8831,123973,123995
2790,22,8903,123923,123945
8540,22,8998,123850,123872
2550,22,9024,123846,123868
3394,22,9038,123854,123876
7960,22,9134,123780,123802
5776,22,9282,123654,123676
6961,22,9287,123671,123693
4304,22,9323,123657,123679
6273,22,9327,123675,123697
6743,22,9400,123624,123646
7861,22,9452,123594,123616
8662,22,9601,123467,123489
7218,22,9712,123378,123400
9059,22,9745,123367,123389
6128,22,9983,123151,123173
1376,22,9996,123160,123182
8104,22,9997,123181,123203
813,242,569,132411,132653
225,242,667,132335,132577
140,242,750,132274,132516
5510,23,8097,125169,125192
1612,23,8241,125048,125071
9015,23,8290,125022,125045
8907,23,8339,124996,125019
4441,23,8345,125013,125036
4627,23,8520,124861,124884
5693,23,8529,124875,124898
7363,23,8637,124790,124813
3652,23,8676,124774,124797
4071,23,8753,124720,124743
2362,23,8754,124742,124765
9956,23,8839,124680,124703
1263,23,8867,124675,124698
4263,23,8881,124684,124707
9992,23,8925,124663,124686
5712,23,9108,124503,124526
6265,23,9211,124423,124446
8652,23,9367,124290,124313
2569,23,9374,124306,124329
5586,23,9389,124314,124337
5429,23,9529,124197,124220
1010,23,9543,124206,124229
5972,23,9577,124195,124218
7651,23,9658,124137,124160
7187,23,9711,124107,124130
6016,23,9723,124118,124141
6638,23,9794,124070,124093
7445,23,9833,124054,124077
9295,23,9849,124061,124084
2765,23,9852,124081,124104
8263,23,9917,124039,124062
1248,23,9995,123984,124007
438,243,593,133189,133432
412,243,969,132836,133079
3327,24,8101,125947,125971
5953,24,8159,125913,125937
2977,24,8292,125804,125828
3699,24,8398,125722,125746
9954,24,8469,125675,125699
6264,24,8561,125607,125631
6969,24,8579,125613,125637
6722,24,8655,125561,125585
8893,24,8656,125584,125608
5069,24,8804,125460,125484
7998,24,8839,125449,125473
3712,24,8955,125357,125381
7161,24,9020,125316,125340
5309,24,9023,125337,125361
2316,24,9161,125223,125247
4525,24,9201,125207,125231
4124,24,9241,125191,125215
5318,24,9354,125102,125126
6478,24,9555,124925,124949
2040,24,9631,124873,124897
3052,24,9687,124841,124865
7104,24,9719,124833,124857
5116,24,9721,124855,124879
4515,24,9809,124791,124815
2567,24,9814,124810,124834
3889,24,9844,124804,124828
2408,24,9903,124769,124793
2367,24,9967,124729,124753
967,244,639,133861,134105
334,244,658,133866,134110
505,244,881,133667,133911
6484,25,8066,126726,126751
4188,25,8135,126682,126707
1078,25,8159,126683,126708
2619,25,8169,126698,126723
4025,25,8194,126698,126723
7331,25,8243,126674,126699
3844,25,8275,126667,126692
6836,25,8446,126521,126546
6332,25,8524,126468,126493
2233,25,8540,126477,126502
9009,25,8601,126441,126466
4528,25,8626,126441,126466
7604,25,8802,126290,126315
8641,25,8821,126296,126321
9998,25,8822,126320,126345
6802,25,8903,126264,126289
1504,25,8937,126255,126280
5088,25,9082,126135,126160
3001,25,9134,126108,126133
2465,25,9189,126078,126103
9643,25,9201,126091,126116
5437,25,9357,125960,125985
6319,25,9470,125872,125897
9558,25,9597,125770,125795
4291,25,9659,125733,125758
4134,25,9678,125739,125764
2012,25,9679,125763,125788
8834,25,9763,125704,125729
8441,25,9798,125694,125719
9307,25,9903,125614,125639
1914,25,9988,125554,125579
1856,25,9996,125571,125596
267,245,370,135002,135247
995,245,525,134872,135117
824,245,595,134827,135072
7973,26,8196,127471,127497
8349,26,8244,127449,127475
3284,26,8293,127426,127452
7523,26,8357,127388,127414
7471,26,8475,127296,127322
7976,26,8524,127273,127299
2683,26,8538,127285,127311
1583,26,8540,127309,127335
2134,26,8663,127212,127238
9181,26,8725,127176,127202
1195,26,8769,127158,127184
5260,26,8778,127175,127201
9186,26,8787,127192,127218
9630,26,8835,127170,127196
7917,26,9026,127005,127031
9681,26,9039,127018,127044
6235,26,9045,127038,127064
2392,26,9075,127034,127060
6522,26,9077,127058,127084
9479,26,9411,126750,126776
3254,26,9449,126738,126764
9481,26,9463,126750,126776
2931,26,9496,126743,126769
8404,26,9509,126756,126782
2193,26,9598,126693,126719
5230,26,9598,126719,126745
7942,26,9669,126674,126700
1669,26,9732,126637,126663
7513,26,9913,126482,126508
7259,26,9939,126482,126508
1340,26,9944,126503,126529
6149,26,9954,126519,126545
7263,26,9990,126509,126535
2686,26,9994,126531,126557
997,246,195,136136,136382
406,246,780,135577,135823
9836,27,8010,128593,128620
6862,27,8025,128605,128632
4747,27,8081,128576,128603
3870,27,8198,128486,128513
1079,27,8269,128442,128469
9158,27,8295,128443,128470
8830,27,8434,128331,128358
5660,27,8552,128240,128267
5112,27,8577,128242,128269
7941,27,8583,128263,128290
2031,27,8585,128288,128315
3991,27,8631,128269,128296
6955,27,8743,128184,128211
5384,27,8753,128201,128228
2010,27,8855,128126,128153
8260,27,8919,128089,128116
9056,27,8984,128051,128078
3582,27,9000,128062,128089
7173,27,9162,127927,127954
6369,27,9210,127906,127933
6246,27,9257,127886,127913
4450,27,9272,127898,127925
4094,27,9463,127734,127761
4873,27,9544,127680,127707
3461,27,9702,127549,127576
6912,27,9742,127536,127563
4022,27,9749,127556,127583
1904,27,9797,127535,127562
211,247,329,136810,137057
990,247,447,136719,136966
571,247,467,136726,136973
9659,28,8033,129407,129435
3917,28,8080,129388,129416
8905,28,8166,129330,129358
7625,28,8272,129252,129280
3206,28,8322,129230,129258
7409,28,8405,129175,129203
5598,28,8464,129144,129172
1459,28,8524,129112,129140
6510,28,8568,129096,129124
8709,28,8586,129106,129134
6496,28,8607,129113,129141
9542,28,8637,129111,129139
6680,28,8816,128960,128988
3161,28,8852,128952,128980
5122,28,8885,128947,128975
6679,28,8886,128974,129002
8682,28,8899,128989,129017
5395,28,8970,128946,128974
5670,28,9092,128852,128880
4093,28,9103,128869,128897
9738,28,9186,128814,128842
6630,28,9283,128745,128773
4791,28,9496,128560,128588
5641,28,9504,128580,128608
2807,28,9592,128520,128548
4651,28,9737,128403,128431
1873,28,9753,128415,128443
1140,28,9881,128315,128343
5691,28,9893,128331,128359
401,248,521,137511,137759
9563,29,8086,130194,130223
7059,29,8125,130184,130213
2170,29,8212,130126,130155
3164,29,8325,130042,130071
9798,29,8461,129935,129964
5340,29,8476,129949,129978
2305,29,8486,129968,129997
6013,29,8501,129982,130011
1597,29,8553,129959,129988
1605,29,8736,129805,129834
3907,29,8799,129771,129800
3051,29,8861,129738,129767
4072,29,8876,129752,129781
9736,29,8941,129716,129745
7394,29,8955,129731,129760
2361,29,8995,129720,129749
3147,29,9009,129735,129764
8831,29,9031,129742,129771
4068,29,9141,129661,129690
1447,29,9200,129631,129660
5126,29,9253,129607,129636
7049,29,9257,129632,129661
8358,29,9321,129597,129626
5875,29,9415,129532,129561
2378,29,9522,129454,129483
6097,29,9532,129473,129502
8157,29,9536,129498,129527
9734,29,9537,129526,129555
1601,29,9575,129517,129546
8688,29,9643,129478,129507
6116,29,9797,129353,129382
3365,29,9865,129314,129343
3695,29,9888,129320,129349
1806,29,9896,129341,129370
9950,29,9900,129366,129395
9533,29,9919,129376,129405
4064,29,9937,129387,129416
1661,29,9948,129405,129434
1169,29,9958,129424,129453
194,249,112,139079,139328
962,249,278,138942,139191
945,249,813,138436,138685
785,249,891,138387,138636
9105,30,8014,131513,131543
4364,30,8074,131483,131513
9635,30,8077,131510,131540
7299,30,8096,131521,131551
9474,30,8163,131484,131514
4578,30,8262,131415,131445
9213,30,8287,131420,131450
6437,30,8414,131323,131353
4763,30,8415,131352,131382
4305,30,8732,131065,131095
4007,30,8754,131073,131103
6558,30,8754,131103,131133
7408,30,8758,131129,131159
1563,30,8780,131137,131167
2495,30,8887,131060,131090
8594,30,8902,131075,131105
4275,30,8915,131092,131122
9168,30,8970,131067,131097
7717,30,9004,131063,131093
3729,30,9089,131008,131038
6808,30,9089,131038,131068
1271,30,9372,130785,130815
1009,30,9383,130804,130834
5263,30,9385,130832,130862
9309,30,9496,130751,130781
9778,30,9511,130766,130796
1034,30,9515,130792,130822
4994,30,9594,130743,130773
5411,30,9972,130395,130425
8230,30,9996,130401,130431
8918,30,9996,130431,130461
1589,31,8092,132365,132396
7412,31,8146,132342,132373
2972,31,8147,132372,132403
9133,31,8196,132354,132385
1775,31,8254,132327,132358
9013,31,8273,132339,132370
5858,31,8409,132234,132265
3145,31,8519,132155,132186
6806,31,8557,132148,132179
3435,31,8621,132115,132146
2561,31,8685,132082,132113
8479,31,8700,132098,132129
5394,31,8723,132106,132137
8810,31,8736,132124,132155
3000,31,8815,132076,132107
2957,31,8858,132064,132095
6480,31,8887,132066,132097
2053,31,8914,132070,132101
7779,31,8926,132089,132120
2403,31,9024,132022,132053
7304,31,9047,132030,132061
5870,31,9195,131913,131944
5823,31,9237,131902,131933
9539,31,9318,131852,131883
8561,31,9342,131859,131890
5308,31,9366,131866,131897
4437,31,9386,131877,131908
9509,31,9524,131770,131801
3134,31,9538,131787,131818
8983,31,9566,131790,131821
2637,31,9605,131782,131813
7334,31,9621,131797,131828
7858,31,9634,131815,131846
5659,31,9645,131835,131866
8684,31,9706,131805,131836
7459,31,9767,131775,131806
4497,31,9890,131683,131714
3713,31,9893,131711,131742
4586,31,9940,131695,131726
7904,31,9952,131714,131745
148,251,112,141365,141616
253,251,143,141365,141616
641,251,311,141228,141479
403,251,367,141203,141454
151,251,395,141206,141457
254,251,463,141169,141420
5780,32,8021,133862,133894
2008,32,8080,133835,133867
3876,32,8096,133851,133883
8696,32,8124,133855,133887
2999,32,8181,133830,133862
1300,32,8230,133813,133845
6810,32,8264,133811,133843
3768,32,8281,133826,133858
9472,32,8285,133854,133886
4894,32,8291,133880,133912
8539,32,8310,133893,133925
3619,32,8339,133896,133928
4808,32,8415,133852,133884
4162,32,8560,133739,133771
4959,32,8597,133734,133766
3425,32,8631,133732,133764
4895,32,8640,133755,133787
1181,32,8661,133766,133798
7439,32,8676,133783,133815
1482,32,8717,133774,133806
6717,32,8837,133686,133718
3215,32,8838,133717,133749
8837,32,8843,133744,133776
3901,32,8878,133741,133773
7632,32,8878,133773,133805
9210,32,8942,133741,133773
1782,32,8954,133761,133793
1956,32,8956,133791,133823
5255,32,8965,133814,133846
7316,32,9151,133660,133692
8415,32,9183,133660,133692
8891,32,9264,133611,133643
6554,32,9563,133344,133376
1030,32,9664,133275,133307
7685,32,9696,133275,133307
3808,32,9966,133037,133069
2846,32,9996,133039,133071
991,252,384,142463,142715
130,252,845,142034,142286
4331,33,8228,134903,134936
7202,33,8423,134741,134774
7151,33,8589,134608,134641
1781,33,8614,134616,134649
3076,33,8760,134503,134536
9732,33,8802,134494,134527
2224,33,8888,134441,134474
8348,33,8952,134410,134443
8220,33,9055,134340,134373
1778,33,9077,134351,134384
5724,33,9287,134174,134207
5331,33,9313,134181,134214
5862,33,9349,134178,134211
3571,33,9375,134185,134218
4681,33,9379,134214,134247
9054,33,9400,134226,134259
9764,33,9423,134236,134269
2876,33,9577,134115,134148
8092,33,9594,134131,134164
9390,33,9679,134079,134112
8694,33,9787,134004,134037
8672,33,9860,133964,133997
311,253,158,143479,143732
514,253,206,143464,143717
193,253,556,143147,143400
1767,34,8046,135910,135944
9096,34,8175,135815,135849
8438,34,8226,135798,135832
6243,34,8291,135767,135801
1872,34,8368,135724,135758
3402,34,8481,135645,135679
9011,34,8481,135679,135713
3566,34,8609,135585,135619
5208,34,8642,135586,135620
2115,34,8823,135439,135473
8757,34,8849,135447,135481
2151,34,8879,135451,135485
8382,34,8920,135444,135478
3945,34,8928,135470,135504
2467,34,8968,135464,135498
4776,34,8973,135493,135527
8995,34,9108,135392,135426
2430,34,9123,135411,135445
7639,34,9243,135325,135359
6432,34,9308,135294,135328
7248,34,9373,135263,135297
2009,34,9482,135188,135222
3135,34,9523,135181,135215
2746,34,9749,134989,135023
8333,34,9783,134989,135023
6315,34,9906,134900,134934
3570,34,9922,134918,134952
9549,34,9979,134895,134929
252,254,203,144485,144739
881,254,350,144372,144626
640,254,791,143965,144219
1882,35,8049,136961,136996
7984,35,8054,136991,137026
1686,35,8127,136953,136988
2014,35,8162,136953,136988
1705,35,8306,136844,136879
1400,35,8309,136876,136911
9518,35,8408,136812,136847
7986,35,8426,136829,136864
7292,35,8504,136786,136821
7206,35,8565,136760,136795
4677,35,8581,136779,136814
9601,35,8606,136789,136824
1478,35,8672,136758,136793
7038,35,8720,136745,136780
3368,35,8809,136691,136726
8780,35,8812,136723,136758
7601,35,8824,136746,136781
8316,35,9022,136583,136618
1899,35,9140,136500,136535
6669,35,9353,136322,136357
5884,35,9438,136272,136307
1414,35,9485,136260,136295
2747,35,9565,136215,136250
9741,35,9566,136249,136284
4626,35,9635,136215,136250
5956,35,9651,136234,136269
7947,35,9694,136226,136261
1455,35,9738,136217,136252
3603,35,9781,136209,136244
1812,35,9833,136192,136227
2578,35,9834,136226,136261
1749,35,9889,136206,136241
3726,35,9905,136225,136260
3893,35,9914,136251,136286
862,255,149,145831,146086
445,255,266,145749,146004
583,255,751,145299,145554
433,255,847,145238,145493
1648,36,8019,138321,138357
9826,36,8020,138356,138392
6760,36,8228,138184,138220
7897,36,8273,138175,138211
3003,36,8535,137949,137985
2629,36,8575,137945,137981
4617,36,8623,137933,137969
7911,36,8624,137968,138004
8115,36,8632,137996,138032
2391,36,8754,137910,137946
7615,36,8767,137933,137969
1997,36,8769,137967,138003
1396,36,8798,137974,138010
6785,36,8807,138001,138037
1928,36,8810,138034,138070
7183,36,8940,137940,137976
3913,36,8997,137919,137955
9289,36,9110,137842,137878
4892,36,9187,137801,137837
7753,36,9225,137799,137835
9299,36,9229,137831,137867
2663,36,9247,137849,137885
1875,36,9251,137881,137917
7663,36,9262,137906,137942
9265,36,9314,137890,137926
3352,36,9351,137889,137925
1313,36,9368,137908,137944
7124,36,9461,137851,137887
2270,36,9610,137738,137774
4088,36,9637,137747,137783
1723,36,9684,137736,137772
3047,36,9741,137715,137751
5442,36,9778,137714,137750
5498,36,9883,137645,137681
9925,36,9976,137588,137624
9406,36,9990,137610,137646
6614,37,8045,139591,139628
9129,37,8071,139602,139639
6259,37,8164,139546,139583
4583,37,8345,139402,139439
1123,37,8364,139420,139457
9084,37,8448,139373,139410
1200,37,8451,139407,139444
8036,37,8496,139399,139436
5839,37,8554,139378,139415
5351,37,8565,139404,139441
5385,37,8574,139432,139469
3671,37,8602,139441,139478
2135,37,8658,139422,139459
6474,37,8704,139413,139450
8815,37,8704,139450,139487
6230,37,8763,139428,139465
6649,37,8764,139464,139501
6730,37,8808,139457,139494
8022,37,8810,139492,139529
7538,37,8873,139466,139503
2133,37,8882,139494,139531
1452,37,8905,139508,139545
2380,37,8987,139463,139500
9917,37,9143,139344,139381
9493,37,9176,139348,139385
2530,37,9186,139375,139412
8951,37,9385,139213,139250
5100,37,9386,139249,139286
7233,37,9436,139236,139273
7617,37,9512,139197,139234
9085,37,9528,139218,139255
5334,37,9535,139248,139285
3320,37,9617,139203,139240
9111,37,9637,139220,139257
2756,37,9706,139188,139225
4824,37,9724,139207,139244
4608,37,9744,139224,139261
2501,37,9792,139213,139250
3805,37,9904,139138,139175
1021,37,9905,139174,139211
7031,37,9921,139195,139232
4424,37,9923,139230,139267
7265,37,9956,139234,139271
771,257,326,148681,148938
2862,38,8093,141171,141209
7628,38,8229,141073,141111
2070,38,8230,141110,141148
1082,38,8363,141015,141053
2350,38,8398,141018,141056
7227,38,8399,141055,141093
6236,38,8477,141015,141053
4593,38,8511,141019,141057
6335,38,8519,141049,141087
3968,38,8646,140960,140998
3166,38,8660,140984,141022
4897,38,8678,141004,141042
2394,38,8682,141038,141076
2075,38,8749,141009,141047
9417,38,8829,140967,141005
4000,38,8887,140947,140985
9463,38,9109,140763,140801
5283,38,9163,140747,140785
1405,38,9339,140609,140647
8127,38,9456,140530,140568
5207,38,9492,140532,140570
2108,38,9567,140495,140533
3492,38,9572,140528,140566
7559,38,9609,140529,140567
2949,38,9639,140537,140575
3625,38,9793,140421,140459
6014,38,9864,140388,140426
1558,38,9952,140338,140376
639,258,234,149874,150132
317,258,462,149684,149942
255,258,578,149606,149864
503,258,721,149501,149759
8762,39,8072,142408,142447
5453,39,8104,142415,142454
2103,39,8125,142433,142472
4833,39,8180,142417,142456
8251,39,8284,142352,142391
3098,39,8369,142306,142345
1658,39,8495,142219,142258
1048,39,8539,142214,142253
7579,39,8571,142221,142260
6784,39,8584,142247,142286
3540,39,8666,142204,142243
9771,39,8784,142125,142164
4499,39,8824,142124,142163
3287,39,8908,142079,142118
6074,39,8915,142111,142150
3838,39,8919,142146,142185
2005,39,8973,142131,142170
1572,39,8976,142167,142206
5835,39,9024,142158,142197
8342,39,9040,142181,142220
5400,39,9052,142208,142247
2046,39,9302,141997,142036
9534,39,9377,141961,142000
8430,39,9523,141854,141893
4447,39,9575,141841,141880
3302,39,9784,141671,141710
9739,39,9803,141691,141730
8568,39,9933,141600,141639
441,259,812,150540,150799
8922,40,8186,143425,143465
1992,40,8223,143428,143468
5397,40,8325,143366,143406
8443,40,8435,143296,143336
1888,40,8440,143331,143371
3353,40,8496,143315,143355
9901,40,8722,143129,143169
7757,40,8763,143128,143168
3989,40,8798,143133,143173
8107,40,8806,143165,143205
3449,40,8826,143185,143225
9856,40,8850,143201,143241
1215,40,8950,143141,143181
3184,40,9002,143129,143169
4806,40,9096,143075,143115
1037,40,9150,143061,143101
9041,40,9162,143089,143129
4472,40,9163,143128,143168
6602,40,9183,143148,143188
2988,40,9190,143181,143221
6105,40,9248,143163,143203
6536,40,9295,143156,143196
9799,40,9303,143188,143228
3269,40,9355,143176,143216
9507,40,9367,143204,143244
8379,40,9463,143148,143188
4084,40,9592,143059,143099
2883,40,9606,143085,143125
6896,40,9703,143028,143068
4843,40,9793,142978,143018
3081,40,9840,142971,143011
9578,40,9923,142928,142968
5941,40,9986,142905,142945
753,260,502,152209,152469
466,260,772,151979,152239
4168,41,8043,144968,145009
5037,41,8074,144978,145019
9365,41,8393,144700,144741
9410,41,8405,144729,144770
1552,41,8549,144626,144667
1909,41,8606,144610,144651
1747,41,8747,144510,144551
2729,41,8804,144494,144535
6178,41,8820,144519,144560
2132,41,8822,144558,144599
1091,41,8858,144563,144604
2085,41,8876,144586,144627
2048,41,8889,144614,144655
2665,41,8958,144586,144627
4699,41,9232,144353,144394
5976,41,9264,144362,144403
8177,41,9300,144367,144408
5461,41,9356,144352,144393
6781,41,9397,144352,144393
6812,41,9457,144333,144374
2674,41,9483,144348,144389
6706,41,9592,144280,144321
7606,41,9624,144289,144330
2091,41,9651,144303,144344
4547,41,9821,144174,144215
5398,41,9919,144117,144158
887,261,249,153608,153869
569,261,865,153033,153294
8254,42,8000,146159,146201
4530,42,8040,146161,146203
7093,42,8063,146180,146222
8537,42,8093,146192,146234
5750,42,8103,146224,146266
5905,42,8188,146181,146223
2615,42,8241,146170,146212
9273,42,8257,146196,146238
7829,42,8266,146229,146271
6441,42,8374,146163,146205
2219,42,8493,146086,146128
1950,42,8513,146108,146150
5718,42,8601,146062,146104
4861,42,8651,146054,146096
1152,42,8871,145876,145918
6881,42,8905,145884,145926
1368,42,9361,145470,145512
3062,42,9373,145500,145542
8516,42,9568,145347,145389
8126,42,9627,145330,145372
1804,42,9657,145342,145384
7380,42,9776,145265,145307
5382,42,9825,145258,145300
2827,42,9958,145167,145209
536,262,303,154644,154906
446,262,690,154299,154561
678,262,791,154240,154502
1598,43,8004,147289,147332
2348,43,8011,147325,147368
1394,43,8102,147277,147320
8221,43,8209,147213,147256
9121,43,8210,147255,147298
5605,43,8443,147065,147108
4060,43,8549,147002,147045
9777,43,8606,146988,147031
8782,43,8662,146975,147018
5104,43,8672,147008,147051
3333,43,8699,147024,147067
5330,43,8716,147050,147093
4862,43,8727,147082,147125
9988,43,8738,147114,147157
8749,43,8740,147155,147198
5719,43,8884,147054,147097
9514,43,8899,147082,147125
5987,43,9010,147014,147057
6238,43,9025,147042,147085
9394,43,9103,147007,147050
6018,43,9204,146949,146992
7148,43,9207,146989,147032
2941,43,9359,146880,146923
2189,43,9413,146869,146912
2491,43,9536,146789,146832
8521,43,9797,146571,146614
7517,43,9848,146563,146606
8451,43,9908,146546,146589
3172,43,9950,146547,146590
4985,43,9961,146579,146622
1050,43,9962,146621,146664
929,263,569,155837,156100
5465,44,8152,148517,148561
5513,44,8191,148522,148566
1259,44,8308,148449,148493
8015,44,8335,148466,148510
2407,44,8353,148492,148536
6866,44,8436,148453,148497
2290,44,8447,148486,148530
5268,44,8462,148515,148559
7492,44,8509,148512,148556
3501,44,8647,148418,148462
6130,44,8675,148434,148478
1957,44,8693,148460,148504
5710,44,8695,148502,148546
1840,44,8734,148507,148551
3434,44,8743,148542,148586
3044,44,8921,148408,148452
3422,44,8922,148451,148495
4204,44,8927,148490,148534
4954,44,9023,148438,148482
8140,44,9100,148405,148449
8010,44,9315,148234,148278
5072,44,9377,148216,148260
1470,44,9396,148241,148285
3555,44,9502,148179,148223
7234,44,9627,148098,148142
3463,44,9786,147983,148027
3522,44,9825,147988,148032
5381,44,9878,147979,148023
542,264,56,157625,157889
8586,45,8093,149852,149897
2816,45,8110,149880,149925
7742,45,8191,149844,149889
7868,45,8261,149819,149864
1807,45,8337,149788,149833
1303,45,8363,149807,149852
8860,45,8426,149789,149834
8188,45,8478,149782,149827
1059,45,8523,149782,149827
5213,45,8683,149667,149712
2791,45,8761,149634,149679
5295,45,8920,149520,149565
9801,45,9039,149446,149491
3644,45,9100,149430,149475
7139,45,9200,149375,149420
1662,45,9240,149380,149425
5749,45,9411,149254,149299
9235,45,9473,149237,149282
7153,45,9500,149255,149300
8574,45,9509,149291,149336
6950,45,9525,149320,149365
9935,45,9574,149316,149361
8958,45,9581,149354,149399
9204,45,9632,149348,149393
2033,45,9671,149354,149399
6835,45,9695,149375,149420
7781,45,9716,149399,149444
6576,45,9736,149424,149469
2872,45,9788,149417,149462
7114,45,9895,149355,149400
6068,45,9940,149355,149400
4428,45,9965,149375,149420
184,265,124,159041,159306
283,265,714,158496,158761
4209,46,8027,151448,151494
2277,46,8043,151478,151524
3881,46,8057,151510,151556
3609,46,8073,151540,151586
5940,46,8161,151498,151544
2445,46,8248,151457,151503
1377,46,8366,151385,151431
9933,46,8413,151384,151430
7504,46,8428,151415,151461
7254,46,8468,151421,151467
3106,46,8523,151412,151458
2371,46,8562,151419,151465
2774,46,8609,151418,151464
6179,46,8630,151443,151489
1436,46,8810,151309,151355
1379,46,8815,151350,151396
8496,46,8853,151358,151404
6415,46,8870,151387,151433
4760,46,8886,151417,151463
6106,46,8954,151395,151441
3749,46,8960,151435,151481
4132,46,8999,151442,151488
6974,46,9119,151368,151414
4769,46,9136,151397,151443
9924,46,9179,151400,151446
6483,46,9227,151398,151444
7237,46,9287,151384,151430
8792,46,9352,151365,151411
8604,46,9456,151307,151353
8420,46,9518,151291,151337
2635,46,9617,151238,151284
5031,46,9639,151262,151308
4875,46,9722,151225,151271
4429,46,9781,151212,151258
4333,46,9784,151255,151301
4239,46,9837,151248,151294
7825,46,9907,151224,151270
3465,46,9950,151227,151273
6494,46,9965,151258,151304
4276,46,9987,151282,151328
8508,46,9997,151318,151364
331,266,176,160965,161231
548,266,332,160855,161121
270,266,483,160750,161016
531,266,960,160319,160585
2319,47,8091,153454,153501
9979,47,8211,153381,153428
4707,47,8304,153335,153382
6883,47,8361,153325,153372
2670,47,8379,153354,153401
7456,47,8402,153378,153425
2974,47,8437,153390,153437
9346,47,8524,153350,153397
8698,47,8530,153391,153438
1399,47,8668,153300,153347
2240,47,8673,153342,153389
6512,47,8707,153355,153402
1881,47,8725,153384,153431
8291,47,8761,153395,153442
2857,47,8812,153391,153438
2916,47,8856,153394,153441
3551,47,8871,153426,153473
5042,47,8902,153442,153489
2568,47,8923,153468,153515
8406,47,8965,153473,153520
4751,47,8970,153515,153562
9019,47,8997,153535,153582
8974,47,9018,153561,153608
9183,47,9028,153598,153645
4705,47,9119,153554,153601
2658,47,9386,153334,153381
6302,47,9551,153216,153263
5684,47,9591,153223,153270
4161,47,9636,153225,153272
2188,47,9693,153215,153262
4044,47,9713,153242,153289
3771,47,9781,153221,153268
5696,47,9783,153266,153313
8103,47,9831,153265,153312
7847,47,9897,153246,153293
2446,47,9918,153272,153319
3406,47,9993,153244,153291
529,267,455,162609,162876
450,267,554,162557,162824
768,267,903,162255,162522
9982,48,8003,155422,155470
3882,48,8005,155468,155516
5324,48,8018,155503,155551
2120,48,8110,155459,155507
3646,48,8214,155403,155451
5106,48,8230,155435,155483
3082,48,8392,155321,155369
1919,48,8604,155157,155205
5826,48,8620,155189,155237
7030,48,8627,155230,155278
6854,48,8698,155207,155255
4485,48,8805,155148,155196
9971,48,8907,155094,155142
4372,48,8948,155101,155149
5511,48,8965,155132,155180
7564,48,8975,155170,155218
7957,48,9025,155168,155216
9154,48,9191,155050,155098
9965,48,9247,155042,155090
9246,48,9344,154993,155041
5891,48,9402,154983,155031
1316,48,9536,154897,154945
3722,48,9573,154908,154956
7835,48,9601,154928,154976
1671,48,9624,154953,155001
6640,48,9663,154962,155010
8931,48,9773,154900,154948
1182,48,9919,154802,154850
4314,48,9934,154835,154883
2307,48,9964,154853,154901
397,268,705,163940,164208
1290,49,8070,156843,156892
8590,49,8368,156594,156643
4014,49,8411,156600,156649
3477,49,8621,156439,156488
4399,49,8709,156400,156449
9146,49,8870,156288,156337
8900,49,9016,156191,156240
4171,49,9080,156176,156225
8109,49,9088,156217,156266
4483,49,9093,156261,156310
9672,49,9154,156249,156298
5256,49,9169,156283,156332
6052,49,9246,156255,156304
5933,49,9287,156263,156312
2806,49,9298,156301,156350
6947,49,9347,156301,156350
6684,49,9569,156128,156177
1810,49,9584,156162,156211
8168,49,9646,156149,156198
9206,49,9714,156130,156179
7688,49,9715,156178,156227
9655,49,9746,156196,156245
2314,49,9806,156185,156234
3688,49,9826,156214,156263
4957,49,9878,156211,156260
2058,49,9950,156188,156237
6733,49,9975,156212,156261
8446,49,9988,156248,156297
798,269,88,165977,166246
744,269,643,165471,165740
597,269,709,165454,165723
8426,50,8068,158364,158414
8809,50,8449,158033,158083
1581,50,8607,157925,157975
5861,50,8700,157882,157932
8896,50,8702,157930,157980
6275,50,8779,157903,157953
6303,50,8836,157896,157946
1623,50,8855,157927,157977
1617,50,8861,157971,158021
5785,50,8957,157925,157975
7374,50,9091,157841,157891
8411,50,9204,157778,157828
3208,50,9211,157821,157871
4753,50,9235,157847,157897
5860,50,9241,157891,157941
4662,50,9257,157925,157975
9444,50,9314,157918,157968
2245,50,9330,157952,158002
1808,50,9492,157840,157890
7693,50,9678,157704,157754
9080,50,9682,157750,157800
5435,50,9691,157791,157841
4686,50,9772,157760,157810
6098,50,9820,157762,157812
6208,50,9821,157811,157861
5522,50,9862,157820,157870
761,270,588,166924,167194
4178,51,8001,159781,159832
8524,51,8054,159779,159830
4842,51,8119,159765,159816
5157,51,8155,159780,159831
2754,51,8276,159710,159761
5060,51,8286,159751,159802
7537,51,8336,159752,159803
1238,51,8392,159747,159798
7527,51,8470,159720,159771
3569,51,8473,159768,159819
9151,51,8585,159707,159758
8272,51,8707,159636,159687
3873,51,8785,159609,159660
8547,51,8801,159644,159695
3521,51,8924,159572,159623
3495,51,8955,159592,159643
4095,51,8955,159643,159694
3999,51,9072,159577,159628
4609,51,9072,159628,159679
8970,51,9283,159468,159519
5049,51,9427,159375,159426
8913,51,9432,159421,159472
4899,51,9476,159428,159479
7907,51,9502,159453,159504
9508,51,9516,159490,159541
5968,51,9557,159500,159551
7214,51,9903,159205,159256
6471,51,9967,159192,159243
456,271,65,168925,169196
475,271,382,168659,168930
111,271,425,168667,168938
4741,52,8046,161317,161369
6967,52,8124,161291,161343
8469,52,8134,161333,161385
9277,52,8208,161311,161363
6420,52,8223,161348,161400
1165,52,8362,161261,161313
9554,52,8454,161221,161273
1531,52,8455,161272,161324
3574,52,8460,161319,161371
5293,52,8575,161256,161308
4927,52,8623,161260,161312
3915,52,8633,161302,161354
5280,52,8660,161327,161379
6779,52,8677,161362,161414
5016,52,8870,161221,161273
6272,52,8916,161227,161279
6107,52,8943,161252,161304
1463,52,9014,161233,161285
3648,52,9077,161222,161274
2922,52,9201,161150,161202
6283,52,9348,161055,161107
2250,52,9516,160939,160991
6813,52,9636,160871,160923
5140,52,9730,160829,160881
7228,52,9834,160777,160829
1768,52,9879,160784,160836
9196,52,9886,160829,160881
8057,52,9953,160814,160866
8256,52,9995,160824,160876
330,272,292,170359,170631
8648,53,8046,162877,162930
2337,53,8155,162821,162874
3766,53,8292,162737,162790
1031,53,8595,162487,162540
8433,53,8633,162502,162555
6211,53,8726,162462,162515
3735,53,8741,162500,162553
3694,53,8762,162532,162585
4526,53,8790,162557,162610
5259,53,8793,162607,162660
9808,53,8855,162598,162651
6288,53,8857,162649,162702
7200,53,8864,162695,162748
2466,53,8887,162725,162778
9686,53,9045,162620,162673
2594,53,9048,162670,162723
2483,53,9160,162611,162664
7933,53,9207,162617,162670
5184,53,9287,162590,162643
8921,53,9341,162589,162642
3613,53,9423,162560,162613
7222,53,9425,162611,162664
2613,53,9433,162656,162709
4002,53,9494,162648,162701
3623,53,9524,162671,162724
6901,53,9582,162666,162719
1472,53,9631,162670,162723
2272,53,9687,162667,162720
1845,53,9703,162704,162757
3200,53,9823,162637,162690
4688,53,9893,162620,162673
5044,53,9910,162656,162709
946,273,827,171572,171845
5851,54,8005,164667,164721
3257,54,8075,164651,164705
5706,54,8082,164698,164752
7360,54,8157,164677,164731
8476,54,8211,164677,164731
4832,54,8225,164717,164771
9033,54,8269,164727,164781
2109,54,8410,164640,164694
4380,54,8438,164666,164720
3568,54,8536,164622,164676
3035,54,8562,164650,164704
1852,54,8621,164645,164699
8580,54,8630,164690,164744
5480,54,8732,164642,164696
9599,54,8744,164684,164738
9170,54,8798,164684,164738
6263,54,8862,164674,164728
5050,54,8871,164719,164773
5625,54,8945,164699,164753
6140,54,8990,164708,164762
8122,54,9017,164735,164789
4934,54,9092,164714,164768
8791,54,9100,164760,164814
4130,54,9155,164759,164813
1345,54,9161,164807,164861
5952,54,9212,164810,164864
1117,54,9214,164862,164916
7270,54,9219,164911,164965
9963,54,9309,164875,164929
3801,54,9352,164886,164940
3643,54,9482,164810,164864
9907,54,9501,164845,164899
1838,54,9550,164850,164904
7657,54,9586,164868,164922
1101,54,9663,164845,164899
9395,54,9815,164747,164801
6668,54,9844,164772,164826
3503,54,9861,164809,164863
3842,54,9867,164857,164911
8601,54,9910,164868,164922
4281,54,9993,164839,164893
443,274,988,173678,173952
7467,55,8081,166859,166914
7556,55,8196,166799,166854
8172,55,8283,166767,166822
8105,55,8314,166791,166846
8879,55,8321,166839,166894
8803,55,8602,166613,166668
1647,55,8638,166632,166687
5531,55,8844,166481,166536
3976,55,8868,166512,166567
1936,55,8921,166514,166569
9427,55,8929,166561,166616
2602,55,8965,166580,166635
6036,55,8978,166622,166677
4200,55,9018,166637,166692
9569,55,9025,166685,166740
5032,55,9194,166571,166626
3583,55,9249,166571,166626
7796,55,9294,166581,166636
7246,55,9380,166550,166605
3736,55,9472,166513,166568
3078,55,9604,166436,166491
3170,55,9635,166460,166515
6618,55,9964,166186,166241
8089,55,9998,166207,166262
586,275,381,175659,175934
312,275,572,175523,175798
727,275,884,175266,175541
1339,56,8100,168325,168381
7146,56,8155,168326,168382
8750,56,8171,168366,168422
9117,56,8411,168182,168238
8118,56,8554,168095,168151
2423,56,8707,167998,168054
7644,56,8832,167929,167985
1105,56,8848,167969,168025
1792,56,9021,167852,167908
5723,56,9075,167854,167910
8795,56,9149,167836,167892
2704,56,9233,167808,167864
6777,56,9273,167824,167880
4115,56,9325,167828,167884
2065,56,9454,167755,167811
5325,56,9494,167771,167827
1684,56,9521,167800,167856
7730,56,9563,167814,167870
4272,56,9583,167850,167906
4369,56,9652,167837,167893
4668,56,9700,167845,167901
4925,56,9792,167809,167865
8848,56,9847,167810,167866
8519,56,9877,167836,167892
4522,56,9949,167820,167876
986,276,347,177258,177534
5115,57,8016,169865,169922
3547,57,8043,169895,169952
7902,57,8106,169889,169946
5236,57,8157,169895,169952
7851,57,8216,169893,169950
3305,57,8248,169918,169975
1535,57,8356,169867,169924
4982,57,8398,169882,169939
7301,57,8425,169912,169969
8192,57,8425,169969,170026
5180,57,8451,170000,170057
7136,57,8455,170053,170110
2217,57,8674,169891,169948
4028,57,8766,169856,169913
6175,57,8802,169877,169934
1999,57,8930,169806,169863
4915,57,8997,169796,169853
5563,57,9046,169804,169861
8813,57,9099,169808,169865
9993,57,9240,169724,169781
2835,57,9385,169636,169693
9028,57,9415,169663,169720
8301,57,9509,169626,169683
4293,57,9674,169518,169575
5629,57,9718,169531,169588
2799,57,9770,169536,169593
7735,57,9819,169544,169601
2954,57,9885,169535,169592
7718,57,9888,169589,169646
6433,57,9922,169612,169669
712,277,87,179284,179561
101,277,265,179163,179440
802,277,408,179077,179354
653,277,679,178863,179140
364,277,691,178908,179185
5567,58,8005,171871,171929
5645,58,8031,171903,171961
4493,58,8038,171954,172012
3956,58,8075,171975,172033
8986,58,8093,172015,172073
8399,58,8198,171968,172026
6044,58,8203,172021,172079
7934,58,8235,172047,172105
3485,58,8237,172103,172161
2540,58,8245,172153,172211
2963,58,8410,172046,172104
8827,58,8604,171910,171968
9099,58,8606,171966,172024
8489,58,8677,171953,172011
5113,58,8704,171984,172042
4826,58,8739,172007,172065
3656,58,8766,172038,172096
9369,58,8863,171999,172057
5095,58,9213,171707,171765
7435,58,9231,171747,171805
8397,58,9258,171778,171836
1615,58,9295,171799,171857
3869,58,9633,171519,171577
5203,58,9649,171561,171619
8843,58,9682,171586,171644
5609,58,9793,171533,171591
6311,58,9890,171494,171552
9132,58,9890,171552,171610
8972,58,9949,171551,171609
804,278,629,180709,180987
5562,59,8027,173589,173648
9212,59,8034,173641,173700
2334,59,8039,173695,173754
5996,59,8135,173658,173717
7438,59,8237,173615,173674
8208,59,8332,173579,173638
4870,59,8367,173603,173662
5671,59,8389,173640,173699
3980,59,8401,173687,173746
6371,59,8469,173678,173737
3706,59,8499,173707,173766
1674,59,8555,173710,173769
8163,59,8674,173650,173709
5669,59,8686,173697,173756
4139,59,8852,173590,173649
9006,59,8898,173603,173662
6872,59,8949,173611,173670
8668,59,9059,173560,173619
2763,59,9134,173544,173603
6210,59,9136,173601,173660
6020,59,9150,173646,173705
1594,59,9210,173645,173704
7123,59,9228,173686,173745
6477,59,9235,173738,173797
3932,59,9283,173749,173808
8637,59,9292,173799,173858
2333,59,9311,173839,173898
6115,59,9368,173841,173900
7009,59,9710,173558,173617
7589,59,9763,173564,173623
3229,59,9768,173618,173677
9328,59,9905,173540,173599
1041,59,9935,173569,173628
9708,59,9953,173610,173669
3015,59,9968,173654,173713
189,279,260,183201,183480
9120,60,8118,175622,175682
9010,60,8344,175456,175516
1726,60,8406,175454,175514
7333,60,8410,175510,175570
5272,60,8451,175529,175589
7008,60,8451,175589,175649
7327,60,8482,175618,175678
7548,60,8495,175665,175725
6574,60,8629,175591,175651
8861,60,8673,175607,175667
5715,60,8691,175649,175709
4770,60,8699,175701,175761
6316,60,8894,175566,175626
2541,60,9011,175509,175569
5979,60,9149,175431,175491
6914,60,9189,175451,175511
7803,60,9244,175456,175516
7817,60,9403,175357,175417
9980,60,9471,175349,175409
9455,60,9506,175374,175434
6486,60,9539,175401,175461
1565,60,9674,175326,175386
3103,60,9677,175383,175443
3087,60,9772,175348,175408
7807,60,9821,175359,175419
3486,60,9921,175319,175379
8785,60,9948,175352,175412
934,280,317,184823,185103
806,280,486,184714,184994
152,280,574,184686,184966
180,280,771,184549,184829
5362,61,8160,177440,177501
5689,61,8179,177482,177543
2298,61,8189,177533,177594
1733,61,8204,177579,177640
5832,61,8262,177582,177643
7653,61,8354,177551,177612
9874,61,8370,177596,177657
5029,61,8394,177633,177694
8640,61,8563,177525,177586
8000,61,8579,177570,177631
9529,61,8621,177589,177650
7577,61,8644,177627,177688
3432,61,8661,177671,177732
3787,61,8980,177413,177474
6050,61,9299,177155,177216
1308,61,9319,177196,177257
3385,61,9323,177253,177314
6838,61,9331,177306,177367
2871,61,9384,177314,177375
4075,61,9458,177301,177362
8300,61,9476,177344,177405
7550,61,9482,177399,177460
4185,61,9578,177364,177425
7532,61,9596,177407,177468
1060,61,9630,177434,177495
9607,61,9746,177379,177440
5833,61,9798,177388,177449
9880,61,9934,177313,177374
1608,61,9998,177310,177371
172,281,278,186871,187152
3464,62,8089,179341,179403
8863,62,8181,179311,179373
4021,62,8183,179371,179433
6603,62,8185,179431,179493
2066,62,8260,179418,179480
8755,62,8354,179386,179448
9167,62,8359,179443,179505
1269,62,8370,179494,179556
2157,62,8425,179501,179563
8964,62,8464,179524,179586
9611,62,8542,179508,179570
8722,62,8571,179541,179603
5859,62,8661,179513,179575
1108,62,8663,179573,179635
6209,62,8928,179370,179432
6323,62,9064,179296,179358
7135,62,9067,179355,179417
4288,62,9069,179415,179477
9598,62,9072,179474,179536
5189,62,9110,179498,179560
5459,62,9143,179527,179589
7978,62,9177,179555,179617
7212,62,9271,179523,179585
8908,62,9347,179509,179571
6363,62,9480,179438,179500
7039,62,9494,179486,179548
5089,62,9498,179544,179606
1655,62,9517,179587,179649
5062,62,9569,179597,179659
9127,62,9783,179445,179507
7335,62,9946,179344,179406
667,282,267,188865,189147
463,282,496,188698,188980
576,282,624,188632,188914
5286,63,8086,181452,181515
4177,63,8221,181380,181443
5977,63,8287,181377,181440
9983,63,8352,181375,181438
7097,63,8468,181322,181385
8412,63,8481,181372,181435
1952,63,8576,181340,181403
7129,63,8589,181390,181453
7322,63,8600,181442,181505
4294,63,8627,181478,181541
5485,63,8722,181446,181509
5807,63,8821,181410,181473
3557,63,8953,181341,181404
6724,63,8995,181362,181425
9211,63,9182,181238,181301
3137,63,9231,181252,181315
8130,63,9236,181310,181373
6489,63,9271,181338,181401
3519,63,9288,181384,181447
9511,63,9496,181239,181302
4558,63,9527,181271,181334
6652,63,9590,181271,181334
7357,63,9715,181209,181272
5606,63,9824,181163,181226
9012,63,9875,181175,181238
7575,63,9977,181136,181199
487,283,256,190700,190983
797,283,683,190336,190619
363,283,816,190266,190549
716,283,851,190294,190577
6992,64,8061,183367,183431
3938,64,8074,183418,183482
5618,64,8373,183183,183247
9055,64,8401,183219,183283
7286,64,8409,183275,183339
4183,64,8472,183276,183340
5383,64,8618,183194,183258
3499,64,8666,183210,183274
3598,64,8696,183244,183308
8392,64,8724,183280,183344
4607,64,8735,183333,183397
2844,64,8858,183274,183338
4975,64,8921,183275,183339
1157,64,9159,183101,183165
4512,64,9182,183142,183206
8310,64,9222,183166,183230
5329,64,9224,183228,183292
3308,64,9262,183254,183318
8388,64,9341,183239,183303
5099,64,9356,183288,183352
4309,64,9361,183347,183411
2164,64,9516,183256,183320
4362,64,9529,183307,183371
5430,64,9574,183326,183390
9378,64,9701,183263,183327
5146,64,9734,183294,183358
3020,64,9782,183310,183374
5344,64,9912,183244,183308
203,284,200,192800,193084
265,284,201,192863,193147
777,284,362,192766,193050
2273,65,8021,185391,185456
4942,65,8135,185342,185407
3214,65,8304,185238,185303
8179,65,8374,185233,185298
3629,65,8427,185245,185310
4137,65,8487,185250,185315
1915,65,8550,185252,185317
4663,65,8574,185293,185358
8583,65,8639,185293,185358
4860,65,8647,185350,185415
1221,65,8657,185405,185470
8245,65,8704,185423,185488
8018,65,8710,185482,185547
3626,65,8733,185524,185589
7558,65,8764,185558,185623
4527,65,8915,185472,185537
2626,65,8973,185479,185544
9023,65,8973,185544,185609
6973,65,9014,185568,185633
4647,65,9015,185632,185697
8347,65,9071,185641,185706
1348,65,9152,185625,185690
9839,65,9169,185673,185738
6844,65,9171,185736,185801
9485,65,9171,185801,185866
7741,65,9269,185768,185833
7384,65,9312,185790,185855
9327,65,9320,185847,185912
9264,65,9377,185855,185920
9439,65,9411,185886,185951
9004,65,9586,185776,185841
4063,65,9787,185640,185705
3597,65,9872,185620,185685
3580,65,9922,185635,185700
2657,65,9964,185658,185723
4519,65,9989,185698,185763
782,285,231,195301,195586
448,285,425,195172,195457
201,285,886,194776,195061
5161,66,8094,187853,187919
6548,66,8105,187908,187974
5819,66,8313,187766,187832
3970,66,8339,187806,187872
8735,66,8412,187799,187865
1343,66,8434,187843,187909
2198,66,8466,187877,187943
3124,66,8543,187866,187932
6075,66,8554,187921,187987
3247,66,8570,187971,188037
3823,66,8735,187872,187938
5918,66,8735,187938,188004
9292,66,8857,187882,187948
5582,66,8951,187854,187920
6792,66,8969,187902,187968
6416,66,9007,187930,187996
6298,66,9125,187878,187944
4676,66,9187,187882,187948
6500,66,9235,187900,187966
1469,66,9252,187949,188015
1929,66,9368,187899,187965
2143,66,9501,187832,187898
6372,66,9576,187823,187889
9859,66,9586,187879,187945
7210,66,9592,187939,188005
1576,66,9730,187867,187933
6200,66,9739,187924,187990
6979,66,9813,187916,187982
1586,66,9838,187957,188023
9705,66,9912,187949,188015
9861,66,9921,188006,188072
259,286,278,197495,197781
518,286,346,197493,197779
1487,67,8028,190097,190164
6109,67,8133,190059,190126
7631,67,8201,190058,190125
8360,67,8303,190023,190090
3741,67,8314,190079,190146
7455,67,8366,190094,190161
3006,67,8556,189971,190038
6847,67,8577,190017,190084
4222,67,8683,189978,190045
6831,67,8692,190036,190103
6423,67,8715,190080,190147
1611,67,8730,190132,190199
2959,67,8733,190196,190263
1443,67,8740,190256,190323
8805,67,9038,190025,190092
2041,67,9250,189880,189947
8165,67,9264,189933,190000
6287,67,9289,189975,190042
3334,67,9296,190035,190102
1653,67,9400,189998,190065
6592,67,9469,189996,190063
2261,67,9505,190027,190094
9097,67,9562,190037,190104
7813,67,9587,190079,190146
5590,67,9890,189843,189910
4799,67,9957,189843,189910
207,287,64,199583,199870
318,287,492,199222,199509
472,287,712,199069,199356
784,287,900,198948,199235
2772,68,8088,192047,192115
2624,68,8130,192073,192141
1144,68,8197,192074,192142
9173,68,8288,192051,192119
8514,68,8428,191979,192047
7207,68,8439,192036,192104
3220,68,8641,191902,191970
6197,68,8811,191800,191868
6035,68,8977,191702,191770
3195,68,8999,191748,191816
5368,68,9183,191632,191700
7675,68,9200,191683,191751
5685,68,9210,191741,191809
6347,68,9275,191744,191812
2266,68,9296,191791,191859
7573,68,9335,191820,191888
7705,68,9350,191873,191941
8725,68,9411,191880,191948
8567,68,9422,191937,192005
9512,68,9523,191904,191972
1590,68,9676,191819,191887
5686,68,9775,191788,191856
3154,68,9824,191807,191875
7898,68,9846,191853,191921
1710,68,9936,191831,191899
163,288,136,201479,201767
694,288,294,201389,201677
423,288,597,201154,201442
6822,69,8055,193984,194053
3632,69,8070,194038,194107
7614,69,8077,194100,194169
1420,69,8144,194102,194171
8917,69,8204,194111,194180
2742,69,8306,194078,194147
6226,69,8347,194106,194175
5597,69,8451,194071,194140
5847,69,8491,194100,194169
1588,69,8609,194051,194120
8618,69,8703,194026,194095
5760,69,8769,194029,194098
1212,69,8816,194051,194120
3572,69,9067,193869,193938
9336,69,9068,193937,194006
3019,69,9141,193933,194002
3104,69,9182,193961,194030
3377,69,9365,193847,193916
1631,69,9375,193906,193975
5361,69,9486,193864,193933
1668,69,9637,193782,193851
5192,69,9736,193752,193821
2853,69,9743,193814,193883
8872,69,9865,193761,193830
8664,69,9878,193817,193886
6741,69,9885,193879,193948
658,289,698,202915,203204
8980,70,8102,195800,195870
9974,70,8117,195855,195925
5102,70,8444,195598,195668
7159,70,8585,195527,195597
2539,70,8592,195590,195660
5754,70,8623,195629,195699
2678,70,8628,195694,195764
7894,70,8628,195764,195834
8120,70,8630,195832,195902
3606,70,8650,195882,195952
5393,70,8687,195915,195985
7343,70,8803,195869,195939
4971,70,8966,195776,195846
8069,70,8987,195825,195895
7563,70,9074,195808,195878
8707,70,9088,195864,195934
9267,70,9250,195772,195842
2808,70,9274,195818,195888
5547,70,9342,195820,195890
9867,70,9488,195744,195814
2759,70,9535,195767,195837
9816,70,9550,195822,195892
8646,70,9553,195889,195959
4943,70,9640,195872,195942
7812,70,9673,195909,195979
3013,70,9682,195970,196040
2838,70,9694,196028,196098
7650,70,9698,196094,196164
8534,70,9832,196030,196100
8854,70,9836,196096,196166
5305,70,9897,196105,196175
6239,70,9972,196100,196170
6590,70,9999,196143,196213
126,290,73,205919,206209
671,290,628,205434,205724
427,290,938,205194,205484
3408,71,8020,198402,198473
8724,71,8127,198366,198437
7429,71,8162,198402,198473
7914,71,8183,198452,198523
7676,71,8202,198504,198575
2044,71,8204,198573,198644
7896,71,8204,198644,198715
9631,71,8247,198672,198743
5741,71,8248,198742,198813
9663,71,8255,198806,198877
6122,71,8381,198751,198822
5726,71,8461,198742,198813
3433,71,8545,198729,198800
5849,71,8628,198717,198788
1559,71,8731,198685,198756
4144,71,8755,198732,198803
1752,71,8766,198792,198863
8227,71,8796,198833,198904
2194,71,8866,198834,198905
7338,71,9044,198727,198798
3187,71,9061,198781,198852
4420,71,9156,198757,198828
7461,71,9187,198797,198868
7530,71,9221,198834,198905
5757,71,9353,198773,198844
9902,71,9356,198841,198912
9248,71,9434,198834,198905
9991,71,9438,198901,198972
4544,71,9463,198947,199018
9605,71,9475,199006,199077
5238,71,9494,199058,199129
5695,71,9528,199095,199166
2936,71,9588,199106,199177
3030,71,9695,199070,199141
1574,71,9850,198986,199057
5602,71,9905,199002,199073
5998,71,9930,199048,199119
767,291,122,208707,208998
156,291,972,207928,208219
4220,72,8084,201107,201179
3321,72,8109,201154,201226
3660,72,8161,201174,201246
6645,72,8170,201237,201309
5867,72,8212,201267,201339
6310,72,8290,201261,201333
6732,72,8328,201295,201367
5470,72,8349,201346,201418
5338,72,8467,201300,201372
5193,72,8594,201245,201317
3273,72,8910,201001,201073
7722,72,8953,201030,201102
3737,72,8956,201099,201171
5690,72,9011,201116,201188
7541,72,9017,201182,201254
6664,72,9026,201245,201317
2030,72,9064,201279,201351
7395,72,9089,201326,201398
8571,72,9182,201305,201377
2967,72,9193,201366,201438
8915,72,9198,201433,201505
8642,72,9222,201481,201553
6411,72,9223,201552,201624
5999,72,9230,201617,201689
3403,72,9242,201677,201749
6902,72,9480,201511,201583
9770,72,9522,201541,201613
4491,72,9552,201583,201655
1656,72,9653,201554,201626
5464,72,9683,201596,201668
5055,72,9750,201601,201673
4573,72,9805,201618,201690
4256,72,9862,201633,201705
5788,72,9917,201650,201722
5323,72,9942,201697,201769
935,292,147,211344,211636
333,292,288,211275,211567
565,292,618,211017,211309
174,292,636,211071,211363
371,292,673,211106,211398
8961,73,8087,203984,204057
6390,73,8217,203927,204000
4243,73,8220,203997,204070
8061,73,8242,204048,204121
8357,73,8298,204065,204138
2588,73,8341,204095,204168
6646,73,8411,204098,204171
7959,73,8458,204124,204197
5341,73,8467,204188,204261
8885,73,8567,204161,204234
9393,73,8640,204161,204234
9646,73,8688,204186,204259
3867,73,8696,204251,204324
5370,73,8807,204213,204286
3482,73,9005,204088,204161
2379,73,9011,204155,204228
9045,73,9022,204217,204290
7668,73,9024,204288,204361
2389,73,9080,204305,204378
2427,73,9083,204375,204448
4385,73,9086,204445,204518
1180,73,9151,204453,204526
1869,73,9222,204455,204528
4777,73,9325,204425,204498
9116,73,9352,204471,204544
6907,73,9358,204538,204611
9465,73,9387,204582,204655
7397,73,9460,204582,204655
9331,73,9648,204467,204540
4792,73,9760,204428,204501
9017,73,9774,204487,204560
7637,73,9931,204403,204476
5444,73,9977,204430,204503
316,293,78,214182,214475
491,293,527,213806,214099
614,293,868,213538,213831
3973,74,8165,206534,206608
2035,74,8173,206600,206674
2800,74,8219,206628,206702
5816,74,8283,206638,206712
2576,74,8410,206585,206659
7407,74,8412,206657,206731
1698,74,8467,206676,206750
2232,74,8747,206470,206544
4343,74,9044,206247,206321
9239,74,9212,206153,206227
5656,74,9219,206220,206294
6917,74,9352,206161,206235
3610,74,9368,206219,206293
6720,74,9438,206223,206297
4951,74,9596,206139,206213
3827,74,9670,206139,206213
3857,74,9705,206178,206252
3539,74,9720,206237,206311
4891,74,9751,206280,206354
1660,74,9768,206337,206411
3242,74,9914,206265,206339
6946,74,9937,206316,206390
6382,74,9951,206376,206450
2262,74,9954,206447,206521
5705,74,9954,206521,206595
1864,74,9997,206552,206626
589,294,196,216207,216501
429,294,383,216094,216388
892,294,547,216004,216298
524,294,661,215964,216258
911,294,752,215947,216241
686,294,954,215819,216113
549,294,989,215858,216152
9829,75,8059,209082,209157
3226,75,8081,209135,209210
4835,75,8184,209107,209182
8957,75,8265,209101,209176
1494,75,8281,209160,209235
8424,75,8296,209220,209295
5199,75,8345,209246,209321
5142,75,8377,209289,209364
1295,75,8429,209312,209387
8465,75,8482,209334,209409
4653,75,8512,209379,209454
5245,75,8672,209294,209369
3796,75,8709,209332,209407
5921,75,8813,209303,209378
5782,75,8824,209367,209442
4408,75,8826,209440,209515
4460,75,8995,209346,209421
3417,75,9107,209309,209384
5217,75,9140,209351,209426
5622,75,9242,209324,209399
6330,75,9282,209359,209434
5648,75,9433,209283,209358
7963,75,9442,209349,209424
1444,75,9530,209336,209411
5170,75,9565,209376,209451
3316,75,9602,209414,209489
7510,75,9893,209198,209273
3720,75,9926,209240,209315
6729,75,9970,209271,209346
200,295,133,218963,219258
322,295,420,218751,219046
3584,76,8033,211433,211509
2235,76,8093,211449,211525
5423,76,8127,211491,211567
8982,76,8133,211561,211637
8727,76,8166,211604,211680
6997,76,8213,211633,211709
3767,76,8237,211685,211761
8149,76,8427,211571,211647
7184,76,8709,211365,211441
8455,76,8746,211404,211480
5869,76,8749,211477,211553
1688,76,8827,211475,211551
5794,76,8856,211522,211598
4506,76,8938,211516,211592
5917,76,8971,211559,211635
4533,76,9087,211519,211595
9024,76,9182,211500,211576
5912,76,9202,211556,211632
1545,76,9245,211589,211665
9818,76,9289,211621,211697
2011,76,9309,211677,211753
4300,76,9316,211746,211822
4507,76,9377,211761,211837
7783,76,9381,211833,211909
2463,76,9431,211859,211935
4880,76,9481,211885,211961
5627,76,9593,211849,211925
5889,76,9955,211563,211639
4706,76,9967,211627,211703
320,296,730,220720,221016
5401,77,8042,213704,213781
5034,77,8094,213729,213806
6778,77,8142,213758,213835
8759,77,8162,213815,213892
8589,77,8205,213849,213926
6543,77,8207,213924,214001
4579,77,8291,213917,213994
9748,77,8391,213894,213971
1317,77,8418,213944,214021
7698,77,8439,214000,214077
9522,77,8509,214007,214084
3773,77,8515,214078,214155
4218,77,8566,214104,214181
4067,77,8571,214176,214253
6367,77,8791,214033,214110
8794,77,8859,214042,214119
9541,77,8930,214048,214125
9478,77,9219,213836,213913
1236,77,9298,213834,213911
3392,77,9338,213871,213948
1205,77,9351,213935,214012
1116,77,9374,213989,214066
3268,77,9609,213831,213908
4703,77,9849,213668,213745
5426,77,9942,213652,213729
818,297,442,223009,223306
831,297,523,223005,223302
139,297,706,222899,223196
490,297,733,222949,223246
4786,78,8074,215905,215983
4597,78,8149,215908,215986
4945,78,8151,215984,216062
5237,78,8207,216006,216084
8401,78,8207,216084,216162
7252,78,8210,216159,216237
1735,78,8251,216196,216274
8244,78,8301,216224,216302
9837,78,8313,216290,216368
7623,78,8391,216290,216368
7195,78,8484,216275,216353
4332,78,8546,216291,216369
6654,78,8752,216163,216241
7927,78,8767,216226,216304
8189,78,8771,216300,216378
4184,78,8810,216339,216417
1217,78,8852,216375,216453
7073,78,8865,216440,216518
6962,78,8868,216515,216593
4373,78,8966,216495,216573
4798,78,9153,216386,216464
8536,78,9185,216432,216510
3683,78,9398,216297,216375
9810,78,9495,216278,216356
9723,78,9497,216354,216432
7386,78,9613,216316,216394
6271,78,9617,216390,216468
6166,78,9625,216460,216538
7313,78,9729,216434,216512
9263,78,9821,216420,216498
1114,78,9822,216497,216575
6254,78,9872,216525,216603
5156,78,9931,216544,216622
923,298,218,226115,226413
206,298,348,226063,226361
722,298,532,225957,226255
570,298,808,225759,226057
8102,79,8052,218813,218892
7652,79,8110,218834,218913
3222,79,8235,218788,218867
6040,79,8258,218844,218923
9833,79,8408,218773,218852
6030,79,8472,218788,218867
7946,79,8512,218827,218906
4540,79,8792,218626,218705
7260,79,8793,218704,218783
9298,79,8806,218770,218849
9315,79,8864,218791,218870
4009,79,8888,218846,218925
9845,79,8899,218914,218993
2716,79,8909,218983,219062
4074,79,8924,219047,219126
9846,79,8933,219117,219196
6540,79,8990,219139,219218
2609,79,8992,219216,219295
5067,79,9196,219091,219170
5716,79,9208,219158,219237
3892,79,9360,219085,219164
4716,79,9547,218977,219056
4944,79,9708,218895,218974
6118,79,9742,218940,219019
2494,79,9871,218890,218969
7832,79,9897,218943,219022
4591,79,9985,218934,219013
675,299,109,228669,228968
457,299,748,228109,228408
220,299,921,228015,228314
2719,80,8030,221205,221285
2596,80,8057,221258,221338
7919,80,8181,221214,221294
6002,80,8268,221207,221287
3746,80,8358,221197,221277
2119,80,8367,221268,221348
4245,80,8433,221282,221362
3637,80,8466,221329,221409
7375,80,8474,221401,221481
9089,80,8487,221468,221548
2459,80,8501,221534,221614
1081,80,8796,221319,221399
8920,80,8848,221347,221427
1821,80,8974,221301,221381
8944,80,8988,221367,221447
7708,80,9107,221328,221408
4308,80,9306,221209,221289
1503,80,9347,221248,221328
8090,80,9347,221328,221408
3550,80,9468,221287,221367
9258,80,9495,221340,221420
6521,80,9509,221406,221486
9353,80,9543,221452,221532
8615,80,9606,221469,221549
6059,80,9776,221379,221459
6244,80,9810,221425,221505
3429,80,9822,221493,221573
198,300,392,230783,231083
769,300,435,230820,231120
287,300,690,230645,230945
847,300,744,230671,230971
479,300,809,230686,230986
9735,81,8016,223779,223860
1926,81,8055,223821,223902
9641,81,8085,223872,223953
6783,81,8098,223940,224021
2709,81,8103,224016,224097
8864,81,8114,224086,224167
4197,81,8217,224064,224145
6103,81,8660,223702,223783
4746,81,8665,223778,223859
8156,81,8670,223854,223935
9733,81,8699,223906,223987
3315,81,8708,223978,224059
6604,81,8823,223944,224025
5446,81,8859,223989,224070
6257,81,8876,224053,224134
3113,81,8883,224127,224208
7526,81,9013,224078,224159
5298,81,9022,224150,224231
4141,81,9089,224164,224245
6804,81,9173,224161,224242
2336,81,9191,224224,224305
3445,81,9209,224287,224368
2843,81,9297,224280,224361
9357,81,9353,224305,224386
1477,81,9363,224376,224457
6898,81,9479,224341,224422
6751,81,9550,224351,224432
1946,81,9617,224365,224446
6889,81,9622,224441,224522
4638,81,9689,224455,224536
2223,81,9867,224358,224439
4836,81,9872,224434,224515
7687,81,9908,224479,224560
8436,81,9981,224487,224568
1707,81,9996,224553,224634
9868,82,8023,226607,226689
6381,82,8109,226603,226685
5793,82,8118,226676,226758
4744,82,8191,226685,226767
8494,82,8254,226704,226786
7013,82,8282,226758,226840
9521,82,8376,226746,226828
4267,82,8407,226797,226879
6698,82,8438,226848,226930
4316,82,8469,226899,226981
8247,82,8471,226979,227061
3662,82,8494,227038,227120
8538,82,8655,226959,227041
2265,82,8689,227007,227089
8613,82,8718,227060,227142
5570,82,8764,227096,227178
3645,82,8766,227176,227258
9647,82,8839,227185,227267
1493,82,8918,227188,227270
3240,82,9076,227112,227194
6829,82,9168,227102,227184
9166,82,9219,227133,227215
6284,82,9271,227163,227245
1599,82,9376,227140,227222
6458,82,9638,226960,227042
5407,82,9882,226798,226880
8071,83,8021,228741,228824
9419,83,8053,228792,228875
9928,83,8087,228841,228924
7418,83,8135,228876,228959
9719,83,8139,228955,229038
5795,83,8178,228999,229082
6141,83,8190,229070,229153
9890,83,8263,229080,229163
1384,83,8425,229001,229084
4911,83,8473,229036,229119
4825,83,8515,229077,229160
5559,83,8579,229096,229179
2292,83,8584,229174,229257
1373,83,8588,229253,229336
5808,83,8754,229170,229253
8114,83,8916,229091,229174
5202,83,9007,229083,229166
7431,83,9042,229131,229214
2580,83,9076,229180,229263
5316,83,9218,229121,229204
1178,83,9381,229041,229124
6233,83,9448,229057,229140
1834,83,9601,228987,229070
8846,83,9687,228984,229067
7937,83,9800,228954,229037
9349,84,8012,230825,230909
6174,84,8028,230893,230977
2520,84,8115,230890,230974
5269,84,8154,230935,231019
4099,84,8219,230954,231038
2553,84,8239,231018,231102
2476,84,8242,231099,231183
3148,84,8244,231181,231265
7567,84,8330,231179,231263
9703,84,8363,231230,231314
7350,84,8385,231292,231376
4440,84,8484,231277,231361
8742,84,8539,231306,231390
4193,84,8576,231353,231437
5762,84,8599,231414,231498
8250,84,8628,231469,231553
8146,84,8791,231390,231474
1330,84,8820,231445,231529
8940,84,8929,231420,231504
4740,84,9000,231433,231517
4601,84,9017,231500,231584
3176,84,9129,231472,231556
9051,84,9184,231501,231585
8054,84,9242,231527,231611
8836,84,9309,231544,231628
1958,84,9325,231612,231696
3538,84,9361,231660,231744
1616,84,9425,231680,231764
2723,84,9556,231633,231717
4494,84,9630,231643,231727
5560,84,9671,231686,231770
9699,84,9738,231703,231787
3809,84,9783,231742,231826
5698,84,9824,231785,231869
2304,84,9832,231861,231945
5991,85,8096,233681,233766
5009,85,8098,233764,233849
6037,85,8193,233754,233839
1700,85,8239,233793,233878
6855,85,8350,233767,233852
6846,85,8506,233696,233781
3505,85,8602,233685,233770
1360,85,8624,233748,233833
4164,85,8634,233823,233908
6163,85,8924,233618,233703
8033,85,8961,233666,233751
5196,85,8980,233732,233817
3034,85,9359,233438,233523
7308,85,9601,233281,233366
5931,85,9654,233313,233398
8059,85,9674,233378,233463
8350,85,9749,233388,233473
6021,85,9930,233292,233377
9838,85,9951,233356,233441
4254,85,9965,233427,233512
5108,86,8046,235431,235517
5197,86,8136,235427,235513
1896,86,8190,235459,235545
5500,86,8268,235467,235553
3443,86,8291,235530,235616
6009,86,8296,235611,235697
5409,86,8304,235689,235775
6033,86,8308,235771,235857
1382,86,8333,235832,235918
1066,86,8345,235906,235992
1481,86,8354,235983,236069
3469,86,8393,236030,236116
5246,86,8420,236089,236175
3140,86,8461,236134,236220
8463,86,8714,235967,236053
8094,86,8861,235906,235992
4145,86,9051,235802,235888
3439,86,9058,235881,235967
2229,86,9262,235763,235849
8828,86,9275,235836,235922
3366,86,9282,235915,236001
1711,86,9308,235975,236061
9706,86,9345,236024,236110
3355,86,9744,235711,235797
5647,86,9814,235727,235813
8875,86,9841,235786,235872
4142,86,9923,235790,235876
4367,87,8076,237723,237810
2802,87,8158,237728,237815
2951,87,8213,237760,237847
7608,87,8290,237770,237857
1939,87,8318,237829,237916
5587,87,8328,237906,237993
5417,87,8390,237931,238018
6196,87,8397,238011,238098
2061,87,8439,238056,238143
4654,87,8476,238106,238193
3607,87,8507,238162,238249
4265,87,8512,238244,238331
8396,87,8567,238276,238363
9114,87,8636,238294,238381
8100,87,8680,238337,238424
2533,87,8884,238220,238307
3732,87,8886,238305,238392
3647,87,8899,238379,238466
5005,87,8902,238463,238550
3139,87,8917,238535,238622
6206,87,9051,238488,238575
2956,87,9177,238449,238536
9625,87,9333,238380,238467
2386,87,9361,238439,238526
4856,87,9398,238489,238576
6241,87,9422,238552,238639
7662,87,9506,238555,238642
6225,87,9520,238628,238715
1008,87,9557,238678,238765
1533,87,9665,238657,238744
8909,87,9668,238741,238828
6938,87,9676,238820,238907
3359,87,9698,238885,238972
5479,87,9829,238841,238928
8499,87,9838,238919,239006
5949,87,9840,239004,239091
5662,87,9902,239029,239116
3475,87,9906,239112,239199
5925,87,9945,239160,239247
3542,87,9976,239216,239303
9064,88,8012,241267,241355
1053,88,8070,241297,241385
1302,88,8088,241367,241455
6495,88,8115,241428,241516
9726,88,8177,241454,241542
6780,88,8232,241487,241575
5550,88,8434,241373,241461
5358,88,8467,241428,241516
6762,88,8489,241494,241582
1173,88,8707,241364,241452
7533,88,8772,241387,241475
1075,88,8899,241348,241436
6811,88,8906,241429,241517
5379,88,8932,241491,241579
3617,88,8991,241520,241608
8890,88,9058,241541,241629
6809,88,9097,241590,241678
4061,88,9107,241668,241756
7764,88,9126,241737,241825
9095,88,9126,241825,241913
3548,88,9186,241853,241941
2684,88,9318,241809,241897
9973,88,9342,241873,241961
9276,88,9491,241812,241900
1985,88,9612,241779,241867
1719,88,9676,241803,241891
4377,88,9730,241837,241925
6324,88,9851,241804,241892
9794,88,9878,241865,241953
1361,88,9897,241934,242022
6978,88,9954,241965,242053
5052,89,8042,243965,244054
8319,89,8153,243943,244032
2950,89,8442,243743,243832
7571,89,8572,243702,243791
2773,89,8612,243751,243840
2190,89,8680,243772,243861
5432,89,8709,243832,243921
6080,89,8927,243703,243792
8752,89,8940,243779,243868
8134,89,8949,243859,243948
2865,89,8955,243942,244031
5239,89,9054,243932,244021
9653,89,9119,243956,244045
7026,89,9253,243911,244000
8923,89,9300,243953,244042
7771,89,9333,244009,244098
4967,89,9379,244052,244141
9589,89,9458,244062,244151
4180,89,9568,244041,244130
4790,89,9589,244109,244198
1741,89,9596,244191,244280
7875,89,9623,244253,244342
1288,89,9767,244198,244287
4296,89,9864,244190,244279
9107,89,9890,244253,244342
5019,89,9994,244238,244327
2833,90,8173,246148,246238
7012,90,8189,246222,246312
6231,90,8254,246247,246337
4877,90,8410,246181,246271
8904,90,8525,246156,246246
1329,90,8584,246187,246277
5070,90,8782,246079,246169
7137,90,8783,246168,246258
3725,90,8786,246255,246345
4020,90,8870,246261,246351
9124,90,8962,246259,246349
3930,90,8982,246329,246419
2611,90,9079,246322,246412
1016,90,9161,246330,246420
2402,90,9295,246286,246376
3265,90,9339,246332,246422
9385,90,9653,246108,246198
2582,90,9666,246185,246275
3686,90,9693,246248,246338
1528,90,9831,246200,246290
2090,90,9888,246233,246323
7797,90,9945,246266,246356
2987,91,8022,248279,248370
4167,91,8094,248298,248389
4394,91,8115,248368,248459
1794,91,8291,248283,248374
2792,91,8343,248322,248413
7190,91,8344,248412,248503
1595,91,8366,248481,248572
7739,91,8491,248447,248538
8155,91,8515,248514,248605
5745,91,8562,248558,248649
6957,91,8571,248640,248731
5130,91,8656,248646,248737
8873,91,8876,248517,248608
1960,91,8893,248591,248682
3793,91,8910,248665,248756
9752,91,8961,248705,248796
7562,91,9033,248724,248815
7208,91,9072,248776,248867
7982,91,9085,248854,248945
7729,91,9125,248905,248996
1556,91,9215,248906,248997
8212,91,9426,248786,248877
4648,91,9451,248852,248943
3446,91,9554,248840,248931
9540,91,9557,248928,249019
6094,91,9633,248943,249034
4896,91,9872,248795,248886
4993,91,9976,248782,248873
3744,91,9995,248854,248945
2286,92,8068,250872,250964
2733,92,8184,250848,250940
6837,92,8190,250934,251026
6144,92,8294,250922,251014
8617,92,8414,250894,250986
2700,92,8550,250850,250942
2373,92,8633,250859,250951
5978,92,8760,250824,250916
7892,92,8835,250841,250933
3261,92,8843,250925,251017
4487,92,8917,250943,251035
2821,92,8966,250986,251078
5623,92,9112,250932,251024
4863,92,9232,250904,250996
3993,92,9336,250892,250984
4764,92,9340,250980,251072
8467,92,9420,250992,251084
1185,92,9507,250997,251089
7926,92,9757,250839,250931
5728,92,9837,250851,250943
4213,93,8093,252687,252780
7391,93,8115,252758,252851
2926,93,8128,252838,252931
3428,93,8168,252891,252984
4884,93,8228,252924,253017
3803,93,8292,252953,253046
4569,93,8302,253036,253129
5114,93,8357,253074,253167
8663,93,8360,253164,253257
2149,93,8419,253198,253291
4926,93,8477,253233,253326
7707,93,8483,253320,253413
1177,93,8573,253323,253416
2056,93,8590,253399,253492
1086,93,8658,253424,253517
8878,93,8659,253516,253609
6633,93,8678,253590,253683
9303,93,8813,253548,253641
1555,93,8921,253533,253626
2981,93,8981,253566,253659
3565,93,9047,253593,253686
9789,93,9109,253624,253717
3937,93,9131,253695,253788
9610,93,9142,253777,253870
7774,93,9146,253866,253959
7678,93,9185,253920,254013
3151,93,9438,253760,253853
7143,93,9487,253804,253897
1119,93,9543,253841,253934
2766,93,9564,253913,254006
5700,93,9576,253994,254087
4903,93,9724,253939,254032
5600,93,9749,254007,254100
7303,93,9752,254097,254190
6983,93,9829,254113,254206
7359,94,8011,256024,256118
6868,94,8088,256041,256135
8014,94,8209,256014,256108
9821,94,8226,256091,256185
9374,94,8308,256103,256197
9523,94,8343,256162,256256
1067,94,8356,256243,256337
7553,94,8429,256264,256358
4702,94,8450,256337,256431
1898,94,8480,256401,256495
6624,94,8492,256483,256577
5159,94,8510,256559,256653
1796,94,8535,256628,256722
3023,94,8539,256718,256812
3356,94,8569,256782,256876
6867,94,8652,256793,256887
1892,94,8731,256808,256902
1480,94,8751,256882,256976
6740,94,8751,256976,257070
4696,94,8767,257054,257148
6704,94,8778,257137,257231
8217,94,8785,257224,257318
8414,94,9020,257083,257177
6077,94,9054,257143,257237
3266,94,9236,257055,257149
7863,94,9274,257111,257205
9339,94,9368,257111,257205
9987,94,9372,257201,257295
3274,94,9423,257244,257338
9259,94,9473,257288,257382
7015,94,9513,257342,257436
4001,94,9542,257407,257501
2551,94,9551,257492,257586
8338,94,9573,257564,257658
8733,94,9666,257565,257659
6803,94,9774,257551,257645
4328,94,9844,257575,257669
9364,94,9981,257532,257626
7989,94,9990,257617,257711
7531,95,8004,259697,259792
3701,95,8086,259710,259805
9214,95,8119,259772,259867
8314,95,8167,259819,259914
7602,95,8227,259854,259949
3041,95,8295,259881,259976
1566,95,8396,259875,259970
3781,95,8466,259900,259995
2651,95,8492,259969,260064
5312,95,8537,260019,260114
9391,95,8600,260051,260146
4886,95,8636,260110,260205
9561,95,8676,260165,260260
3900,95,8769,260167,260262
2848,95,8782,260249,260344
2324,95,8799,260327,260422
8937,95,8820,260401,260496
3311,95,8838,260478,260573
7118,95,8881,260530,260625
8461,95,8891,260615,260710
6443,95,8989,260612,260707
2481,95,9093,260603,260698
7367,95,9198,260593,260688
2412,95,9441,260445,260540
8353,95,9441,260540,260635
6063,95,9521,260555,260650
5357,95,9550,260621,260716
1093,95,9554,260712,260807
1085,95,9702,260659,260754
5924,95,9714,260742,260837
4351,95,9798,260753,260848
8623,95,9811,260835,260930
8321,95,9830,260911,261006
6248,95,9835,261001,261096
7828,95,9843,261088,261183
4958,95,9946,261080,261175
8381,95,9964,261157,261252
2814,95,9979,261237,261332
1109,95,9999,261312,261407
4338,96,8073,263333,263429
8767,96,8073,263429,263525
9528,96,8229,263369,263465
5143,96,8271,263423,263519
7945,96,8329,263461,263557
5232,96,8413,263473,263569
2592,96,8429,263553,263649
9338,96,8436,263642,263738
5642,96,8491,263683,263779
1150,96,8501,263769,263865
7182,96,8537,263829,263925
7411,96,8561,263901,263997
5923,96,8562,263996,264092
1911,96,8574,264080,264176
7821,96,8578,264172,264268
7257,96,8606,264240,264336
7065,96,8667,264275,264371
3236,96,8750,264288,264384
2581,96,8829,264305,264401
3509,96,8879,264351,264447
5360,96,8904,264422,264518
4962,96,8950,264472,264568
9076,96,8983,264535,264631
4822,96,9013,264601,264697
8973,96,9182,264528,264624
2894,96,9236,264570,264666
4802,96,9487,264415,264511
6207,96,9666,264332,264428
7609,96,9731,264363,264459
5601,96,9844,264346,264442
7736,96,9867,264419,264515
9667,96,9952,264430,264526
6931,97,8059,266419,266516
3536,97,8107,266468,266565
5988,97,8133,266539,266636
8393,97,8181,266588,266685
6185,97,8412,266454,266551
5878,97,8462,266501,266598
4466,97,8871,266189,266286
8550,97,8884,266273,266370
1938,97,8916,266338,266435
2400,97,9011,266340,266437
6042,97,9038,266410,266507
6065,97,9102,266443,266540
9330,97,9127,266515,266612
9447,97,9208,266531,266628
6067,97,9229,266607,266704
8232,97,9307,266626,266723
1968,97,9420,266610,266707
3033,97,9686,266441,266538
2725,97,9738,266486,266583
7618,97,9769,266552,266649
5137,97,9797,266621,266718
2063,98,8065,268450,268548
2810,98,8142,268471,268569
9188,98,8215,268496,268594
5914,98,8249,268560,268658
8045,98,8250,268657,268755
9433,98,8259,268746,268844
1453,98,8272,268831,268929
3007,98,8306,268895,268993
9438,98,8398,268901,268999
6045,98,8536,268861,268959
7274,98,8579,268916,269014
9602,98,8662,268931,269029
7201,98,8668,269023,269121
1291,98,8731,269058,269156
4904,98,8805,269082,269180
8969,98,8816,269169,269267
3384,98,8822,269261,269359
3050,98,9032,269149,269247
7297,98,9036,269243,269341
9192,98,9076,269301,269399
2393,98,9186,269289,269387
6894,98,9255,269318,269416
1789,98,9279,269392,269490
8677,98,9309,269460,269558
4717,98,9517,269350,269448
5916,98,9529,269436,269534
1849,98,9588,269475,269573
9361,98,9607,269554,269652
8151,98,9649,269610,269708
8001,98,9688,269669,269767
8870,98,9704,269751,269849
9016,98,9751,269802,269900
8345,98,9763,269888,269986
6466,98,9809,269940,270038
8862,98,9812,270035,270133
2868,98,9864,270081,270179
9318,98,9891,270152,270250
9152,98,9923,270218,270316
9284,98,9966,270273,270371
6047,99,8233,272104,272203
2050,99,8414,272022,272121
2025,99,8456,272079,272178
7636,99,8502,272132,272231
7250,99,8531,272202,272301
3061,99,8578,272254,272353
7660,99,8634,272297,272396
8199,99,8642,272388,272487
3654,99,8707,272422,272521
3966,99,8952,272276,272375
7051,99,8997,272330,272429
5965,99,9019,272407,272506
5900,99,9091,272434,272533
9301,99,9185,272439,272538
9122,99,9194,272529,272628
5066,99,9367,272455,272554
3504,99,9454,272467,272566
7751,99,9469,272551,272650
4238,99,9509,272610,272709
6054,99,9546,272672,272771
6970,99,9645,272672,272771
4872,99,9812,272604,272703
3854,99,9938,272577,272676
7616,99,9999,272615,272714
9660,100,8048,274665,274765
5299,100,8093,274720,274820
8670,100,8247,274666,274766
4984,100,8270,274743,274843
3896,100,8478,274635,274735
8375,100,8567,274646,274746
1225,100,8642,274671,274771
5477,100,8700,274713,274813
2984,100,8766,274747,274847
6157,100,8838,274775,274875
9945,100,8849,274864,274964
7969,100,8865,274948,275048
4325,100,8867,275046,275146
1074,100,8963,275050,275150
8448,100,9166,274947,275047
5399,100,9400,274813,274913
4341,100,9614,274699,274799
3784,100,9668,274745,274845
3969,100,9689,274824,274924
9344,100,9695,274918,275018
2612,100,9707,275006,275106
6865,100,9745,275068,275168
9682,100,9773,275140,275240
4595,100,9776,275237,275337
5731,100,9783,275330,275430
1142,100,9832,275381,275481
1120,100,9921,275392,275492
7273,100,9984,275429,275529
2675,101,8057,277456,277557
1035,101,8115,277499,277600
7464,101,8131,277584,277685
4073,101,8172,277644,277745
4476,101,8202,277715,277816
6022,101,8324,277694,277795
8599,101,8346,277773,277874
6689,101,8781,277439,277540
7670,101,8821,277500,277601
2676,101,8921,277501,277602
9811,101,9054,277469,277570
6551,101,9081,277543,277644
3674,101,9120,277605,277706
1325,101,9153,277673,277774
2669,101,9317,277610,277711
1746,101,9329,277699,277800
1465,101,9420,277709,277810
6524,101,9475,277755,277856
4489,101,9647,277684,277785
6408,101,9652,277780,277881
7427,101,9665,277868,277969
6457,101,9674,277960,278061
6224,101,9905,277830,277931
4616,101,9936,277900,278001
2257,102,8040,279897,279999
9029,102,8044,279995,280097
8075,102,8156,279985,280087
1780,102,8222,280021,280123
8434,102,8253,280092,280194
4114,102,8285,280162,280264
4211,102,8345,280204,280306
4384,102,8357,280294,280396
9864,102,8368,280385,280487
2306,102,8460,280395,280497
6887,102,8460,280497,280599
2163,102,8497,280562,280664
1397,102,8598,280563,280665
2051,102,8698,280565,280667
9341,102,8758,280607,280709
2610,102,8830,280637,280739
2472,102,8857,280712,280814
4996,102,8888,280783,280885
5549,102,8953,280820,280922
2668,102,9202,280673,280775
5101,102,9232,280745,280847
3858,102,9236,280843,280945
5611,102,9456,280725,280827
9709,102,9472,280811,280913
9547,102,9480,280905,281007
9519,102,9482,281005,281107
4212,102,9518,281071,281173
8822,102,9542,281149,281251
2253,102,9560,281233,281335
9102,102,9612,281283,281385
4282,102,9640,281357,281459
5922,102,9659,281440,281542
1522,102,9677,281524,281626
8335,102,9704,281599,281701
5836,102,9856,281549,281651
8380,102,9979,281528,281630
2653,103,8061,283548,283651
3291,103,8223,283489,283592
8563,103,8225,283590,283693
6183,103,8278,283640,283743
7809,103,8286,283735,283838
9090,103,8344,283780,283883
7841,103,8454,283773,283876
4442,103,8505,283825,283928
2979,103,8578,283855,283958
3622,103,8602,283934,284037
1434,103,8621,284018,284121
7312,103,8889,283853,283956
3919,103,8901,283944,284047
8235,103,9048,283900,284003
7170,103,9206,283845,283948
9094,103,9331,283823,283926
2504,103,9378,283879,283982
2934,103,9407,283953,284056
1226,103,9443,284020,284123
7889,103,9542,284024,284127
6830,103,9549,284120,284223
7745,103,9672,284100,284203
8645,103,9726,284149,284252
7929,103,9823,284155,284258
9169,103,9862,284219,284322
7433,103,9915,284269,284372
4630,103,9924,284363,284466
7149,104,8064,286326,286430
8587,104,8502,285992,286096
9425,104,8565,286033,286137
3653,104,8568,286134,286238
4096,104,8572,286234,286338
1160,104,8797,286113,286217
9244,104,8811,286203,286307
2241,104,8836,286282,286386
2301,104,8900,286322,286426
2915,104,8942,286384,286488
3277,104,9088,286342,286446
7396,104,9091,286443,286547
6487,104,9256,286382,286486
6666,104,9275,286467,286571
1279,104,9319,286527,286631
7110,104,9399,286551,286655
4386,104,9463,286591,286695
8202,104,9537,286621,286725
3276,104,9539,286723,286827
4033,104,9662,286704,286808
5198,104,9758,286712,286816
9889,104,9761,286813,286917
2432,104,9766,286912,287016
1865,104,9972,286810,286914
9999,104,9994,286892,286996
2593,105,8060,288930,289035
4841,105,8078,289017,289122
3225,105,8093,289107,289212
3083,105,8145,289160,289265
9949,105,8270,289140,289245
2896,105,8437,289078,289183
9161,105,8601,289019,289124
9828,105,8698,289027,289132
7011,105,8710,289120,289225
9402,105,8872,289063,289168
6373,105,9052,288988,289093
9282,105,9098,289047,289152
4143,105,9208,289042,289147
1304,105,9291,289064,289169
9261,105,9296,289164,289269
9125,105,9304,289261,289366
3546,105,9443,289227,289332
8533,105,9517,289258,289363
7328,105,9571,289309,289414
8264,105,9656,289329,289434
1521,105,9736,289354,289459
2161,105,9890,289305,289410
4712,105,9921,289379,289484
8133,106,8085,291320,291426
7490,106,8091,291420,291526
5314,106,8335,291282,291388
7318,106,8579,291144,291250
8307,106,8663,291166,291272
2221,106,8707,291228,291334
6948,106,8770,291271,291377
1349,106,8771,291376,291482
6699,106,8801,291452,291558
2608,106,8833,291526,291632
1475,106,8839,291626,291732
7072,106,8845,291726,291832
7247,106,9000,291677,291783
3914,106,9112,291671,291777
2817,106,9185,291704,291810
7597,106,9464,291531,291637
3295,106,9514,291587,291693
1644,106,9550,291657,291763
1879,106,9623,291690,291796
7754,106,9628,291791,291897
4805,106,9664,291861,291967
9486,106,9710,291921,292027
3409,106,9712,292025,292131
2268,106,9722,292121,292227
6277,106,9722,292227,292333
6153,106,9723,292332,292438
3358,106,9786,292375,292481
8702,106,9832,292435,292541
6379,106,9859,292514,292620
7199,106,9953,292526,292632
3099,106,9979,292606,292712
8276,107,8048,294643,294750
8294,107,8185,294613,294720
5045,107,8191,294714,294821
5911,107,8438,294574,294681
1859,107,8495,294624,294731
6086,107,8533,294693,294800
9227,107,8573,294760,294867
8950,107,8750,294690,294797
1582,107,8810,294737,294844
5843,107,8877,294777,294884
3071,107,9041,294720,294827
3717,107,9065,294803,294910
6255,107,9161,294814,294921
6570,107,9186,294896,295003
4406,107,9196,294993,295100
9150,107,9198,295098,295205
7669,107,9206,295197,295304
5349,107,9293,295217,295324
5205,107,9346,295271,295378
7912,107,9349,295375,295482
1846,107,9392,295439,295546
1715,107,9514,295424,295531
5354,107,9639,295406,295513
8598,107,9658,295494,295601
8714,108,8022,297237,297345
2436,108,8038,297329,297437
6949,108,8202,297273,297381
8781,108,8294,297289,297397
8503,108,8446,297245,297353
9822,108,8485,297314,297422
1196,108,8500,297407,297515
8790,108,8580,297435,297543
8213,108,8667,297456,297564
1712,108,8902,297329,297437
5775,108,8916,297423,297531
3664,108,8919,297528,297636
7860,108,8993,297562,297670
8678,108,9028,297635,297743
4535,108,9077,297694,297802
1148,108,9091,297788,297896
9857,108,9142,297845,297953
4407,108,9151,297944,298052
9594,108,9273,297930,298038
9337,108,9363,297948,298056
4119,108,9386,298033,298141
5947,108,9472,298055,298163
8504,108,9574,298061,298169
4225,108,9590,298153,298261
9914,108,9684,298167,298275
7163,108,9732,298227,298335
9430,108,9921,298146,298254
6043,108,9941,298234,298342
4639,108,9946,298337,298445
1922,108,9994,298397,298505
3834,109,8004,300495,300604
2397,109,8021,300587,300696
6739,109,8194,300523,300632
6190,109,8400,300426,300535
1837,109,8435,300500,300609
5289,109,8568,300476,300585
5937,109,8692,300461,300570
2107,109,8698,300564,300673
6823,109,8721,300650,300759
5552,109,8737,300743,300852
8012,109,8786,300803,300912
2969,109,8814,300884,300993
8576,109,8866,300941,301050
9380,109,8916,301000,301109
9304,109,8953,301072,301181
7100,109,9090,301044,301153
4732,109,9111,301132,301241
8440,109,9202,301150,301259
4504,109,9216,301245,301354
3507,109,9283,301287,301396
5257,109,9394,301285,301394
1219,109,9435,301353,301462
7062,109,9569,301328,301437
6216,109,9575,301431,301540
3009,109,9590,301525,301634
8899,109,9630,301594,301703
5248,109,9739,301594,301703
9335,109,9766,301676,301785
6637,109,9800,301751,301860
8661,109,9810,301850,301959
6864,109,9822,301947,302056
9774,109,9880,301998,302107
5892,109,9965,302022,302131
9959,110,8427,303669,303779
1748,110,8442,303764,303874
5893,110,8666,303650,303760
9082,110,8666,303760,303870
2920,110,8774,303762,303872
4834,110,9029,303617,303727
5212,110,9205,303551,303661
4402,110,9271,303595,303705
5301,110,9314,303662,303772
7704,110,9322,303764,303874
5204,110,9505,303691,303801
3444,110,9565,303741,303851
6355,110,9614,303802,303912
3828,110,9619,303907,304017
4924,110,9636,304000,304110
1953,110,9686,304060,304170
3219,110,9812,304044,304154
8886,110,9839,304127,304237
2153,110,9915,304161,304271
5903,111,8013,306173,306284
9356,111,8053,306244,306355
9809,111,8069,306339,306450
4830,111,8116,306403,306514
3835,111,8127,306503,306614
8487,111,8140,306601,306712
1731,111,8266,306586,306697
8819,111,8314,306649,306760
8967,111,8343,306731,306842
6405,111,8468,306717,306828
5579,111,8583,306713,306824
7095,111,8590,306817,306928
3816,111,8591,306927,307038
5040,111,8615,307014,307125
5939,111,8680,307060,307171
2128,111,8714,307137,307248
5201,111,8715,307247,307358
8928,111,8838,307235,307346
2577,111,8926,307258,307369
3650,111,9002,307293,307404
1815,111,9018,307388,307499
9466,111,9081,307436,307547
5515,111,9171,307457,307568
9673,111,9235,307504,307615
5804,111,9350,307500,307611
9552,111,9380,307581,307692
9358,111,9396,307676,307787
6758,111,9458,307725,307836
6450,111,9472,307822,307933
5267,111,9529,307876,307987
2555,111,9871,307645,307756
4436,111,9901,307726,307837
8746,112,8024,309714,309826
5813,112,8031,309819,309931
6387,112,8196,309766,309878
3665,112,8272,309802,309914
5419,112,8422,309764,309876
7909,112,8442,309856,309968
5735,112,8460,309950,310062
2206,112,8470,310052,310164
9047,112,8600,310034,310146
9815,112,8709,310037,310149
4327,112,8778,310080,310192
7070,112,8838,310132,310244
5094,112,8858,310224,310336
4216,112,8877,310317,310429
5886,112,8937,310369,310481
1039,112,8959,310459,310571
6687,112,9013,310517,310629
3496,112,9131,310511,310623
9536,112,9194,310560,310672
8797,112,9215,310651,310763
6761,112,9402,310576,310688
9585,112,9425,310665,310777
3515,112,9450,310752,310864
7079,112,9496,310818,310930
8607,112,9622,310804,310916
1354,112,9728,310810,310922
7484,112,9841,310809,310921
9313,113,8107,312655,312768
2018,113,8130,312745,312858
2320,113,8155,312833,312946
7749,113,8266,312835,312948
1993,113,8281,312933,313046
2559,113,8338,312989,313102
3270,113,8343,313097,313210
5233,113,8376,313177,313290
9713,113,8376,313290,313403
2251,113,8468,313311,313424
7843,113,8509,313383,313496
6349,113,8528,313477,313590
1440,113,8575,313543,313656
5014,113,8576,313655,313768
1795,113,8677,313667,313780
9900,113,8689,313768,313881
6334,113,8694,313876,313989
2933,113,8734,313949,314062
5229,113,8744,314052,314165
6062,113,8771,314138,314251
8660,113,8911,314111,314224
3278,113,8923,314212,314325
6832,113,8959,314289,314402
2521,113,8976,314385,314498
9640,113,9033,314441,314554
7974,113,9085,314502,314615
6145,113,9104,314596,314709
3360,113,9176,314637,314750
5834,113,9323,314603,314716
8324,113,9405,314634,314747
9348,113,9476,314676,314789
7472,113,9478,314787,314900
4735,113,9576,314802,314915
3201,113,9790,314701,314814
8608,113,9821,314783,314896
7216,113,9838,314879,314992
2882,113,9922,314908,315021
9137,113,9979,314964,315077
4765,114,8125,316931,317045
7370,114,8213,316957,317071
7536,114,8267,317017,317131
6353,114,8421,316977,317091
5353,114,8484,317028,317142
2750,114,8530,317096,317210
3317,114,8595,317145,317259
3831,114,8658,317196,317310
3770,114,8707,317261,317375
7058,114,8762,317320,317434
3248,114,8938,317258,317372
1197,114,9110,317200,317314
8720,114,9136,317288,317402
1267,114,9187,317351,317465
3055,114,9191,317461,317575
4262,114,9291,317475,317589
5774,114,9432,317448,317562
7000,114,9465,317529,317643
2184,114,9510,317598,317712
5755,114,9652,317570,317684
4829,114,9817,317519,317633
7480,114,9885,317565,317679
7913,115,8063,319501,319616
4603,115,8080,319599,319714
4091,115,8185,319609,319724
6217,115,8194,319715,319830
7719,115,8250,319774,319889
7642,115,8345,319794,319909
7560,115,8355,319899,320014
6325,115,8592,319777,319892
3703,115,8710,319774,319889
2563,115,8716,319883,319998
9937,115,8792,319922,320037
1256,115,8819,320010,320125
3250,115,9109,319835,319950
9306,115,9183,319876,319991
6888,115,9248,319926,320041
5450,115,9280,320009,320124
4989,115,9304,320100,320215
4467,115,9319,320200,320315
3040,115,9452,320182,320297
1023,115,9596,320153,320268
5963,115,9640,320224,320339
4973,115,9986,319993,320108
1585,116,8052,322042,322158
3039,116,8057,322153,322269
2168,116,8058,322268,322384
4659,116,8134,322308,322424
2660,116,8207,322351,322467
2037,116,8217,322457,322573
9786,116,8257,322533,322649
3685,116,8327,322579,322695
6138,116,8464,322558,322674
9178,116,8465,322673,322789
4283,116,8475,322779,322895
3528,116,8637,322733,322849
9200,116,8654,322832,322948
2344,116,8760,322842,322958
5421,116,8772,322946,323062
9716,116,8789,323045,323161
6682,116,8807,323143,323259
7354,116,8958,323108,323224
3077,116,8988,323194,323310
6681,116,9093,323205,323321
7518,116,9094,323320,323436
8690,116,9149,323381,323497
4815,116,9218,323428,323544
1087,116,9224,323538,323654
9986,116,9265,323613,323729
2451,116,9449,323545,323661
3349,116,9469,323641,323757
4919,116,9607,323619,323735
5701,116,9617,323725,323841
7923,116,9695,323763,323879
1721,116,9717,323857,323973
1115,117,8036,325654,325771
3939,117,8127,325680,325797
2978,117,8135,325789,325906
1432,117,8164,325877,325994
7756,117,8167,325991,326108
2131,117,8189,326086,326203
7789,117,8321,326071,326188
9484,117,8544,325965,326082
9043,117,8595,326031,326148
1516,117,8618,326125,326242
4214,117,8645,326215,326332
5441,117,8720,326257,326374
9495,117,8914,326180,326297
9722,117,9040,326171,326288
7962,117,9230,326098,326215
8302,117,9422,326023,326140
4163,117,9479,326083,326200
3533,117,9482,326197,326314
2710,117,9684,326112,326229
1055,117,9836,326077,326194
4455,117,9876,326154,326271
6606,117,9982,326165,326282
7307,118,8216,328048,328166
4883,118,8227,328155,328273
5535,118,8236,328264,328382
3715,118,8259,328359,328477
2222,118,8403,328333,328451
1534,118,8407,328447,328565
5415,118,8454,328518,328636
9657,118,8482,328608,328726
7302,118,8508,328700,328818
3719,118,8544,328782,328900
5840,118,8647,328797,328915
8413,118,8676,328886,329004
8729,118,8691,328989,329107
9101,118,8698,329100,329218
8051,118,8761,329155,329273
7971,118,8953,329081,329199
5133,118,9012,329140,329258
5883,118,9048,329222,329340
7899,118,9074,329314,329432
1916,118,9102,329404,329522
7918,118,9176,329448,329566
3080,118,9224,329518,329636
1156,118,9231,329629,329747
1575,118,9295,329683,329801
2769,118,9469,329627,329745
1381,118,9550,329664,329782
8066,118,9735,329597,329715
10000,118,9752,329698,329816
6575,118,9886,329682,329800
6642,118,9924,329762,329880
9797,118,9938,329866,329984
4358,119,8276,331646,331765
3329,119,8331,331710,331829
5678,119,8356,331804,331923
1514,119,8362,331917,332036
3288,119,8396,332002,332121
5746,119,8446,332071,332190
1310,119,8616,332020,332139
3028,119,8617,332138,332257
7261,119,8647,332227,332346
8723,119,8709,332284,332403
3890,119,8794,332318,332437
7483,119,8811,332420,332539
6765,119,8979,332371,332490
6403,119,9012,332457,332576
9697,119,9158,332430,332549
6267,119,9338,332369,332488
2490,119,9607,332219,332338
3441,119,9611,332334,332453
8074,119,9650,332414,332533
3231,119,9652,332531,332650
9416,119,9693,332609,332728
1699,119,9843,332578,332697
6635,120,8027,334513,334633
4828,120,8105,334555,334675
2585,120,8150,334630,334750
8841,120,8241,334659,334779
3508,120,8452,334568,334688
4731,120,8490,334650,334770
5747,120,8538,334722,334842
7172,120,8564,334816,334936
7936,120,8717,334783,334903
2627,120,8760,334860,334980
9586,120,8776,334964,335084
9679,120,8847,335013,335133
9955,120,8855,335125,335245
2736,120,9085,335015,335135
2850,120,9138,335082,335202
9886,120,9166,335174,335294
2172,120,9267,335193,335313
7549,120,9333,335247,335367
8427,120,9435,335265,335385
9618,120,9444,335376,335496
1905,120,9479,335461,335581
4201,120,9540,335520,335640
6826,120,9690,335490,335610
8712,120,9705,335595,335715
2752,120,9728,335692,335812
9584,120,9767,335773,335893
6874,120,9954,335706,335826
5317,121,8110,337670,337791
1708,121,8123,337778,337899
1199,121,8257,337765,337886
3370,121,8269,337874,337995
5523,121,8376,337888,338009
9629,121,8471,337914,338035
5486,121,8533,337973,338094
9751,121,8679,337948,338069
7983,121,8759,337989,338110
8372,121,8810,338059,338180
4887,121,8838,338152,338273
8842,121,8946,338165,338286
5365,121,8955,338277,338398
1934,121,8980,338373,338494
8673,121,9011,338463,338584
8748,121,9053,338542,338663
1974,121,9118,338598,338719
2442,121,9125,338712,338833
6725,121,9161,338797,338918
7138,121,9215,338864,338985
7886,121,9341,338859,338980
7074,121,9389,338932,339053
7269,121,9458,338984,339105
9324,121,9539,339024,339145
1456,121,9565,339119,339240
9238,121,9616,339189,339310
7127,121,9641,339285,339406
8619,121,9695,339352,339473
9671,121,9790,339378,339499
3886,121,9942,339347,339468
9483,121,9993,339417,339538
5555,122,8195,341336,341458
1766,122,8243,341410,341532
7231,122,8265,341510,341632
3025,122,8320,341577,341699
7586,122,8459,341560,341682
7481,122,8465,341676,341798
2715,122,8491,341772,341894
4382,122,8537,341848,341970
4548,122,8546,341961,342083
6368,122,8714,341915,342037
1682,122,8774,341977,342099
6370,122,8875,341998,342120
1927,122,8908,342087,342209
4048,122,9061,342056,342178
2998,122,9113,342126,342248
2095,122,9139,342222,342344
9262,122,9250,342233,342355
6469,122,9263,342342,342464
2195,122,9327,342400,342522
9207,122,9394,342455,342577
3102,122,9411,342560,342682
8523,122,9504,342589,342711
4418,122,9545,342670,342792
2893,122,9565,342772,342894
5604,122,9577,342882,343004
6651,122,9606,342975,343097
8867,122,9616,343087,343209
6121,122,9682,343143,343265
6506,122,9711,343236,343358
3782,122,9736,343333,343455
4613,122,9758,343433,343555
3322,122,9798,343515,343637
2735,122,9923,343512,343634
8099,122,9964,343593,343715
2420,122,9993,343686,343808
4228,123,8007,345794,345917
3460,123,8101,345823,345946
8323,123,8188,345859,345982
3941,123,8413,345757,345880
5163,123,8428,345865,345988
2439,123,8461,345955,346078
8766,123,8482,346057,346180
4545,123,8529,346133,346256
7376,123,8634,346151,346274
9112,123,8646,346262,346385
6214,123,8721,346310,346433
7141,123,8906,346248,346371
3239,123,8980,346297,346420
7005,123,9050,346350,346473
7085,123,9062,346461,346584
2187,123,9117,346529,346652
9184,123,9203,346566,346689
8354,123,9246,346646,346769
5936,123,9254,346761,346884
1446,123,9264,346874,346997
4159,123,9287,346974,347097
8454,123,9387,346997,347120
9475,123,9413,347094,347217
6003,123,9567,347063,347186
1491,123,9596,347157,347280
5181,123,9616,347260,347383
1954,123,9672,347327,347450
7542,123,9706,347416,347539
6026,123,9725,347520,347643
4264,123,9757,347611,347734
2909,123,9767,347724,347847
8926,123,9846,347768,347891
2880,124,8161,349576,349700
6191,124,8316,349545,349669
6849,124,8351,349634,349758
5320,124,8403,349706,349830
3777,124,8515,349718,349842
2484,124,8574,349783,349907
1931,124,8591,349890,350014
6553,124,8725,349880,350004
8028,124,8904,349825,349949
7491,124,8911,349942,350066
3300,124,9113,349864,349988
8765,124,9197,349904,350028
5990,124,9261,349964,350088
8573,124,9394,349955,350079
9966,124,9420,350053,350177
3761,124,9480,350117,350241
1045,124,9528,350193,350317
3635,124,9668,350177,350301
8491,124,9687,350282,350406
4255,124,9784,350309,350433
5445,124,9938,350279,350403
6805,125,8051,352290,352415
5081,125,8102,352364,352489
1679,125,8147,352444,352569
4339,125,8186,352530,352655
9562,125,8226,352615,352740
7580,125,8340,352626,352751
4850,125,8474,352617,352742
7740,125,8578,352638,352763
9442,125,8607,352734,352859
8234,125,8612,352854,352979
1437,125,8656,352935,353060
4657,125,8662,353054,353179
9249,125,8662,353179,353304
7197,125,8715,353251,353376
5575,125,8772,353319,353444
4821,125,8790,353426,353551
6688,125,8818,353523,353648
5548,125,8878,353588,353713
2831,125,8883,353708,353833
1591,125,8903,353813,353938
2943,125,8979,353862,353987
1391,125,8983,353983,354108
3798,125,9002,354089,354214
2643,125,9016,354200,354325
7016,125,9094,354247,354372
1977,125,9101,354365,354490
8894,125,9106,354485,354610
5806,125,9141,354575,354700
1146,125,9146,354695,354820
4598,125,9257,354709,354834
2384,125,9290,354801,354926
6402,125,9486,354730,354855
3194,125,9525,354816,354941
4371,125,9560,354906,355031
1235,125,9598,354993,355118
1847,125,9600,355116,355241
9820,126,8132,356709,356835
6581,126,8223,356744,356870
2513,126,8243,356850,356976
8478,126,8246,356973,357099
8906,126,8268,357077,357203
2479,126,8280,357191,357317
6497,126,8291,357306,357432
2500,126,8316,357407,357533
9139,126,8327,357522,357648
7714,126,8489,357486,357612
9254,126,8510,357591,357717
2125,126,8552,357675,357801
4733,126,8695,357658,357784
3924,126,8712,357767,357893
3853,126,8717,357888,358014
7296,126,8842,357889,358015
2508,126,8882,357975,358101
1907,126,8895,358088,358214
2122,126,8906,358203,358329
8154,126,8915,358320,358446
3423,126,9003,358358,358484
7759,126,9007,358480,358606
6378,126,9022,358591,358717
3388,126,9035,358704,358830
7176,126,9087,358778,358904
6250,126,9092,358899,359025
2724,126,9212,358905,359031
4459,126,9223,359020,359146
1547,126,9230,359139,359265
8312,126,9582,358913,359039
3615,126,9722,358899,359025
5085,126,9788,358959,359085
1626,126,9813,359060,359186
6517,126,9906,359093,359219
7566,126,9908,359217,359343
7003,126,9962,359289,359415
8035,127,8108,361269,361396
2727,127,8150,361354,361481
1124,127,8180,361451,361578
7475,127,8183,361575,361702
7799,127,8298,361587,361714
2631,127,8303,361709,361836
3456,127,8615,361524,361651
2486,127,8637,361629,361756
2906,127,8716,361677,361804
8067,127,8819,361701,361828
3458,127,8908,361739,361866
3902,127,8916,361858,361985
2140,127,8943,361958,362085
7125,127,8990,362038,362165
3529,127,8998,362157,362284
3218,127,9002,362280,362407
5168,127,9041,362368,362495
4584,127,9141,362395,362522
5454,127,9166,362497,362624
6580,127,9192,362598,362725
4890,127,9284,362633,362760
5680,127,9308,362736,362863
9923,127,9556,362615,362742
2822,127,9876,362422,362549
7244,127,9883,362542,362669
6597,128,8023,364529,364657
5868,128,8031,364649,364777
7262,128,8135,364673,364801
3325,128,8260,364676,364804
3193,128,8310,364754,364882
1218,128,8413,364779,364907
6034,128,8460,364860,364988
9290,128,8519,364929,365057
3894,128,8532,365044,365172
7277,128,8843,364861,364989
9648,128,8925,364907,365035
4050,128,8975,364985,365113
2829,128,9020,365068,365196
6601,128,9034,365182,365310
3389,128,9074,365270,365398
1961,128,9139,365333,365461
6712,128,9242,365358,365486
8627,128,9419,365309,365437
3817,128,9433,365423,365551
9884,128,9467,365517,365645
6711,128,9494,365618,365746
6071,128,9573,365667,365795
7413,128,9649,365719,365847
4905,128,9742,365754,365882
1131,128,9970,365654,365782
2767,128,9986,365766,365894
8390,129,8111,367769,367898
8418,129,8190,367819,367948
4324,129,8296,367842,367971
8492,129,8357,367910,368039
5725,129,8434,367962,368091
3204,129,8530,367995,368124
1826,129,8536,368118,368247
2079,129,8555,368228,368357
4594,129,8617,368295,368424
2002,129,8755,368286,368415
6070,129,8761,368409,368538
1507,129,8780,368519,368648
9916,129,8818,368610,368739
2825,129,8826,368731,368860
5876,129,8899,368787,368916
2154,129,8900,368915,369044
3313,129,9004,368940,369069
6839,129,9013,369060,369189
3301,129,9134,369068,369197
8501,129,9148,369183,369312
6528,129,9165,369295,369424
2052,129,9343,369246,369375
2606,129,9406,369312,369441
6531,129,9408,369439,369568
9088,129,9426,369550,369679
6612,129,9458,369647,369776
5391,129,9637,369597,369726
6362,129,9686,369677,369806
4564,129,9717,369775,369904
4029,129,9791,369830,369959
5578,129,9845,369905,370034
9491,129,9925,369954,370083
9288,130,8139,371869,371999
6117,130,8155,371983,372113
9701,130,8177,372091,372221
8779,130,8184,372214,372344
8700,130,8598,371930,372060
1610,130,8795,371863,371993
3129,130,8796,371992,372122
4172,130,8815,372103,372233
6051,130,8938,372110,372240
1596,130,8944,372234,372364
8207,130,9034,372274,372404
5545,130,9163,372275,372405
9216,130,9182,372386,372516
1209,130,9213,372485,372615
8517,130,9281,372547,372677
8877,130,9610,372348,372478
1495,130,9647,372441,372571
5378,130,9760,372458,372588
6564,130,9773,372575,372705
5462,130,9777,372701,372831
2571,130,9862,372746,372876
9345,130,9899,372839,372969
3567,130,9922,372946,373076
3142,130,9952,373046,373176
1188,130,9997,373131,373261
3537,131,8117,375141,375272
3412,131,8188,375201,375332
6091,131,8257,375263,375394
9456,131,8271,375380,375511
6127,131,8362,375420,375551
3473,131,8375,375538,375669
2071,131,8411,375633,375764
2144,131,8437,375738,375869
3235,131,8536,375770,375901
5098,131,8667,375770,375901
5528,131,8901,375667,375798
2662,131,8959,375740,375871
3101,131,8988,375842,375973
6661,131,9030,375931,376062
5873,131,9148,375944,376075
2526,131,9211,376012,376143
4642,131,9243,376111,376242
1175,131,9247,376238,376369
7088,131,9267,376349,376480
3182,131,9312,376435,376566
5581,131,9326,376552,376683
1240,131,9373,376636,376767
4049,131,9407,376733,376864
4090,131,9526,376745,376876
8274,131,9581,376821,376952
2123,131,9666,376867,376998
6490,131,9729,376935,377066
4150,131,9824,376971,377102
7369,131,9830,377096,377227
8650,131,9919,377138,377269
5206,131,9947,377241,377372
3595,132,8091,379228,379360
2358,132,8125,379326,379458
8786,132,8295,379288,379420
2366,132,8312,379403,379535
1166,132,8313,379534,379666
9910,132,8331,379648,379780
3304,132,8345,379766,379898
7701,132,8355,379888,380020
3738,132,8367,380008,380140
2417,132,8392,380115,380247
7511,132,8511,380128,380260
6299,132,8611,380160,380292
2722,132,8727,380176,380308
7460,132,8859,380176,380308
5463,132,8881,380286,380418
6515,132,8943,380356,380488
9253,132,8983,380448,380580
2778,132,9042,380521,380653
1421,132,9068,380627,380759
3289,132,9302,380525,380657
3942,132,9318,380641,380773
2374,132,9344,380747,380879
8744,132,9503,380720,380852
8800,132,9503,380852,380984
2356,132,9687,380800,380932
2023,132,9719,380900,381032
5359,132,9741,381010,381142
2604,132,9814,381069,381201
8734,132,9841,381174,381306
9401,132,9862,381285,381417
6095,132,9988,381291,381423
8887,133,8002,383409,383542
9414,133,8192,383352,383485
3661,133,8302,383375,383508
5624,133,8365,383445,383578
7421,133,8377,383566,383699
1962,133,8624,383452,383585
5352,133,8782,383427,383560
7767,133,8815,383527,383660
6427,133,8946,383529,383662
8777,133,9044,383564,383697
3008,133,9081,383660,383793
5783,133,9086,383788,383921
9581,133,9237,383770,383903
4817,133,9276,383864,383997
1245,133,9322,383951,384084
2312,133,9358,384048,384181
9110,133,9429,384110,384243
8293,133,9433,384239,384372
8295,133,9595,384210,384343
3079,133,9912,384026,384159
5152,133,9994,384077,384210
4605,134,8003,386201,386335
4008,134,8098,386240,386374
2840,134,8367,386105,386239
5767,134,8420,386186,386320
4704,134,8501,386239,386373
8979,134,8510,386364,386498
3988,134,8557,386451,386585
7569,134,8608,386534,386668
5064,134,8797,386479,386613
3700,134,8834,386576,386710
3561,134,8961,386583,386717
1689,134,8996,386682,386816
1299,134,9005,386807,386941
9065,134,9028,386918,387052
6850,134,9072,387008,387142
2363,134,9182,387032,387166
3874,134,9291,387057,387191
5165,134,9307,387175,387309
4531,134,9523,387093,387227
8222,134,9524,387226,387360
2155,134,9663,387221,387355
2886,134,9777,387241,387375
7130,134,9809,387343,387477
3480,134,9839,387447,387581
2842,134,9924,387496,387630
3189,134,9975,387579,387713
3868,135,8070,389618,389753
1988,135,8213,389610,389745
4570,135,8252,389706,389841
4687,135,8318,389775,389910
8564,135,8365,389863,389998
2694,135,8525,389838,389973
8701,135,8579,389919,390054
4814,135,8589,390044,390179
8740,135,8616,390152,390287
3202,135,8629,390274,390409
1506,135,8650,390388,390523
8464,135,8817,390356,390491
5216,135,8935,390373,390508
8298,135,8965,390478,390613
9208,135,9037,390541,390676
7784,135,9044,390669,390804
2329,135,9098,390750,390885
4133,135,9204,390779,390914
1172,135,9278,390840,390975
7793,135,9290,390963,391098
3476,135,9548,390840,390975
3739,135,9603,390920,391055
3948,135,9699,390959,391094
7673,135,9712,391081,391216
5789,135,9805,391123,391258
2859,135,9892,391171,391306
7862,135,9893,391305,391440
7443,135,9921,391412,391547
6170,135,9926,391542,391677
4128,135,9949,391654,391789
1069,135,9959,391779,391914
9725,136,8031,393842,393978
7744,136,8104,393905,394041
4475,136,8181,393964,394100
5178,136,8204,394077,394213
6456,136,8355,394062,394198
7737,136,8367,394186,394322
3659,136,8603,394086,394222
1372,136,8759,394066,394202
8303,136,8801,394160,394296
8552,136,8802,394295,394431
7826,136,8847,394386,394522
4397,136,8892,394477,394613
6987,136,9017,394488,394624
3120,136,9074,394567,394703
6470,136,9188,394589,394725
8490,136,9204,394709,394845
6296,136,9226,394823,394959
1099,136,9270,394915,395051
5026,136,9362,394959,395095
1571,136,9383,395074,395210
3283,136,9448,395145,395281
5015,136,9492,395237,395373
2524,136,9506,395359,395495
7444,136,9575,395426,395562
1088,136,9640,395497,395633
6160,136,9719,395554,395690
9548,136,9828,395581,395717
6168,136,9842,395703,395839
1943,136,9954,395727,395863
2557,136,9973,395844,395980
5831,136,9986,395967,396103
8148,137,8076,398013,398150
4160,137,8191,398035,398172
2985,137,8204,398159,398296
8365,137,8447,398053,398190
3797,137,8459,398178,398315
8320,137,8579,398195,398332
4395,137,8696,398215,398352
2411,137,8742,398306,398443
3467,137,8756,398429,398566
4620,137,8793,398529,398666
3413,137,8807,398652,398789
6180,137,8842,398754,398891
6769,137,8845,398888,399025
2572,137,8948,398922,399059
9665,137,8991,399016,399153
6738,137,9237,398907,399044
5125,137,9316,398965,399102
5169,137,9325,399093,399230
2097,137,9513,399042,399179
5243,137,9522,399170,399307
7022,137,9583,399246,399383
4992,137,9654,399312,399449
3897,137,9677,399426,399563
4847,137,9704,399536,399673
9865,137,9865,399512,399649
4858,138,8065,401449,401587
3424,138,8101,401551,401689
1703,138,8167,401623,401761
2739,138,8236,401692,401830
2117,138,8318,401748,401886
5897,138,8366,401838,401976
6568,138,8408,401934,402072
4501,138,8433,402047,402185
4592,138,8440,402178,402316
4016,138,8478,402278,402416
3011,138,8508,402386,402524
6100,138,8555,402477,402615
9929,138,8563,402607,402745
8373,138,8579,402729,402867
3326,138,8695,402751,402889
7646,138,8733,402851,402989
4839,138,8809,402913,403051
5593,138,8816,403044,403182
3198,138,8908,403090,403228
9616,138,9068,403068,403206
3419,138,9167,403107,403245
6173,138,9192,403220,403358
8223,138,9337,403213,403351
8052,138,9452,403236,403374
6000,138,9454,403372,403510
6058,138,9542,403422,403560
8063,138,9546,403556,403694
3244,138,9547,403693,403831
6212,138,9577,403801,403939
4196,138,9594,403922,404060
5768,138,9697,403957,404095
9342,138,9715,404077,404215
2275,138,9785,404145,404283
9527,138,9806,404262,404400
2730,139,8107,406099,406238
5740,139,8109,406236,406375
6734,139,8439,406045,406184
3309,139,8485,406138,406277
8666,139,8493,406269,406408
6545,139,8537,406364,406503
5580,139,8634,406406,406545
5392,139,8698,406481,406620
4810,139,8738,406580,406719
7514,139,8743,406714,406853
5136,139,8783,406813,406952
3891,139,8826,406909,407048
2258,139,8934,406940,407079
6611,139,8941,407072,407211
2376,139,9046,407106,407245
9898,139,9061,407230,407369
9375,139,9088,407342,407481
5302,139,9272,407297,407436
6954,139,9365,407343,407482
3887,139,9496,407351,407490
6670,139,9690,407296,407435
4230,139,9724,407401,407540
1771,139,9740,407524,407663
9807,139,9756,407647,407786
5172,139,9820,407722,407861
9322,139,9820,407861,408000
7724,139,9867,407953,408092
5059,139,9892,408067,408206
9847,139,9945,408153,408292
4357,140,8282,409955,410095
9773,140,8464,409913,410053
5687,140,8506,410011,410151
6358,140,8521,410136,410276
4012,140,8540,410257,410397
6906,140,8551,410386,410526
7557,140,8657,410420,410560
1097,140,8659,410558,410698
3387,140,8666,410691,410831
2207,140,8756,410741,410881
3946,140,8775,410862,411002
7806,140,8895,410882,411022
4391,140,8955,410962,411102
8655,140,9007,411050,411190
1258,140,9049,411148,411288
2667,140,9125,411212,411352
3658,140,9167,411310,411450
6916,140,9198,411419,411559
6060,140,9432,411325,411465
5769,140,9489,411408,411548
5652,140,9598,411439,411579
1466,140,9613,411564,411704
7830,140,9723,411594,411734
4708,140,9818,411639,411779
9308,140,9823,411774,411914
5907,140,9827,411910,412050
9231,140,9884,411993,412133
3453,140,9886,412131,412271
7568,140,9911,412246,412386
2057,140,9921,412376,412516
3943,140,9964,412473,412613
3143,140,9975,412602,412742
1052,141,8005,414712,414853
9202,141,8011,414847,414988
1210,141,8024,414975,415116
1118,141,8104,415036,415177
1365,141,8204,415077,415218
8687,141,8216,415206,415347
8839,141,8279,415284,415425
7094,141,8492,415212,415353
3995,141,8522,415323,415464
2648,141,8612,415374,415515
8818,141,8637,415490,415631
1862,141,8673,415595,415736
4398,141,8677,415732,415873
3745,141,8777,415773,415914
7473,141,8834,415857,415998
5190,141,8840,415992,416133
8266,141,9103,415870,416011
1161,141,9309,415805,415946
1549,141,9394,415861,416002
3468,141,9402,415994,416135
1359,141,9516,416021,416162
8400,141,9569,416109,416250
7449,141,9584,416235,416376
1841,141,9592,416368,416509
5822,141,9662,416439,416580
6656,142,8004,418238,418380
8364,142,8042,418342,418484
8996,142,8087,418439,418581
7414,142,8143,418525,418667
2424,142,8165,418645,418787
3230,142,8169,418783,418925
7938,142,8191,418903,419045
3765,142,8200,419036,419178
1614,142,8216,419162,419304
3437,142,8251,419269,419411
8847,142,8321,419341,419483
7152,142,8364,419440,419582
8799,142,8434,419512,419654
5388,142,8631,419457,419599
1026,142,8738,419492,419634
1028,142,8777,419595,419737
2126,142,9013,419501,419643
5981,142,9024,419632,419774
3920,142,9042,419756,419898
5004,142,9160,419780,419922
6600,142,9168,419914,420056
4745,142,9340,419884,420026
6126,142,9415,419951,420093
8869,142,9492,420016,420158
7885,142,9503,420147,420289
2689,142,9614,420178,420320
6923,142,9661,420273,420415
2296,142,9668,420408,420550
4312,142,9748,420470,420612
9727,142,9770,420590,420732
5634,142,9788,420714,420856
2364,142,9879,420765,420907
2181,142,9884,420902,421044
6419,142,9952,420976,421118
3167,142,9992,421078,421220
6527,143,8004,423208,423351
2511,143,8031,423324,423467
9042,143,8073,423425,423568
1893,143,8109,423532,423675
6840,143,8147,423637,423780
4409,143,8251,423676,423819
6137,143,8274,423796,423939
8721,143,8320,423893,424036
6464,143,8434,423922,424065
3395,143,8483,424016,424159
6305,143,8502,424140,424283
6110,143,8517,424268,424411
1270,143,8575,424353,424496
8585,143,8599,424472,424615
9835,143,8677,424537,424680
3601,143,8730,424627,424770
6841,143,8742,424758,424901
9354,143,8780,424863,425006
8715,143,8827,424959,425102
8758,143,8916,425013,425156
6135,143,8951,425121,425264
5704,143,9064,425151,425294
2861,143,9210,425148,425291
6395,143,9261,425240,425383
8946,143,9277,425367,425510
4284,143,9317,425470,425613
9626,143,9324,425606,425749
2830,143,9378,425695,425838
4635,143,9564,425652,425795
7081,143,9586,425773,425916
2622,143,9599,425903,426046
2600,143,9643,426002,426145
8056,143,9690,426098,426241
5850,143,9835,426096,426239
7271,143,9998,426076,426219
8417,144,8040,428177,428321
7972,144,8044,428317,428461
2601,144,8112,428393,428537
6078,144,8216,428433,428577
9280,144,8243,428550,428694
2547,144,8251,428686,428830
1764,144,8318,428763,428907
7592,144,8432,428793,428937
4077,144,8457,428912,429056
7415,144,8481,429032,429176
6413,144,8494,429163,429307
6609,144,8500,429301,429445
6192,144,8501,429444,429588
5406,144,8510,429579,429723
9078,144,8514,429719,429863
8201,144,8641,429736,429880
3341,144,8690,429831,429975
5744,144,8720,429945,430089
4930,144,8793,430016,430160
9796,144,8876,430077,430221
4140,144,8970,430127,430271
4224,144,9001,430240,430384
3293,144,9091,430294,430438
5499,144,9161,430368,430512
9226,144,9180,430493,430637
6028,144,9198,430619,430763
6304,144,9252,430709,430853
3382,144,9259,430846,430990
1986,144,9315,430934,431078
5160,144,9338,431055,431199
2323,144,9582,430955,431099
8142,144,9722,430959,431103
1485,144,9753,431072,431216
1991,145,8084,432885,433030
5447,145,8246,432868,433013
9961,145,8450,432809,432954
3223,145,8505,432899,433044
7107,145,8546,433003,433148
4784,145,8850,432844,432989
2617,145,9005,432834,432979
4298,145,9090,432894,433039
8329,145,9201,432928,433073
7802,145,9348,432926,433071
7217,145,9397,433022,433167
6134,145,9400,433164,433309
5321,145,9494,433215,433360
4571,145,9560,433294,433439
5764,145,9599,433400,433545
1659,145,9766,433378,433523
9609,145,9822,433467,433612
5174,145,9931,433503,433648
8817,146,8068,435511,435657
3314,146,8143,435582,435728
8197,146,8209,435662,435808
3577,146,8246,435771,435917
3014,146,8386,435777,435923
6435,146,8388,435921,436067
2532,146,8490,435965,436111
7215,146,8538,436063,436209
7822,146,8548,436199,436345
7067,146,8750,436143,436289
7401,146,8751,436288,436434
3251,146,8760,436425,436571
8753,146,8817,436514,436660
6560,146,9083,436394,436540
5413,146,9107,436516,436662
1250,146,9203,436566,436712
1107,146,9289,436626,436772
8985,146,9452,436609,436755
6964,146,9498,436709,436855
2628,146,9507,436846,436992
6383,146,9560,436939,437085
7434,146,9753,436892,437038
8330,146,9770,437021,437167
8695,146,9803,437134,437280
9981,146,9817,437266,437412
1383,146,9894,437335,437481
5653,147,8055,439320,439467
2777,147,8068,439454,439601
9617,147,8086,439583,439730
8621,147,8167,439649,439796
2597,147,8338,439625,439772
1788,147,8416,439694,439841
9776,147,8438,439819,439966
5396,147,8541,439863,440010
8988,147,8591,439960,440107
6027,147,8779,439919,440066
9171,147,8808,440037,440184
4229,147,8837,440155,440302
9240,147,8880,440259,440406
1639,147,9128,440158,440305
4503,147,9203,440230,440377
5377,147,9211,440369,440516
6213,147,9261,440466,440613
5649,147,9296,440578,440725
3963,147,9329,440692,440839
9209,147,9393,440775,440922
1208,147,9397,440918,441065
6041,147,9500,440962,441109
1800,147,9524,441085,441232
1632,147,9525,441231,441378
8444,147,9616,441287,441434
3721,147,9656,441394,441541
7949,147,9775,441422,441569
1947,147,9868,441476,441623
6731,147,9967,441524,441671
6959,148,8007,443631,443779
9656,148,8080,443706,443854
6187,148,8082,443852,444000
9802,148,8187,443895,444043
7317,148,8222,444008,444156
7613,148,8316,444062,444210
8569,148,8319,444207,444355
4126,148,8325,444349,444497
4432,148,8350,444472,444620
2208,148,8355,444615,444763
3964,148,8448,444670,444818
9526,148,8532,444734,444882
9081,148,8591,444823,444971
9858,148,8613,444949,445097
3926,148,8627,445083,445231
1246,148,8772,445086,445234
5866,148,8881,445125,445273
5663,148,9182,444972,445120
8431,148,9365,444937,445085
4052,148,9422,445028,445176
6708,148,9474,445124,445272
6702,148,9519,445227,445375
8108,148,9533,445361,445509
3168,148,9595,445447,445595
1309,148,9639,445551,445699
2054,148,9704,445634,445782
8949,148,9758,445728,445876
8178,148,9777,445857,446005
8408,148,9945,445837,445985
6939,148,9954,445976,446124
2284,148,9984,446094,446242
9469,149,8044,448182,448331
4879,149,8175,448200,448349
3621,149,8226,448298,448447
6944,149,8227,448446,448595
1204,149,8230,448592,448741
1902,149,8239,448732,448881
7780,149,8311,448809,448958
1492,149,8459,448810,448959
1508,149,8482,448936,449085
2986,149,8589,448978,449127
3256,149,8697,449019,449168
7950,149,8718,449147,449296
3095,149,8942,449072,449221
3115,149,8958,449205,449354
5667,149,8975,449337,449486
2992,149,8998,449463,449612
1110,149,9027,449583,449732
2349,149,9241,449518,449667
4785,149,9276,449632,449781
6155,149,9281,449776,449925
9627,149,9329,449877,450026
7932,149,9626,449729,449878
9030,149,9702,449802,449951
2127,149,9726,449927,450076
7721,149,9729,450073,450222
4047,149,9786,450165,450314
6476,149,9794,450306,450455
9595,149,9841,450408,450557
7479,149,9856,450542,450691
3605,149,9870,450677,450826
9885,149,9891,450805,450954
5538,149,9930,450915,451064
7850,149,9940,451054,451203
1702,149,9950,451193,451342
2685,149,9995,451297,451446
7029,150,8043,453398,453548
7572,150,8217,453374,453524
2326,150,8284,453457,453607
9921,150,8321,453570,453720
8865,150,8545,453496,453646
4356,150,8596,453595,453745
1509,150,8736,453605,453755
7555,150,8863,453628,453778
7770,150,8934,453707,453857
6242,150,8975,453816,453966
8137,150,9017,453924,454074
5491,150,9051,454040,454190
9388,150,9107,454134,454284
9758,150,9147,454244,454394
7864,150,9310,454231,454381
7656,150,9355,454336,454486
5107,150,9401,454440,454590
1247,150,9404,454587,454737
8085,150,9450,454691,454841
8939,150,9552,454739,454889
8510,150,9569,454872,455022
8040,150,9593,454998,455148
9093,150,9615,455126,455276
7853,150,9673,455218,455368
7768,150,9695,455346,455496
1044,150,9703,455488,455638
1650,150,9873,455468,455618
2714,150,9979,455512,455662
3748,151,8008,457633,457784
3714,151,8039,457753,457904
9892,151,8135,457808,457959
5778,151,8285,457809,457960
9087,151,8302,457943,458094
3696,151,8311,458085,458236
3127,151,8354,458193,458344
4633,151,8369,458329,458480
7772,151,8566,458283,458434
1554,151,8580,458420,458571
9872,151,8675,458476,458627
7672,151,8808,458494,458645
3929,151,8965,458488,458639
1386,151,8984,458620,458771
4728,151,8993,458762,458913
5087,151,9005,458901,459052
5285,151,9036,459021,459172
7340,151,9093,459115,459266
4430,151,9152,459207,459358
5532,151,9382,459128,459279
7895,151,9400,459261,459412
4625,151,9407,459405,459556
4286,151,9561,459402,459553
2870,151,9670,459444,459595
7432,151,9707,459558,459709
8164,151,9717,459699,459850
3205,151,9855,459712,459863
6988,151,9909,459809,459960
4107,151,9918,459951,460102
1095,151,9960,460060,460211
8159,151,9970,460201,460352
2197,151,9990,460332,460483
2003,152,8016,462457,462609
9560,152,8100,462525,462677
3280,152,8209,462568,462720
5682,152,8213,462716,462868
4864,152,8276,462805,462957
1147,152,8394,462839,462991
3663,152,8431,462954,463106
8997,152,8728,462809,462961
5307,152,8767,462922,463074
1855,152,8973,462868,463020
3090,152,9038,462955,463107
9148,152,9046,463099,463251
4258,152,9053,463244,463396
6156,152,9122,463327,463479
1620,152,9268,463333,463485
2256,152,9310,463443,463595
2980,152,9438,463467,463619
8039,152,9543,463514,463666
5051,152,9598,463611,463763
9174,152,9626,463735,463887
3840,152,9632,463881,464033
3502,152,9649,464016,464168
5650,152,9712,464105,464257
3169,152,9748,464221,464373
6852,152,9911,464210,464362
2507,152,9997,464276,464428
7836,153,8095,466330,466483
2887,153,8139,466439,466592
3440,153,8233,466498,466651
9612,153,8250,466634,466787
1342,153,8254,466783,466936
8236,153,8329,466861,467014
2784,153,8368,466975,467128
4726,153,8403,467093,467246
3132,153,8421,467228,467381
7679,153,8468,467334,467487
6389,153,8525,467430,467583
7711,153,8633,467475,467628
1296,153,8787,467474,467627
6982,153,8871,467543,467696
8394,153,8879,467688,467841
8629,153,9071,467649,467802
1763,153,9184,467689,467842
2156,153,9390,467636,467789
8318,153,9431,467748,467901
6258,153,9513,467819,467972
8475,153,9515,467970,468123
5244,153,9577,468061,468214
8784,153,9604,468187,468340
7213,153,9749,468195,468348
9296,153,9795,468302,468455
4246,153,9803,468447,468600
9500,153,9858,468545,468698
3131,153,9882,468674,468827
4181,153,9921,468788,468941
6759,153,9926,468936,469089
4410,154,8079,470936,471090
1889,154,8180,470989,471143
3498,154,8190,471133,471287
6218,154,8326,471151,471305
5895,154,8344,471287,471441
4902,154,8481,471304,471458
1625,154,8537,471402,471556
6177,154,8594,471499,471653
9222,154,8669,471578,471732
2895,154,8734,471667,471821
5356,154,8831,471724,471878
9037,154,8889,471820,471974
9806,154,8971,471892,472046
2691,154,9122,471895,472049
3743,154,9138,472033,472187
7089,154,9171,472154,472308
3339,154,9181,472298,472452
3649,154,9196,472437,472591
9555,154,9315,472472,472626
2899,154,9350,472591,472745
7728,154,9372,472723,472877
1064,154,9462,472787,472941
8773,154,9542,472861,473015
7133,154,9556,473001,473155
8916,154,9614,473097,473251
1253,154,9621,473244,473398
4109,154,9678,473341,473495
8341,154,9851,473322,473476
4393,154,9933,473394,473548
5612,154,9941,473540,473694
3513,154,9978,473657,473811
2152,155,8013,475776,475931
1785,155,8059,475885,476040
8808,155,8127,475972,476127
3562,155,8295,475959,476114
3985,155,8321,476088,476243
6629,155,8344,476220,476375
9634,155,8427,476292,476447
5818,155,8501,476373,476528
4673,155,8522,476507,476662
4906,155,8618,476566,476721
9320,155,8655,476684,476839
7010,155,8755,476739,476894
9156,155,8899,476750,476905
6842,155,8916,476888,477043
2734,155,8984,476975,477130
4931,155,9024,477090,477245
6910,155,9058,477211,477366
3407,155,9059,477365,477520
1183,155,9067,477512,477667
7289,155,9132,477602,477757
1412,155,9231,477658,477813
1301,155,9252,477792,477947
1505,155,9284,477915,478070
7811,155,9440,477914,478069
7452,155,9604,477905,478060
1063,155,9747,477917,478072
7605,155,9981,477838,477993
5158,156,8054,479920,480076
8024,156,8076,480054,480210
2086,156,8080,480206,480362
2440,156,8201,480241,480397
4772,156,8209,480389,480545
4916,156,8253,480501,480657
3479,156,8325,480585,480741
3667,156,8420,480646,480802
4370,156,8508,480714,480870
8123,156,8512,480866,481022
6227,156,8533,481001,481157
3190,156,8552,481138,481294
3847,156,8749,481097,481253
6701,156,8908,481094,481250
1540,156,8918,481240,481396
1282,156,8969,481345,481501
6619,156,9068,481402,481558
9027,156,9191,481435,481591
1607,156,9196,481586,481742
3702,156,9241,481697,481853
4909,156,9258,481836,481992
8679,156,9309,481941,482097
6380,156,9318,482088,482244
7284,156,9344,482218,482374
7755,156,9418,482300,482456
2590,156,9464,482410,482566
9250,156,9583,482447,482603
8048,156,9614,482572,482728
8195,156,9668,482674,482830
8049,156,9680,482818,482974
3471,156,9721,482933,483089
9636,156,9755,483055,483211
7112,156,9776,483190,483346
6922,156,9809,483313,483469
4588,156,9905,483373,483529
3470,157,8006,485428,485585
9191,157,8008,485583,485740
5539,157,8009,485739,485896
9750,157,8126,485779,485936
2517,157,8128,485934,486091
4652,157,8428,485791,485948
6356,157,8428,485948,486105
3553,157,8454,486079,486236
2793,157,8470,486220,486377
6563,157,8503,486344,486501
5837,157,8593,486411,486568
4252,157,8708,486453,486610
3638,157,8735,486583,486740
3525,157,8853,486622,486779
8004,157,8957,486675,486832
4036,157,8976,486813,486970
6900,157,8977,486969,487126
3998,157,9122,486981,487138
1056,157,9126,487134,487291
3241,157,9198,487219,487376
1683,157,9209,487365,487522
3590,157,9234,487497,487654
8206,157,9384,487504,487661
2925,157,9411,487634,487791
5557,157,9555,487647,487804
5658,157,9641,487718,487875
7052,157,9700,487816,487973
8242,157,9739,487934,488091
9967,157,9758,488072,488229
9975,157,9794,488193,488350
3294,157,9931,488213,488370
6307,157,9932,488369,488526
3108,157,9952,488506,488663
2809,157,9993,488622,488779
5844,158,8025,490747,490905
5654,158,8069,490861,491019
9138,158,8182,490906,491064
9470,158,8419,490827,490985
8726,158,8436,490968,491126
5195,158,8469,491093,491251
7180,158,8525,491195,491353
6017,158,8529,491349,491507
6188,158,8554,491482,491640
9135,158,8674,491520,491678
2966,158,8728,491624,491782
1206,158,8936,491574,491732
1388,158,8964,491704,491862
2322,158,8995,491831,491989
2564,158,9021,491963,492121
3641,158,9116,492026,492184
4470,158,9291,492009,492167
5573,158,9298,492160,492318
8892,158,9357,492259,492417
6924,158,9423,492351,492509
4383,158,9483,492449,492607
5763,158,9488,492602,492760
9405,158,9534,492714,492872
3367,158,9559,492847,493005
6566,158,9821,492743,492901
3245,159,8078,494644,494803
2000,159,8081,494800,494959
8509,159,8081,494959,495118
1130,159,8143,495056,495215
6793,159,8143,495215,495374
5473,159,8213,495304,495463
1286,159,8280,495396,495555
1488,159,8292,495543,495702
8306,159,8338,495656,495815
1642,159,8344,495809,495968
9386,159,8486,495826,495985
7178,159,8698,495773,495932
3639,159,8732,495898,496057
6963,159,8748,496041,496200
4368,159,8796,496152,496311
2396,159,8797,496310,496469
6878,159,8829,496437,496596
9704,159,9000,496425,496584
6069,159,9010,496574,496733
8747,159,9052,496691,496850
8017,159,9086,496816,496975
3759,159,9191,496870,497029
4978,159,9274,496946,497105
6396,159,9295,497084,497243
4649,159,9337,497201,497360
7238,159,9339,497358,497517
5175,159,9367,497489,497648
6663,159,9520,497495,497654
8284,159,9550,497624,497783
4040,159,9558,497775,497934
1543,159,9570,497922,498081
6815,159,9633,498018,498177
7787,159,9657,498153,498312
4434,159,9699,498270,498429
8456,159,9708,498420,498579
2688,160,8009,500278,500438
8711,160,8124,500323,500483
1742,160,8158,500449,500609
3778,160,8412,500355,500515
3207,160,8430,500497,500657
3836,160,8441,500646,500806
6773,160,8452,500795,500955
1657,160,8464,500943,501103
6005,160,8558,501009,501169
5075,160,8563,501164,501324
6508,160,8688,501199,501359
4076,160,8697,501350,501510
1694,160,8700,501507,501667
3323,160,8762,501605,501765
7108,160,8876,501651,501811
2062,160,8964,501723,501883
1530,160,8972,501875,502035
2672,160,9005,502002,502162
1933,160,9013,502154,502314
9596,160,9080,502247,502407
5187,160,9094,502393,502553
6994,160,9150,502497,502657
9323,160,9294,502513,502673
3489,160,9397,502570,502730
8458,160,9589,502538,502698
2544,160,9640,502647,502807
6195,160,9666,502781,502941
4053,160,9677,502930,503090
7054,160,9701,503066,503226
8793,160,9777,503150,503310
5380,160,9788,503299,503459
2903,160,9824,503423,503583
9294,160,9835,503572,503732
6485,161,8000,505567,505728
8304,161,8167,505561,505722
9360,161,8291,505598,505759
9918,161,8315,505735,505896
9670,161,8367,505844,506005
6583,161,8385,505987,506148
7723,161,8486,506047,506208
9098,161,8493,506201,506362
4401,161,8530,506325,506486
9574,161,8568,506448,506609
9721,161,8589,506588,506749
5327,161,8663,506675,506836
1174,161,8755,506744,506905
7046,161,8755,506905,507066
1912,161,8808,507013,507174
1011,161,8822,507160,507321
6875,161,8897,507246,507407
9642,161,8898,507406,507567
2913,161,8969,507496,507657
8845,161,8982,507644,507805
6858,161,9145,507642,507803
3573,161,9213,507735,507896
8020,161,9219,507890,508051
6899,161,9280,507990,508151
3272,161,9285,508146,508307
1233,161,9496,508096,508257
1076,161,9555,508198,508359
8073,161,9625,508289,508450
4928,161,9626,508449,508610
4556,161,9775,508461,508622
7763,161,9799,508598,508759
3710,161,9873,508685,508846
9759,162,8151,510568,510730
9067,162,8271,510610,510772
6011,162,8297,510746,510908
3393,162,8377,510828,510990
4734,162,8470,510897,511059
4355,162,8574,510955,511117
7164,162,8637,511054,511216
2589,162,8685,511168,511330
4868,162,8740,511275,511437
2385,162,8761,511416,511578
8691,162,8925,511414,511576
7903,162,9002,511499,511661
6237,162,9015,511648,511810
9913,162,9025,511800,511962
2976,162,9047,511940,512102
9039,162,9199,511950,512112
8955,162,9365,511946,512108
9031,162,9620,511853,512015
2064,162,9787,511848,512010
6845,162,9981,511816,511978
7930,162,9990,511969,512131
3707,163,8016,514105,514268
9074,163,8136,514148,514311
4261,163,8139,514308,514471
4509,163,8200,514410,514573
2953,163,8212,514561,514724
5727,163,8226,514710,514873
7939,163,8463,514636,514799
7786,163,8522,514740,514903
9840,163,8574,514851,515014
8470,163,8609,514979,515142
6671,163,8660,515091,515254
5504,163,8709,515205,515368
1407,163,8714,515363,515526
2330,163,8750,515490,515653
9119,163,8844,515559,515722
6567,163,8860,515706,515869
6113,163,8919,515810,515973
4979,163,8950,515942,516105
7463,163,9095,515960,516123
5342,163,9143,516075,516238
3072,163,9187,516194,516357
6737,163,9196,516348,516511
5111,163,9456,516251,516414
1337,163,9586,516284,516447
3742,163,9591,516442,516605
8457,163,9664,516532,516695
5151,163,9742,516617,516780
4820,163,9800,516722,516885
5730,163,9988,516697,516860
4174,164,8013,518835,518999
1744,164,8083,518929,519093
6533,164,8203,518973,519137
9654,164,8291,519049,519213
3776,164,8542,518962,519126
6215,164,8616,519052,519216
6905,164,8629,519203,519367
7782,164,8767,519229,519393
2310,164,8855,519305,519469
7995,164,8936,519388,519552
6935,164,8953,519535,519699
7964,164,9005,519647,519811
8838,164,9124,519692,519856
5467,164,9158,519822,519986
5824,164,9293,519851,520015
2462,164,9313,519995,520159
3511,164,9331,520141,520305
1312,164,9363,520273,520437
9396,164,9444,520356,520520
7023,164,9470,520494,520658
6165,164,9584,520544,520708
4780,164,9585,520707,520871
2100,164,9611,520845,521009
7422,164,9658,520962,521126
8911,164,9664,521120,521284
4848,164,9718,521230,521394
1894,164,9844,521268,521432
9800,164,9935,521341,521505
3447,165,8017,523423,523588
8112,165,8031,523574,523739
8575,165,8068,523702,523867
7935,165,8103,523832,523997
9685,165,8203,523897,524062
7684,165,8316,523949,524114
3935,165,8329,524101,524266
6112,165,8457,524138,524303
5366,165,8653,524107,524272
5347,165,8660,524265,524430
3691,165,8684,524406,524571
5235,165,8696,524559,524724
7047,165,8732,524688,524853
8882,165,8821,524764,524929
4387,165,8897,524853,525018
1525,165,8915,525000,525165
3376,165,8981,525099,525264
3109,165,8991,525254,525419
2875,165,9072,525338,525503
2328,165,9162,525413,525578
6409,165,9328,525412,525577
2448,165,9368,525537,525702
5300,165,9430,525640,525805
2032,165,9476,525759,525924
5752,165,9856,525544,525709
5505,165,9875,525690,525855
1419,165,9926,525804,525969
7622,165,9934,525961,526126
3994,165,9941,526119,526284
9431,165,9973,526252,526417
9305,165,9993,526397,526562
5646,166,8134,528421,528587
1622,166,8163,528558,528724
2787,166,8169,528718,528884
5270,166,8209,528844,529010
9347,166,8223,528996,529162
5501,166,8316,529069,529235
3959,166,8415,529136,529302
2854,166,8462,529255,529421
1790,166,8600,529283,529449
3238,166,8786,529263,529429
5424,166,8808,529407,529573
1777,166,8845,529536,529702
3173,166,8867,529680,529846
1925,166,8888,529825,529991
1490,166,8967,529912,530078
9471,166,8979,530066,530232
2794,166,9104,530107,530273
2847,166,9113,530264,530430
2713,166,9253,530290,530456
2399,166,9284,530425,530591
1417,166,9300,530575,530741
7979,166,9388,530653,530819
7884,166,9509,530698,530864
6455,166,9574,530799,530965
5080,166,9603,530936,531102
8377,166,9705,531000,531166
1005,166,9708,531163,531329
3950,166,9760,531277,531443
3097,166,9862,531341,531507
9702,166,9876,531493,531659
8849,166,9907,531628,531794
8422,167,8141,533560,533727
5626,167,8303,533565,533732
1720,167,8317,533718,533885
7083,167,8393,533809,533976
4223,167,8437,533932,534099
2114,167,8455,534081,534248
3535,167,8518,534185,534352
7931,167,8590,534280,534447
5773,167,8653,534384,534551
8710,167,8675,534529,534696
7373,167,8679,534692,534859
1532,167,8862,534676,534843
5930,167,8925,534780,534947
8468,167,9142,534730,534897
7816,167,9226,534813,534980
8981,167,9229,534977,535144
4691,167,9237,535136,535303
8493,167,9237,535303,535470
4845,167,9610,535097,535264
5472,167,9632,535242,535409
9787,167,9640,535401,535568
2276,167,9701,535507,535674
1891,167,9742,535633,535800
4664,167,9755,535787,535954
5619,167,9794,535915,536082
7142,167,9855,536021,536188
6535,167,9988,536055,536222
7288,167,9999,536211,536378
5967,168,8056,538321,538489
4788,168,8197,538348,538516
4268,168,8354,538359,538527
3381,168,8495,538386,538554
6674,168,8507,538542,538710
3262,168,8527,538690,538858
5200,168,8561,538824,538992
3125,168,8586,538967,539135
7321,168,8696,539025,539193
4187,168,8715,539174,539342
9473,168,8739,539318,539486
1071,168,8757,539468,539636
9690,168,8759,539634,539802
9995,168,8805,539756,539924
6276,168,8845,539884,540052
4118,168,8857,540040,540208
9783,168,8944,540121,540289
9436,168,9046,540187,540355
3982,168,9278,540123,540291
8241,168,9342,540227,540395
8343,168,9394,540343,540511
8194,168,9531,540374,540542
3386,168,9584,540489,540657
5226,168,9629,540612,540780
1103,168,9673,540736,540904
4882,168,9673,540904,541072
1427,168,9832,540913,541081
6782,168,9884,541029,541197
5942,168,9963,541118,541286
7855,169,8028,543221,543390
7082,169,8041,543377,543546
3952,169,8130,543457,543626
9576,169,8132,543624,543793
1473,169,8155,543770,543939
7535,169,8312,543782,543951
2452,169,8323,543940,544109
6293,169,8416,544016,544185
3724,169,8467,544134,544303
8500,169,8499,544271,544440
8297,169,8521,544418,544587
3636,169,8587,544521,544690
4194,169,8641,544636,544805
7876,169,8660,544786,544955
7033,169,8661,544954,545123
8526,169,8765,545019,545188
8626,169,8767,545186,545355
1739,169,8770,545352,545521
7732,169,8791,545500,545669
6518,169,8807,545653,545822
8280,169,8830,545799,545968
1346,169,8909,545889,546058
9951,169,9040,545927,546096
3310,169,9056,546080,546249
9940,169,9170,546135,546304
5620,169,9179,546295,546464
1464,169,9214,546429,546598
8671,169,9434,546378,546547
7140,169,9445,546536,546705
5438,169,9598,546552,546721
7709,169,9624,546695,546864
6556,169,9691,546797,546966
7792,169,9804,546853,547022
3043,169,9825,547001,547170
4727,169,9830,547165,547334
3053,169,9904,547260,547429
2028,169,9934,547399,547568
7381,169,9959,547543,547712
1285,169,9967,547704,547873
8675,169,9986,547854,548023
9895,170,8015,549994,550164
8395,170,8031,550148,550318
1189,170,8050,550299,550469
9577,170,8166,550353,550523
4336,170,8174,550515,550685
8927,170,8345,550514,550684
2748,170,8369,550660,550830
4900,170,8443,550756,550926
6918,170,8512,550857,551027
3306,170,8522,551017,551187
9383,170,8596,551113,551283
2178,170,8708,551171,551341
9694,170,8798,551251,551421
5673,170,8987,551232,551402
8971,170,9038,551351,551521
7574,170,9062,551497,551667
4082,170,9132,551597,551767
7731,170,9188,551711,551881
3092,170,9243,551826,551996
5982,170,9247,551992,552162
9068,170,9250,552159,552329
4779,170,9362,552217,552387
5475,170,9391,552358,552528
2425,170,9468,552451,552621
9624,170,9633,552456,552626
5595,170,9692,552567,552737
2179,170,9870,552559,552729
2455,170,9966,552633,552803
7694,171,8094,554675,554846
7060,171,8203,554737,554908
5842,171,8269,554842,555013
9266,171,8272,555010,555181
9628,171,8300,555153,555324
7078,171,8336,555288,555459
4874,171,8394,555401,555572
8919,171,8474,555492,555663
1901,171,8703,555434,555605
5123,171,8742,555566,555737
9637,171,8799,555680,555851
7977,171,8802,555848,556019
1237,171,8847,555974,556145
8327,171,8976,556016,556187
8111,171,9025,556138,556309
5908,171,9066,556268,556439
4087,171,9094,556411,556582
3730,171,9130,556546,556717
1106,171,9311,556536,556707
2841,171,9362,556656,556827
5017,171,9405,556784,556955
6266,171,9465,556895,557066
3252,171,9496,557035,557206
1468,171,9521,557181,557352
6943,171,9647,557226,557397
3228,171,9649,557395,557566
7423,171,9693,557522,557693
2720,171,9870,557516,557687
6012,171,9959,557598,557769
8529,171,9995,557733,557904
8305,172,8007,559892,560064
1307,172,8032,560039,560211
4363,172,8066,560177,560349
2607,172,8116,560299,560471
2946,172,8222,560365,560537
5451,172,8299,560460,560632
3631,172,8371,560560,560732
2473,172,8372,560731,560903
7683,172,8593,560682,560854
9046,172,8637,560810,560982
2159,172,8649,560970,561142
7804,172,8665,561126,561298
5241,172,8670,561293,561465
8761,172,8782,561353,561525
5057,172,8937,561370,561542
3430,172,8957,561522,561694
7500,172,9071,561580,561752
2586,172,9091,561732,561904
8705,172,9102,561893,562065
9888,172,9162,562005,562177
2498,172,9226,562113,562285
8506,172,9261,562250,562422
3361,172,9270,562413,562585
3375,172,9291,562564,562736
7242,172,9308,562719,562891
4618,172,9314,562885,563057
6873,172,9338,563033,563205
9008,172,9381,563162,563334
7266,172,9466,563249,563421
7169,172,9493,563394,563566
7037,172,9579,563480,563652
9021,172,9609,563622,563794
7702,172,9741,563662,563834
9711,172,9754,563821,563993
5487,173,8016,565731,565904
6147,173,8021,565899,566072
6561,173,8146,565947,566120
6691,173,8234,566032,566205
9219,173,8376,566063,566236
1979,173,8379,566233,566406
3849,173,8458,566327,566500
9724,173,8523,566435,566608
3510,173,8624,566507,566680
2573,173,8630,566674,566847
2254,173,8637,566840,567013
9853,173,8906,566744,566917
4840,173,8937,566886,567059
3579,173,9069,566927,567100
7725,173,9107,567062,567235
1170,173,9164,567178,567351
1664,173,9471,567044,567217
2706,173,9501,567187,567360
7309,173,9528,567333,567506
4381,173,9584,567450,567623
7365,173,9602,567605,567778
5809,173,9631,567749,567922
4938,173,9653,567900,568073
9817,173,9835,567891,568064
6229,173,9865,568034,568207
1709,174,8011,570061,570235
5182,174,8017,570229,570403
9172,174,8032,570388,570562
1040,174,8057,570537,570711
4478,174,8100,570668,570842
3698,174,8206,570736,570910
5150,174,8210,570906,571080
8835,174,8256,571034,571208
6860,174,8387,571077,571251
8407,174,8611,571027,571201
6320,174,8626,571186,571360
9580,174,8725,571261,571435
3036,174,8964,571196,571370
3596,174,8971,571363,571537
2093,174,8974,571534,571708
8595,174,9032,571650,571824
5288,174,9119,571737,571911
4787,174,9250,571780,571954
2898,174,9305,571899,572073
6608,174,9327,572051,572225
8173,174,9333,572219,572393
3669,174,9379,572347,572521
7235,174,9411,572489,572663
2318,174,9474,572600,572774
2019,174,9485,572763,572937
3543,174,9582,572840,573014
6857,174,9715,572881,573055
9340,174,9749,573021,573195
2695,174,9756,573188,573362
3760,174,9947,573171,573345
9407,175,8103,575189,575364
9399,175,8106,575361,575536
2640,175,8372,575270,575445
7014,175,8489,575328,575503
8488,175,8509,575483,575658
9793,175,8511,575656,575831
9477,175,8537,575805,575980
3655,175,8541,575976,576151
4932,175,8606,576086,576261
3282,175,8668,576199,576374
3136,175,8745,576297,576472
7122,175,8745,576472,576647
9128,175,8775,576617,576792
7610,175,8887,576680,576855
6428,175,8941,576801,576976
2478,175,9028,576889,577064
3672,175,9164,576928,577103
5326,175,9166,577101,577276
1332,175,9261,577181,577356
3237,175,9261,577356,577531
1435,175,9280,577512,577687
3780,175,9383,577584,577759
5672,175,9469,577673,577848
6306,175,9493,577824,577999
9234,175,9614,577878,578053
7680,175,9638,578029,578204
9000,175,9646,578196,578371
9775,175,9697,578320,578495
9737,175,9872,578320,578495
9788,176,8029,580338,580514
6999,176,8031,580512,580688
1630,176,8184,580535,580711
1402,176,8261,580634,580810
4206,176,8263,580808,580984
9997,176,8308,580939,581115
1878,176,8416,581007,581183
3331,176,8541,581058,581234
5628,176,8616,581159,581335
5577,176,8689,581262,581438
9143,176,8767,581360,581536
7554,176,8832,581471,581647
7186,176,9032,581447,581623
5038,176,9109,581546,581722
5644,176,9167,581664,581840
9862,176,9235,581772,581948
6714,176,9289,581894,582070
9069,176,9307,582052,582228
7339,176,9380,582155,582331
6753,176,9396,582315,582491
5128,176,9418,582469,582645
1758,176,9435,582628,582804
3953,176,9478,582761,582937
1135,176,9523,582892,583068
9851,176,9642,582949,583125
8169,176,9648,583119,583295
6787,176,9725,583218,583394
3775,176,9811,583308,583484
3750,176,9812,583483,583659
7066,176,9893,583578,583754
7760,177,8049,585598,585775
3478,177,8060,585764,585941
9153,177,8073,585928,586105
9909,177,8141,586037,586214
5732,177,8181,586174,586351
6222,177,8187,586345,586522
1190,177,8231,586478,586655
9984,177,8251,586635,586812
1054,177,8276,586787,586964
8566,177,8332,586908,587085
1344,177,8423,586994,587171
2020,177,8475,587119,587296
6675,177,8476,587295,587472
8325,177,8568,587380,587557
5915,177,8656,587469,587646
8006,177,8738,587564,587741
1395,177,8771,587708,587885
5046,177,8867,587789,587966
5231,177,8887,587946,588123
5013,177,8984,588026,588203
2027,177,9068,588119,588296
4550,177,9142,588222,588399
7355,177,9157,588384,588561
6348,177,9180,588538,588715
2176,177,9340,588555,588732
5468,177,9414,588658,588835
1863,177,9417,588832,589009
8031,177,9544,588882,589059
4320,177,9555,589048,589225
8361,177,9916,588864,589041
7441,177,9932,589025,589202
1020,178,8045,591089,591267
6010,178,8141,591171,591349
4165,178,8172,591318,591496
3027,178,8188,591480,591658
8200,178,8196,591650,591828
4590,178,8293,591731,591909
4521,178,8303,591899,592077
8991,178,8343,592037,592215
3032,178,8352,592206,592384
6295,178,8561,592175,592353
4553,178,8678,592236,592414
9223,178,8806,592286,592464
1944,178,8838,592432,592610
9530,178,9048,592400,592578
1266,178,9064,592562,592740
9905,178,9129,592675,592853
7306,178,9184,592798,592976
3916,178,9210,592950,593128
3754,178,9243,593095,593273
5651,178,9245,593271,593449
8588,178,9269,593425,593603
3217,178,9311,593561,593739
8932,178,9352,593698,593876
1738,178,9367,593861,594039
6863,178,9443,593963,594141
9286,178,9536,594048,594226
7113,178,9539,594223,594401
4794,178,9546,594394,594572
4439,178,9637,594481,594659
8535,178,9710,594586,594764
3091,178,9773,594701,594879
7341,178,9832,594820,594998
4631,178,9838,594992,595170
5313,178,9871,595137,595315
3335,178,9892,595294,595472
3604,178,9894,595470,595648
4319,179,8013,597529,597708
1942,179,8060,597661,597840
9830,179,8148,597752,597931
9502,179,8168,597911,598090
2285,179,8304,597954,598133
6798,179,8375,598062,598241
5668,179,8458,598158,598337
7620,179,8577,598218,598397
7801,179,8609,598365,598544
6253,179,8809,598344,598523
5390,179,8841,598491,598670
7485,179,8869,598642,598821
8741,179,8910,598780,598959
4614,179,8968,598901,599080
8638,179,9025,599023,599202
2832,179,9092,599135,599314
9881,179,9130,599276,599455
5533,179,9354,599231,599410
7908,179,9446,599318,599497
2069,179,9556,599387,599566
4469,179,9585,599537,599716
9730,179,9613,599688,599867
1018,179,9740,599740,599919
3602,179,9743,599916,600095
5880,179,9787,600051,600230
5657,179,9934,600083,600262
7154,180,8150,602046,602226
8963,180,8296,602080,602260
5521,180,8300,602256,602436
6814,180,8303,602433,602613
4190,180,8337,602579,602759
1387,180,8389,602707,602887
4695,180,8408,602868,603048
6683,180,8494,602962,603142
7748,180,8561,603075,603255
9894,180,8579,603237,603417
1908,180,8602,603394,603574
8993,180,8821,603355,603535
9994,180,8913,603443,603623
6897,180,8988,603548,603728
8802,180,9144,603572,603752
4641,180,9236,603660,603840
9140,180,9260,603816,603996
5588,180,9279,603977,604157
3459,180,9354,604082,604262
8041,180,9445,604171,604351
1592,180,9465,604331,604511
3800,180,9529,604447,604627
9932,180,9563,604593,604773
5428,180,9691,604645,604825
8676,180,9691,604825,605005
1232,180,9750,604946,605126
4179,180,9775,605101,605281
3258,180,9900,605156,605336
4448,181,8026,607210,607391
4901,181,8029,607388,607569
6819,181,8108,607490,607671
4313,181,8151,607628,607809
2650,181,8277,607683,607864
7955,181,8311,607830,608011
8936,181,8328,607994,608175
1449,181,8435,608068,608249
4492,181,8453,608231,608412
6665,181,8464,608401,608582
9866,181,8489,608557,608738
1635,181,8492,608735,608916
2805,181,8933,608475,608656
7944,181,8993,608596,608777
5119,181,8996,608774,608955
8389,181,9020,608931,609112
8141,181,9135,608997,609178
9272,181,9158,609155,609336
3673,181,9237,609257,609438
6800,181,9266,609409,609590
4949,181,9327,609529,609710
3022,181,9444,609593,609774
4374,181,9452,609766,609947
7320,181,9540,609859,610040
5962,181,9563,610017,610198
2503,181,9568,610193,610374
2641,181,9582,610360,610541
6345,181,9682,610441,610622
8371,181,9863,610441,610622
8279,181,9968,610517,610698
6473,181,9993,610673,610854
5374,182,8000,612847,613029
6504,182,8148,612881,613063
7351,182,8188,613023,613205
4940,182,8226,613167,613349
2743,182,8503,613072,613254
9985,182,8535,613222,613404
2243,182,8615,613324,613506
4524,182,8694,613427,613609
1541,182,8707,613596,613778
4069,182,8731,613754,613936
4412,182,8799,613868,614050
4449,182,8827,614022,614204
4912,182,8845,614186,614368
9100,182,8881,614332,614514
4640,182,8893,614502,614684
9805,182,9002,614575,614757
4596,182,9040,614719,614901
6365,182,9055,614886,615068
1430,182,9142,614981,615163
9404,182,9437,614868,615050
3065,182,9474,615013,615195
6393,182,9517,615152,615334
6932,182,9665,615186,615368
7956,182,9689,615344,615526
5814,182,9745,615470,615652
7224,182,9755,615642,615824
8816,182,9873,615706,615888
8531,182,9946,615815,615997
4624,183,8124,617819,618002
6341,183,8140,617986,618169
5251,183,8182,618127,618310
5919,183,8280,618212,618395
5517,183,8313,618362,618545
3021,183,8477,618381,618564
4273,183,8519,618522,618705
7377,183,8785,618439,618622
8999,183,8818,618589,618772
1593,183,8820,618770,618953
9557,183,8822,618951,619134
8046,183,8825,619131,619314
1704,183,8912,619227,619410
4486,183,8982,619340,619523
8693,183,9005,619500,619683
5812,183,9178,619510,619693
5679,183,9187,619684,619867
9813,183,9207,619847,620030
7990,183,9222,620015,620198
9177,183,9397,620023,620206
3704,183,9480,620123,620306
1375,183,9497,620289,620472
5787,183,9503,620466,620649
8977,183,9505,620647,620830
8016,183,9519,620816,620999
6482,183,9571,620947,621130
4103,183,9738,620963,621146
8174,183,9785,621099,621282
8522,183,9822,621245,621428
6541,183,9922,621328,621511
4523,183,9950,621483,621666
1378,184,8052,623564,623748
2047,184,8228,623572,623756
5797,184,8321,623663,623847
7126,184,8348,623820,624004
2264,184,8352,624000,624184
4176,184,8510,624026,624210
5720,184,8527,624193,624377
7629,184,8565,624339,624523
5959,184,8741,624347,624531
1251,184,8910,624362,624546
1633,184,8925,624531,624715
7267,184,9188,624452,624636
8344,184,9204,624620,624804
3264,184,9245,624763,624947
1113,184,9603,624589,624773
4914,184,9639,624737,624921
7641,184,9753,624807,624991
7098,184,9766,624978,625162
1805,184,9781,625147,625331
8686,184,9833,625279,625463
8871,184,9873,625423,625607
3328,184,9898,625582,625766
5281,184,9964,625700,625884
2905,185,8108,627740,627925
2760,185,8245,627788,627973
9363,185,8268,627950,628135
3678,185,8295,628108,628293
1627,185,8369,628219,628404
6572,185,8394,628379,628564
1244,185,8423,628535,628720
9639,185,8471,628672,628857
1776,185,8577,628751,628936
1567,185,8579,628934,629119
4936,185,8596,629102,629287
3772,185,8625,629258,629443
8930,185,8709,629359,629544
5074,185,8735,629518,629703
9790,185,8799,629639,629824
5610,185,8810,629813,629998
5556,185,8825,629983,630168
1015,185,8960,630033,630218
7980,185,9050,630128,630313
6300,185,9086,630277,630462
4933,185,9103,630445,630630
4299,185,9135,630598,630783
9823,185,9192,630726,630911
6268,185,9204,630899,631084
4445,185,9239,631049,631234
2211,185,9326,631147,631332
7399,185,9340,631318,631503
1511,185,9355,631488,631673
7655,185,9361,631667,631852
5525,185,9415,631798,631983
3692,185,9530,631868,632053
2939,185,9754,631829,632014
9418,185,9793,631975,632160
7502,185,9814,632139,632324
8763,185,9817,632321,632506
3690,185,9896,632427,632612
3162,185,9928,632580,632765
1334,186,8000,634693,634879
3073,186,8004,634875,635061
7272,186,8032,635033,635219
3070,186,8035,635216,635402
3903,186,8112,635325,635511
5191,186,8200,635423,635609
4572,186,8208,635601,635787
2088,186,8296,635699,635885
1425,186,8304,635877,636063
2263,186,8353,636014,636200
2141,186,8539,636014,636200
2311,186,8583,636156,636342
3815,186,8621,636304,636490
6941,186,8791,636320,636506
9461,186,8865,636432,636618
3716,186,8902,636581,636767
3493,186,8906,636763,636949
3563,186,9100,636755,636941
2820,186,9212,636829,637015
1262,186,9241,636986,637172
3442,186,9252,637161,637347
8527,186,9256,637343,637529
3679,186,9316,637469,637655
3740,186,9328,637643,637829
3086,186,9471,637686,637872
4457,186,9532,637811,637997
6377,186,9543,637986,638172
5247,186,9601,638114,638300
3351,186,9622,638279,638465
9989,186,9687,638400,638586
1331,186,9708,638565,638751
2616,186,9831,638628,638814
3005,186,9857,638788,638974
3141,186,9873,638958,639144
2860,186,9942,639075,639261
7667,186,9998,639205,639391
2968,187,8058,641331,641518
4667,187,8107,641469,641656
1706,187,8112,641651,641838
4854,187,8248,641702,641889
9614,187,8254,641883,642070
5512,187,8296,642028,642215
3364,187,8445,642066,642253
6825,187,8459,642239,642426
1479,187,8549,642336,642523
3758,187,8560,642512,642699
8520,187,8602,642657,642844
7968,187,8614,642832,643019
7546,187,8660,642973,643160
3199,187,8838,642982,643169
6475,187,8890,643117,643304
8026,187,8899,643295,643482
5010,187,9006,643375,643562
6164,187,9040,643528,643715
5431,187,9147,643608,643795
3096,187,9272,643670,643857
3180,187,9303,643826,644013
7682,187,9358,643958,644145
2897,187,9727,643776,643963
9891,187,9739,643951,644138
9285,187,9900,643977,644164
4155,188,8230,645834,646022
8947,188,8353,645899,646087
7857,188,8376,646064,646252
4435,188,8417,646211,646399
1077,188,8483,646333,646521
1774,188,8510,646494,646682
2418,188,8593,646599,646787
5306,188,8621,646759,646947
3657,188,8672,646896,647084
6754,188,8859,646897,647085
7006,188,9217,646727,646915
3155,188,9390,646742,646930
4964,188,9403,646917,647105
5798,188,9508,647000,647188
7063,188,9522,647174,647362
8941,188,9554,647330,647518
1773,188,9591,647481,647669
3383,188,9832,647428,647616
5639,188,9856,647592,647780
5614,189,8079,649557,649746
1665,189,8210,649615,649804
9742,189,8247,649767,649956
8480,189,8571,649632,649821
4518,189,8590,649802,649991
2914,189,8609,649972,650161
7353,189,8644,650126,650315
9962,189,8739,650220,650409
4505,189,8744,650404,650593
2958,189,8810,650527,650716
5176,189,8836,650690,650879
1369,189,8883,650832,651021
5047,189,8891,651013,651202
6346,189,9180,650913,651102
8820,189,9202,651080,651269
6727,189,9348,651123,651312
5291,189,9365,651295,651484
3500,189,9385,651464,651653
8959,189,9423,651615,651804
8116,189,9495,651732,651921
7640,189,9557,651859,652048
1772,189,9590,652015,652204
6129,189,9611,652183,652372
8435,189,9695,652288,652477
2583,189,9752,652420,652609
9108,189,9787,652574,652763
3401,189,9812,652738,652927
5709,189,9820,652919,653108
8933,189,9888,653040,653229
3074,189,9946,653171,653360
5471,190,8073,655233,655423
4202,190,8116,655380,655570
9883,190,8131,655555,655745
7582,190,8187,655689,655879
7275,190,8200,655866,656056
3416,190,8254,656002,656192
2007,190,8412,656034,656224
8050,190,8551,656085,656275
6703,190,8559,656267,656457
8647,190,8620,656396,656586
8956,190,8692,656514,656704
3064,190,8874,656522,656712
6851,190,9096,656490,656680
9189,190,9200,656576,656766
6678,190,9283,656683,656873
3634,190,9309,656847,657037
3418,190,9383,656963,657153
6705,190,9423,657113,657303
2639,190,9571,657155,657345
8778,190,9657,657259,657449
9147,190,9684,657422,657612
4080,190,9709,657587,657777
9149,190,9727,657759,657949
4217,190,9762,657914,658104
9948,190,9774,658092,658282
7155,190,9921,658135,658325
5224,190,9993,658253,658443
8084,191,8033,660403,660594
7746,191,8046,660581,660772
6184,191,8301,660517,660708
7477,191,8438,660571,660762
7096,191,8515,660685,660876
6534,191,8567,660824,661015
5542,191,8576,661006,661197
1860,191,8601,661172,661363
2942,191,8611,661353,661544
3944,191,8658,661497,661688
8787,191,8880,661466,661657
7053,191,8957,661580,661771
7743,191,9209,661519,661710
5494,191,9247,661672,661863
1297,191,9293,661817,662008
8366,191,9326,661975,662166
4987,191,9327,662165,662356
8577,191,9350,662333,662524
2584,191,9377,662497,662688
9488,191,9433,662632,662823
2971,191,9497,662759,662950
8368,191,9587,662860,663051
2891,191,9643,662995,663186
9749,191,9663,663166,663357
7470,191,9752,663268,663459
8275,191,9757,663454,663645
9762,191,9847,663555,663746
3814,191,9871,663722,663913
2940,191,9898,663886,664077
3612,191,9949,664026,664217
6025,191,9988,664178,664369
2514,192,8096,666261,666453
6552,192,8277,666272,666464
1254,192,8293,666448,666640
5030,192,8303,666630,666822
2515,192,8495,666630,666822
1861,192,8542,666775,666967
9163,192,8568,666941,667133
5027,192,8659,667042,667234
1973,192,8682,667211,667403
9765,192,8750,667335,667527
4771,192,8754,667523,667715
7132,192,8838,667631,667823
8053,192,8849,667812,668004
5970,192,8923,667930,668122
6057,192,8971,668074,668266
5002,192,9008,668229,668421
7501,192,9123,668306,668498
1937,192,9141,668480,668672
5934,192,9171,668642,668834
5553,192,9179,668826,669018
9683,192,9211,668986,669178
4042,192,9223,669166,669358
7996,192,9230,669351,669543
5372,192,9231,669542,669734
8083,192,9242,669723,669915
1851,192,9316,669841,670033
8193,192,9331,670018,670210
6716,192,9344,670197,670389
8403,192,9390,670343,670535
8994,192,9444,670481,670673
6124,192,9462,670655,670847
6505,192,9533,670776,670968
5253,192,9577,670924,671116
3177,192,9649,671044,671236
1672,192,9686,671199,671391
6081,192,9739,671338,671530
1265,192,9752,671517,671709
4066,192,9951,671510,671702
6031,192,9984,671669,671861
2826,193,8010,673835,674028
5078,193,8036,674002,674195
9597,193,8067,674164,674357
7417,193,8157,674267,674460
1367,193,8239,674378,674571
8336,193,8438,674372,674565
4257,193,8477,674526,674719
9941,193,8585,674611,674804
4106,193,8597,674792,674985
9032,193,8610,674972,675165
7958,193,8732,675043,675236
8339,193,8732,675236,675429
4307,193,8870,675291,675484
7314,193,8931,675423,675616
6972,193,9067,675480,675673
2625,193,9070,675670,675863
1980,193,9138,675795,675988
1740,193,9169,675957,676150
5779,193,9197,676122,676315
3484,193,9216,676296,676489
6789,193,9342,676363,676556
6519,193,9407,676491,676684
3026,193,9431,676660,676853
5887,193,9550,676734,676927
6417,193,9551,676926,677119
7298,193,9657,677013,677206
6125,193,9671,677192,677385
6859,193,9681,677375,677568
6546,193,9732,677517,677710
5694,193,9854,677588,677781
5375,194,8125,679510,679704
6676,194,8391,679438,679632
9550,194,8464,679559,679753
5796,194,8618,679599,679793
9492,194,8688,679723,679917
9938,194,8925,679680,679874
9126,194,9072,679727,679921
7649,194,9174,679819,680013
8081,194,9208,679979,680173
8823,194,9357,680024,680218
8832,194,9360,680215,680409
3783,194,9523,680246,680440
7762,194,9534,680429,680623
9387,194,9541,680616,680810
8511,194,9655,680696,680890
3640,194,9687,680858,681052
7734,194,9764,680975,681169
1287,194,9815,681118,681312
9476,194,9963,681164,681358
6639,195,8008,683313,683508
1755,195,8039,683477,683672
2343,195,8218,683493,683688
3591,195,8223,683683,683878
2105,195,8226,683875,684070
8610,195,8270,684026,684221
8543,195,8324,684167,684362
9283,195,8419,684267,684462
9855,195,8448,684433,684628
7336,195,8450,684626,684821
5164,195,8470,684801,684996
6436,195,8520,684946,685141
5572,195,8579,685082,685277
2499,195,8580,685276,685471
2182,195,8625,685426,685621
1179,195,8693,685553,685748
3018,195,8694,685747,685942
4330,195,8700,685936,686131
5632,195,8717,686114,686309
5617,195,8722,686304,686499
1143,195,8771,686450,686645
7619,195,8789,686627,686822
9435,195,8810,686801,686996
4807,195,8918,686888,687083
8689,195,8922,687079,687274
7881,195,9011,687185,687380
1850,195,9092,687299,687494
8565,195,9123,687463,687658
6343,195,9140,687641,687836
3620,195,9194,687782,687977
7478,195,9214,687957,688152
6958,195,9223,688143,688338
5899,195,9254,688307,688502
4566,195,9278,688478,688673
1358,195,9302,688649,688844
4405,195,9592,688554,688749
7925,195,9603,688738,688933
7466,195,9634,688902,689097
2529,195,9850,688881,689076
8210,195,9872,689054,689249
1141,195,9912,689209,689404
4714,195,9923,689393,689588
8198,195,9929,689582,689777
6205,196,8122,691584,691780
9677,196,8183,691719,691915
4813,196,8245,691853,692049
7570,196,8268,692026,692222
2889,196,8333,692157,692353
5315,196,8335,692351,692547
1431,196,8402,692480,692676
4796,196,8505,692573,692769
7951,196,8620,692654,692850
2309,196,8725,692745,692941
2293,196,8868,692798,692994
9014,196,8942,692920,693116
8814,196,8943,693115,693311
5885,196,9235,693019,693215
2556,196,9352,693098,693294
1207,196,9385,693261,693457
6104,196,9507,693335,693531
5692,196,9550,693488,693684
7561,196,9562,693672,693868
9091,196,9686,693744,693940
3554,196,9718,693908,694104
1579,196,9751,694071,694267
9943,196,9766,694252,694448
7285,196,9821,694393,694589
1280,196,9862,694548,694744
8023,196,9924,694682,694878
7034,197,8001,696801,696998
6848,197,8054,696945,697142
1264,197,8156,697040,697237
1347,197,8343,697050,697247
3830,197,8370,697220,697417
9025,197,8447,697340,697537
6975,197,8626,697358,697555
3391,197,8633,697548,697745
6710,197,8655,697723,697920
2118,197,8681,697894,698091
2129,197,8714,698058,698255
6399,197,8721,698248,698445
1268,197,8756,698410,698607
8160,197,8809,698554,698751
8005,197,8983,698577,698774
7080,197,9038,698719,698916
1433,197,9044,698910,699107
6431,197,9045,699106,699303
6579,197,9108,699240,699437
6006,197,9137,699408,699605
6537,197,9269,699473,699670
4560,197,9287,699652,699849
3068,197,9307,699829,700026
6998,197,9651,699682,699879
3996,197,9753,699777,699974
8068,197,9766,699961,700158
7777,197,9798,700126,700323
1483,197,9816,700305,700502
7630,197,9945,700373,700570
1428,198,8001,702514,702712
5938,198,8031,702682,702880
6587,198,8052,702859,703057
2858,198,8142,702967,703165
6454,198,8211,703096,703294
4123,198,8246,703259,703457
7726,198,8255,703448,703646
4170,198,8406,703495,703693
5303,198,8460,703639,703837
1073,198,8569,703728,703926
5665,198,8611,703884,704082
4027,198,8786,703907,704105
3298,198,8794,704097,704295
9652,198,8811,704278,704476
6632,198,8929,704358,704556
5758,198,8945,704540,704738
6742,198,8947,704736,704934
1520,198,9040,704841,705039
7703,198,9074,705005,705203
9141,198,9185,705092,705290
7290,198,9304,705171,705369
4697,198,9429,705244,705442
8186,198,9827,705044,705242
2890,198,9936,705133,705331
4755,198,9986,705281,705479
1643,199,8077,707388,707587
9443,199,8110,707554,707753
1194,199,8380,707483,707682
7219,199,8579,707483,707682
1870,199,8583,707678,707877
1756,199,8596,707864,708063
4937,199,8618,708041,708240
6736,199,8730,708128,708327
4191,199,8734,708323,708522
7349,199,8768,708488,708687
1613,199,8805,708650,708849
2828,199,8807,708847,709046
9432,199,8812,709041,709240
4582,199,8834,709218,709417
1336,199,8874,709377,709576
1408,199,9162,709288,709487
7695,199,9261,709388,709587
9048,199,9304,709544,709743
8034,199,9371,709676,709875
5144,199,9529,709717,709916
5503,199,9543,709902,710101
4108,199,9616,710028,710227
8857,199,9791,710052,710251
5008,199,9822,710220,710419
1024,199,9827,710414,710613
5585,199,9893,710547,710746
1163,200,8005,712634,712834
7910,200,8022,712817,713017
6468,200,8135,712904,713104
8542,200,8195,713044,713244
8021,200,8249,713190,713390
2673,200,8273,713366,713566
3275,200,8324,713515,713715
7209,200,8366,713673,713873
5507,200,8387,713852,714052
7371,200,8475,713964,714164
5117,200,8573,714066,714266
6775,200,8648,714191,714391
3908,200,8788,714251,714451
5536,200,8852,714387,714587
9942,200,8879,714560,714760
9755,200,8894,714745,714945
1404,200,8945,714894,715094
1474,200,9090,714949,715149
7769,200,9167,715072,715272
9927,200,9222,715217,715417
6172,200,9423,715216,715416
6936,200,9432,715407,715607
4536,200,9445,715594,715794
3185,200,9459,715780,715980
1580,200,9573,715866,716066
2331,200,9599,716040,716240
9524,200,9683,716156,716356
1828,200,9702,716337,716537
9232,200,9737,716502,716702
5753,200,9769,716670,716870
8622,200,9896,716743,716943
9849,201,8017,718822,719023
9256,201,8070,718970,719171
7595,201,8092,719149,719350
3212,201,8328,719114,719315
5220,201,8359,719284,719485
9688,201,8452,719392,719593
2395,201,8662,719383,719584
9958,201,8667,719579,719780
2621,201,8779,719668,719869
5960,201,8786,719862,720063
6585,201,8910,719939,720140
1736,201,9060,719990,720191
7258,201,9125,720126,720327
5474,201,9136,720316,720517
6385,201,9204,720449,720650
5992,201,9208,720646,720847
1370,201,9221,720834,721035
5985,201,9229,721027,721228
9687,201,9275,721182,721383
1906,201,9299,721359,721560
7017,201,9311,721548,721749
1524,201,9341,721719,721920
6643,201,9444,721817,722018
3837,201,9520,721942,722143
5484,201,9549,722114,722315
1638,201,9641,722223,722424
9195,201,9774,722291,722492
2138,201,9788,722478,722679
1606,201,9834,722633,722834
9633,201,9959,722709,722910
7342,201,9967,722902,723103
8258,201,9981,723089,723290
4104,202,8063,725208,725410
5722,202,8119,725354,725556
5576,202,8137,725538,725740
3788,202,8184,725693,725895
7245,202,8279,725800,726002
8579,202,8303,725978,726180
1100,202,8383,726100,726302
5065,202,8395,726290,726492
6088,202,8529,726358,726560
2753,202,8536,726553,726755
1201,202,8580,726711,726913
2901,202,8637,726856,727058
1460,202,8650,727045,727247
3987,202,8693,727204,727406
1070,202,8711,727388,727590
6101,202,8734,727567,727769
4947,202,8848,727655,727857
1634,202,8881,727824,728026
5265,202,8913,727994,728196
5786,202,8999,728110,728312
5183,202,9051,728260,728462
3818,202,9053,728460,728662
9496,202,9063,728652,728854
1544,202,9069,728848,729050
4743,202,9085,729034,729236
1357,202,9090,729231,729433
9553,202,9099,729424,729626
4045,202,9148,729577,729779
6791,202,9318,729609,729811
5086,202,9330,729799,730001
2565,202,9419,729912,730114
1932,202,9488,730045,730247
9077,202,9548,730187,730389
4837,202,9558,730379,730581
7036,202,9652,730487,730689
7752,202,9672,730669,730871
1098,202,9730,730813,731015
2935,202,9740,731005,731207
1743,202,9744,731203,731405
9063,202,9810,731339,731541
8218,202,9878,731473,731675
5676,202,9978,731575,731777
6143,203,8011,733744,733947
4646,203,8170,733788,733991
2527,203,8203,733958,734161
8088,203,8211,734153,734356
9700,203,8268,734299,734502
3243,203,8331,734439,734642
3530,203,8335,734638,734841
3233,203,8460,734716,734919
1167,203,8484,734895,735098
3152,203,8622,734960,735163
8450,203,8796,734989,735192
3668,203,8863,735125,735328
8439,203,8864,735327,735530
1948,203,8917,735477,735680
6453,203,8972,735625,735828
6768,203,8981,735819,736022
2487,203,9041,735962,736165
6451,203,9078,736128,736331
9371,203,9103,736306,736509
1277,203,9138,736474,736677
1155,203,9396,736419,736622
9241,203,9510,736508,736711
4419,203,9565,736656,736859
8630,203,9714,736710,736913
8812,203,9731,736896,737099
1042,203,9736,737094,737297
6252,203,9868,737165,737368
6586,203,9883,737353,737556
3779,204,8014,739425,739629
7487,204,8074,739569,739773
7686,204,8158,739689,739893
1281,204,8262,739789,739993
9911,204,8393,739862,740066
8374,204,8624,739835,740039
1096,204,8645,740018,740222
6599,204,8660,740207,740411
5800,204,8712,740359,740563
4151,204,8722,740553,740757
7181,204,8791,740688,740892
5608,204,8873,740810,741014
1371,204,8966,740921,741125
5167,204,9091,741000,741204
5790,204,9187,741108,741312
5986,204,9344,741155,741359
8826,204,9480,741223,741427
4500,204,9484,741423,741627
6221,204,9541,741570,741774
1818,204,9556,741759,741963
3031,204,9580,741939,742143
9662,204,9667,742056,742260
1476,204,9675,742252,742456
1001,204,9682,742449,742653
8037,204,9683,742652,742856
1374,204,9714,742825,743029
8560,204,9855,742888,743092
7654,204,9876,743071,743275
8008,204,9886,743265,743469
1814,204,9928,743427,743631
5043,204,9929,743630,743834
5056,204,9983,743780,743984
2755,205,8044,745923,746128
1451,205,8198,745974,746179
2638,205,8420,745957,746162
1553,205,8438,746144,746349
5592,205,8455,746332,746537
1126,205,8507,746485,746690
3705,205,8529,746668,746873
3399,205,8603,746799,747004
1111,205,8668,746939,747144
4026,205,8688,747124,747329
7115,205,8688,747329,747534
1390,205,8741,747481,747686
5855,205,8756,747671,747876
3764,205,8917,747715,747920
1187,205,8959,747878,748083
2480,205,8988,748054,748259
1423,205,9027,748220,748425
5909,205,9125,748327,748532
5964,205,9193,748464,748669
6995,205,9208,748654,748859
6880,205,9313,748754,748959
7583,205,9387,748885,749090
6194,205,9432,749045,749250
7446,205,9448,749234,749439
6007,205,9497,749390,749595
9753,205,9546,749546,749751
8096,205,9563,749734,749939
8064,205,9593,749909,750114
6501,205,9731,749976,750181
5743,205,9750,750162,750367
3684,205,9865,750252,750457
1562,205,9907,750415,750620
4249,205,9945,750582,750787
3733,205,9946,750786,750991
1724,205,9987,750950,751155
3312,206,8067,753075,753281
2083,206,8133,753215,753421
7856,206,8292,753262,753468
8460,206,8336,753424,753630
6990,206,8777,753189,753395
1628,206,8781,753391,753597
6309,206,8854,753524,753730
5304,206,9023,753561,753767
9415,206,9052,753738,753944
6111,206,9082,753914,754120
6774,206,9098,754104,754310
3878,206,9104,754304,754510
9270,206,9104,754510,754716
4634,206,9136,754684,754890
9053,206,9138,754888,755094
6598,206,9200,755032,755238
1526,206,9230,755208,755414
2110,206,9253,755391,755597
1678,206,9260,755590,755796
5225,206,9358,755698,755904
4997,206,9373,755889,756095
9510,206,9524,755944,756150
6940,206,9531,756143,756349
3954,206,9555,756325,756531
9906,206,9576,756510,756716
7547,206,9607,756685,756891
3292,206,9621,756877,757083
4606,206,9665,757039,757245
1951,206,9679,757231,757437
7119,206,9711,757405,757611
1955,206,9751,757571,757777
5913,206,9781,757747,757953
9370,206,9814,757920,758126
8139,206,9870,758070,758276
8308,206,9877,758269,758475
6915,206,9888,758464,758670
4354,206,9946,758612,758818
1839,207,8005,760759,760966
8269,207,8012,760959,761166
1941,207,8196,760982,761189
1897,207,8238,761147,761354
9182,207,8298,761294,761501
7241,207,8347,761452,761659
8611,207,8414,761592,761799
4100,207,8487,761726,761933
4913,207,8517,761903,762110
9236,207,8520,762107,762314
3899,207,8561,762273,762480
2325,207,8571,762470,762677
8346,207,8650,762598,762805
1887,207,8698,762757,762964
4669,207,8706,762956,763163
4724,207,8740,763129,763336
6414,207,8744,763332,763539
8954,207,8792,763491,763698
3885,207,8883,763607,763814
5177,207,8893,763804,764011
8425,207,9001,763903,764110
7194,207,9019,764092,764299
1753,207,9033,764285,764492
1765,207,9106,764419,764626
5568,207,9369,764363,764570
8070,207,9403,764536,764743
5371,207,9492,764654,764861
9873,207,9572,764781,764988
5025,207,9589,764971,765178
3153,207,9674,765093,765300
2701,207,9689,765285,765492
3343,207,9719,765462,765669
1884,207,9753,765635,765842
2632,207,9767,765828,766035
8553,207,9795,766007,766214
7256,207,9866,766143,766350
8229,208,8018,768198,768406
8277,208,8035,768389,768597
6260,208,8065,768567,768775
8362,208,8109,768731,768939
6317,208,8143,768905,769113
5944,208,8368,768888,769096
7545,208,8402,769062,769270
2185,208,8475,769197,769405
1510,208,8804,769076,769284
9271,208,8807,769281,769489
2528,208,8810,769486,769694
3940,208,8825,769679,769887
6833,208,8826,769886,770094
2955,208,8901,770019,770227
4079,208,8940,770188,770396
4737,208,8958,770378,770586
1032,208,9063,770481,770689
8410,208,9075,770677,770885
1255,208,9134,770826,771034
9452,208,9393,770775,770983
7521,208,9399,770977,771185
9590,208,9473,771111,771319
1976,208,9552,771240,771448
6008,208,9642,771358,771566
4280,208,9808,771400,771608
8419,208,9910,771506,771714
8825,208,9924,771700,771908
4348,209,8145,773687,773896
4719,209,8147,773894,774103
7347,209,8199,774051,774260
8386,209,8205,774254,774463
2655,209,8221,774447,774656
4378,209,8254,774623,774832
3415,209,8318,774768,774977
6461,209,8344,774951,775160
1441,209,8410,775094,775303
9543,209,8500,775213,775422
1842,209,8519,775403,775612
5058,209,8521,775610,775819
7819,209,8539,775801,776010
5483,209,8635,775914,776123
1835,209,8636,776122,776331
1539,209,8693,776274,776483
6039,209,8808,776368,776577
3921,209,8895,776490,776699
5738,209,8907,776687,776896
1162,209,9298,776505,776714
2768,209,9357,776655,776864
3947,209,9435,776786,776995
4562,209,9485,776945,777154
6232,209,9676,776963,777172
9804,209,9678,777170,777379
4941,209,9706,777351,777560
9675,209,9714,777552,777761
8635,209,9761,777714,777923
6256,209,9772,777912,778121
9389,209,9827,778066,778275
6132,209,9884,778218,778427
2001,209,9900,778411,778620
6240,210,8058,780462,780672
5643,210,8187,780543,780753
1542,210,8275,780665,780875
2932,210,8349,780801,781011
1913,210,8385,780975,781185
5792,210,8546,781024,781234
1429,210,8588,781192,781402
4775,210,8613,781377,781587
6843,210,8627,781573,781783
3297,210,8631,781779,781989
8976,210,8649,781971,782181
1438,210,8667,782163,782373
7160,210,8675,782365,782575
7167,210,8723,782527,782737
4269,210,8745,782715,782925
4417,210,8975,782695,782905
5526,210,9046,782834,783044
5033,210,9058,783032,783242
1231,210,9061,783239,783449
8771,210,9174,783336,783546
2148,210,9182,783538,783748
4010,210,9194,783736,783946
2469,210,9197,783943,784153
2834,210,9211,784139,784349
3708,210,9211,784349,784559
4831,210,9291,784479,784689
2099,210,9334,784646,784856
7906,210,9473,784717,784927
4078,210,9501,784899,785109
4600,210,9552,785058,785268
2819,210,9847,784973,785183
2863,211,8080,786950,787161
3599,211,8306,786935,787146
7810,211,8343,787109,787320
1975,211,8413,787250,787461
1868,211,8422,787452,787663
2287,211,8497,787588,787799
3752,211,8499,787797,788008
9766,211,8516,787991,788202
2618,211,8517,788201,788412
2162,211,8729,788200,788411
9582,211,8775,788365,788576
3723,211,8843,788508,788719
2690,211,8868,788694,788905
2248,211,8984,788789,789000
7345,211,9109,788875,789086
7044,211,9276,788919,789130
7442,211,9282,789124,789335
5928,211,9376,789241,789452
3751,211,9384,789444,789655
9428,211,9434,789605,789816
9159,211,9505,789745,789956
2929,211,9508,789953,790164
6986,211,9531,790141,790352
2398,211,9543,790340,790551
4462,211,9543,790551,790762
8704,211,9544,790761,790972
4643,211,9604,790912,791123
6089,211,9643,791084,791295
4444,211,9650,791288,791499
2510,211,9715,791434,791645
7661,211,9828,791532,791743
4496,211,9928,791643,791854
1014,212,8064,793718,793930
6529,212,8117,793877,794089
9664,212,8250,793956,794168
4520,212,8422,793996,794208
7689,212,8500,794130,794342
5856,212,8512,794330,794542
2538,212,8565,794489,794701
4157,212,8576,794690,794902
2327,212,8735,794743,794955
2303,212,8744,794946,795158
5761,212,8800,795102,795314
7069,212,8848,795266,795478
3829,212,8910,795416,795628
5481,212,9019,795519,795731
8062,212,9022,795728,795940
2788,212,9065,795897,796109
9850,212,9214,795960,796172
2092,212,9257,796129,796341
6788,212,9266,796332,796544
2230,212,9494,796316,796528
9197,212,9615,796407,796619
5830,212,9624,796610,796822
1283,212,9639,796807,797019
1760,212,9705,796953,797165
4778,212,9714,797156,797368
2237,212,9721,797361,797573
2737,212,9861,797433,797645
5110,212,9869,797637,797849
2944,212,9872,797846,798058
6151,213,8012,799918,800131
3260,213,8019,800124,800337
5333,213,8172,800184,800397
1168,213,8174,800395,800608
4352,213,8364,800418,800631
6061,213,8390,800605,800818
9333,213,8508,800700,800913
4674,213,8534,800887,801100
6807,213,8551,801083,801296
9243,213,8555,801292,801505
7278,213,8557,801503,801716
4388,213,8564,801709,801922
8868,213,8606,801880,802093
8359,213,8652,802047,802260
8191,213,8745,802167,802380
2382,213,8774,802351,802564
6971,213,8905,802433,802646
2390,213,8910,802641,802854
5335,213,9038,802726,802939
2649,213,9040,802937,803150
5179,213,9051,803139,803352
2175,213,9167,803236,803449
1320,213,9185,803431,803644
7175,213,9252,803577,803790
1403,213,9274,803768,803981
5209,213,9278,803977,804190
2652,213,9307,804161,804374
2823,213,9377,804304,804517
8498,213,9758,804136,804349
3058,213,9934,804173,804386
8209,213,9964,804356,804569
7450,214,8193,806340,806554
1496,214,8253,806494,806708
4851,214,8273,806688,806902
9441,214,8384,806791,807005
5524,214,8388,807001,807215
9350,214,8421,807182,807396
5791,214,8523,807294,807508
9571,214,8568,807463,807677
8385,214,8637,807608,807822
9193,214,8661,807798,808012
3362,214,8677,807996,808210
3514,214,8886,808001,808215
4054,214,8941,808160,808374
2269,214,8954,808361,808575
6176,214,8975,808554,808768
9034,214,9034,808709,808923
2965,214,9066,808891,809105
6966,214,9093,809078,809292
2633,214,9188,809197,809411
2712,214,9196,809403,809617
7457,214,9247,809566,809780
5188,214,9253,809774,809988
1603,214,9302,809939,810153
6391,214,9346,810109,810323
1321,214,9360,810309,810523
8807,214,9421,810462,810676
4403,214,9455,810642,810856
4859,214,9599,810712,810926
3517,214,9710,810815,811029
2708,214,9803,810936,811150
7849,214,9839,811114,811328
1398,214,9849,811318,811532
9953,214,9892,811489,811703
2878,215,8012,813583,813798
2813,215,8042,813768,813983
5420,215,8055,813970,814185
4797,215,8103,814137,814352
8093,215,8159,814296,814511
7988,215,8175,814495,814710
6885,215,8192,814693,814908
6776,215,8245,814855,815070
4679,215,8268,815047,815262
3111,215,8269,815261,815476
8680,215,8305,815440,815655
3324,215,8309,815651,815866
8942,215,8328,815847,816062
8806,215,8331,816059,816274
3224,215,8514,816091,816306
1239,215,8554,816266,816481
6152,215,8595,816440,816655
4532,215,8605,816645,816860
4684,215,8831,816634,816849
9515,215,8916,816764,816979
8285,215,9015,816880,817095
6460,215,9024,817086,817301
2970,215,9139,817186,817401
4950,215,9199,817341,817556
4121,215,9290,817465,817680
7815,215,9297,817673,817888
5721,215,9419,817766,817981
3369,215,9441,817959,818174
1224,215,9555,818060,818275
8131,215,9657,818173,818388
1112,215,9719,818326,818541
4632,215,9822,818438,818653
3211,215,9901,818574,818789
3271,215,9938,818752,818967
6406,216,8110,820795,821011
4960,216,8199,820922,821138
1696,216,8259,821078,821294
7493,216,8562,820991,821207
6662,216,8692,821077,821293
9604,216,8710,821275,821491
6004,216,8748,821453,821669
3851,216,8754,821663,821879
8282,216,8778,821855,822071
6634,216,8844,822005,822221
4034,216,8915,822150,822366
9251,216,8934,822347,822563
2745,216,9017,822480,822696
9050,216,9040,822673,822889
7715,216,9056,822873,823089
7888,216,9107,823038,823254
4974,216,9297,823064,823280
3820,216,9327,823250,823466
3931,216,9609,823184,823400
6925,216,9775,823234,823450
8486,216,9821,823404,823620
4889,216,9844,823597,823813
6697,216,9862,823795,824011
9504,216,9952,823921,824137
6223,216,9975,824114,824330
4037,217,8074,826231,826448
4999,217,8180,826342,826559
6280,217,8243,826496,826713
6909,217,8287,826669,826886
6693,217,8297,826876,827093
5346,217,8325,827065,827282
1636,217,8465,827142,827359
3094,217,8469,827355,827572
7002,217,8764,827277,827494
6993,217,8818,827440,827657
4783,217,8851,827624,827841
3693,217,8921,827771,827988
2924,217,9089,827820,828037
8032,217,9133,827993,828210
1223,217,9672,827671,827888
9366,217,9676,827884,828101
2995,217,9678,828099,828316
6338,217,9786,828208,828425
2080,217,9817,828394,828611
1356,217,9829,828599,828816
3884,217,9859,828786,829003
9329,217,9875,828987,829204
5920,217,9877,829202,829419
2443,217,9900,829396,829613
9398,217,9967,829546,829763
7916,217,9991,829739,829956
3049,218,8010,831937,832155
3203,218,8027,832138,832356
7157,218,8051,832332,832550
6024,218,8114,832487,832705
5310,218,8232,832587,832805
4431,218,8237,832800,833018
2781,218,8294,832961,833179
5736,218,8304,833169,833387
7185,218,8379,833312,833530
6481,218,8454,833455,833673
2274,218,8468,833659,833877
1874,218,8743,833602,833820
6082,218,8765,833798,834016
3100,218,8811,833970,834188
6278,218,8857,834142,834360
8775,218,8916,834301,834519
7576,218,8932,834503,834721
1305,218,8971,834682,834900
1857,218,8971,834900,835118
5566,218,9170,834919,835137
1728,218,9180,835127,835345
2681,218,9182,835343,835561
9841,218,9197,835546,835764
8674,218,9400,835561,835779
8101,218,9490,835689,835907
8132,218,9499,835898,836116
3826,218,9520,836095,836313
4563,218,9522,836311,836529
3560,218,9544,836507,836725
9175,218,9567,836702,836920
2983,218,9599,836888,837106
3491,218,9619,837086,837304
3911,218,9761,837162,837380
5946,218,9869,837272,837490
4135,218,9880,837479,837697
8798,218,9886,837691,837909
5261,218,9954,837841,838059
5041,218,9975,838038,838256
9792,218,9986,838245,838463
4182,219,8038,840411,840630
8078,219,8041,840627,840846
2666,219,8150,840737,840956
2795,219,8223,840883,841102
7476,219,8250,841075,841294
4956,219,8316,841228,841447
3822,219,8402,841361,841580
8462,219,8498,841484,841703
3871,219,8511,841690,841909
8290,219,8512,841908,842127
2603,219,8534,842105,842324
5194,219,8575,842283,842502
7368,219,8652,842425,842644
1090,219,8657,842639,842858
8110,219,8869,842646,842865
4670,219,8909,842825,843044
6530,219,9063,842890,843109
9976,219,9101,843071,843290
2295,219,9110,843281,843500
9957,219,9140,843470,843689
7236,219,9202,843627,843846
6297,219,9321,843727,843946
8398,219,9394,843873,844092
9684,219,9418,844068,844287
7540,219,9421,844284,844503
9040,219,9494,844430,844649
9316,219,9497,844646,844865
2996,219,9529,844833,845052
6892,219,9593,844988,845207
2770,219,9684,845116,845335
5449,219,9856,845163,845382
7028,219,9877,845361,845580
5242,219,9941,845516,845735
1489,220,8134,847542,847762
4725,220,8237,847659,847879
4730,220,8272,847844,848064
8167,220,8313,848023,848243
1573,220,8319,848237,848457
5350,220,8558,848218,848438
9520,220,8641,848355,848575
6532,220,8669,848547,848767
5756,220,8743,848693,848913
2218,220,8749,848907,849127
5488,220,8828,849048,849268
8204,220,8846,849250,849470
9482,220,8879,849437,849657
6799,220,8888,849648,849868
4718,220,8915,849841,850061
4766,220,8926,850050,850270
5386,220,8989,850207,850427
9756,220,9157,850259,850479
3845,220,9245,850391,850611
8895,220,9295,850561,850781
1322,220,9510,850566,850786
4855,220,9559,850737,850957
1538,220,9594,850922,851142
4844,220,9850,850886,851106
7426,220,9899,851057,851277
7534,220,9955,851221,851441
1560,220,9986,851410,851630
2636,221,8015,853601,853822
9230,221,8060,853777,853998
2677,221,8128,853930,854151
4910,221,8151,854128,854349
6991,221,8152,854348,854569
5803,221,8153,854568,854789
4244,221,8262,854680,854901
2308,221,8706,854457,854678
3933,221,8745,854639,854860
7867,221,8784,854821,855042
9593,221,8925,854901,855122
4242,221,8932,855115,855336
1930,221,9017,855251,855472
1027,221,9105,855384,855605
9164,221,9459,855251,855472
6327,221,9548,855383,855604
4800,221,9589,855563,855784
2124,221,9664,855709,855930
3059,221,9669,855925,856146
5427,221,9683,856132,856353
4166,221,9714,856322,856543
5250,221,9733,856524,856745
7750,221,9734,856744,856965
2428,221,9763,856936,857157
6755,221,9841,857079,857300
8541,221,9873,857268,857489
8866,222,8004,859358,859580
9061,222,8150,859434,859656
8631,222,8180,859626,859848
6562,222,8181,859847,860069
1278,222,8348,859902,860124
2993,222,8448,860024,860246
9754,222,8478,860216,860438
5466,222,8490,860426,860648
6591,222,8496,860642,860864
1940,222,8820,860540,860762
3972,222,8852,860730,860952
8546,222,8911,860893,861115
1202,222,8937,861089,861311
3024,222,8943,861305,861527
5249,222,8945,861525,861747
9499,222,9022,861670,861892
2280,222,9136,861778,862000
3532,222,9163,861973,862195
2300,222,9263,862095,862317
8910,222,9318,862262,862484
6673,222,9322,862480,862702
6032,222,9345,862679,862901
9854,222,9351,862895,863117
6613,222,9387,863081,863303
3516,222,9404,863286,863508
4416,222,9639,863273,863495
8337,222,9706,863428,863650
9689,222,9743,863613,863835
8612,222,9874,863704,863926
4030,222,9930,863870,864092
5118,222,9988,864034,864256
9381,223,8072,866172,866395
9187,223,8140,866327,866550
9426,223,8217,866473,866696
9812,223,8356,866557,866780
7102,223,8626,866510,866733
8685,223,8737,866622,866845
9513,223,8765,866817,867040
9225,223,8771,867034,867257
4240,223,8953,867075,867298
7239,223,8966,867285,867508
4456,223,8971,867503,867726
4051,223,9029,867668,867891
7607,223,9072,867848,868071
5412,223,9153,867990,868213
3821,223,9175,868191,868414
8129,223,9299,868290,868513
8391,223,9354,868458,868681
2761,223,9390,868645,868868
5674,223,9398,868860,869083
4585,223,9402,869079,869302
6410,223,9408,869296,869519
6467,223,9412,869515,869738
6204,223,9470,869680,869903
6818,223,9575,869798,870021
6439,223,9628,869968,870191
1467,223,9636,870183,870406
4221,223,9700,870342,870565
8772,223,9719,870546,870769
4019,223,9793,870695,870918
8187,223,9798,870913,871136
6749,223,9807,871127,871350
3846,224,8168,1386558,1386782
9203,224,8195,1386532,1386756
5935,224,8556,1386172,1386396
3085,224,8716,1386013,1386237
3466,224,8737,1385993,1386217
7177,224,8739,1385992,1386216
4577,224,8740,1385992,1386216
7496,224,8793,1385940,1386164
9130,224,8882,1385852,1386076
6622,224,9094,1385641,1385865
6167,224,9240,1385496,1385720
4581,224,9267,1385470,1385694
8214,224,9291,1385447,1385671
9092,224,9294,1385445,1385669
4464,224,9344,1385396,1385620
3556,224,9363,1385378,1385602
8770,224,9378,1385364,1385588
3398,224,9399,1385344,1385568
5827,224,9456,1385288,1385512
5896,224,9482,1385263,1385487
9947,224,9488,1385258,1385482
9083,224,9515,1385232,1385456
8384,224,9538,1385210,1385434
7920,224,9645,1385104,1385328
7332,224,9647,1385103,1385327
6816,224,9672,1385079,1385303
7134,224,9683,1385069,1385293
4081,224,9711,1385042,1385266
5024,224,9817,1384937,1385161
7305,224,9868,1384887,1385111
8736,224,9894,1384862,1385086
9377,224,9911,1384846,1385070
1029,224,9945,1384813,1385037
2928,225,8118,1386641,1386866
9769,225,8144,1386617,1386842
6064,225,8148,1386615,1386840
4116,225,8240,1386525,1386750
8605,225,8357,1386410,1386635
5777,225,8841,1385928,1386153
7326,225,9000,1385771,1385996
1784,225,9072,1385701,1385926
8171,225,9106,1385669,1385894
3454,225,9292,1385485,1385710
3974,225,9347,1385432,1385657
8743,225,9398,1385383,1385608
8699,225,9511,1385272,1385497
6066,225,9620,1385165,1385390
8788,225,9657,1385130,1385355
9922,225,9739,1385050,1385275
4173,225,9798,1384993,1385218
6767,225,9883,1384910,1385135
6158,225,9983,1384812,1385037
7087,225,9992,1384805,1385030
4147,226,8077,1386722,1386948
3627,226,8147,1386655,1386881
1486,226,8255,1386550,1386776
1080,226,8316,1386492,1386718
2911,226,8345,1386466,1386692
6596,226,8412,1386402,1386628
4990,226,8516,1386301,1386527
2104,226,8553,1386267,1386493
7337,226,8601,1386222,1386448
5109,226,8708,1386118,1386344
5848,226,8784,1386045,1386271
6401,226,8805,1386027,1386253
3799,226,9135,1385700,1385926
4622,226,9139,1385699,1385925
6162,226,9151,1385690,1385916
5955,226,9177,1385667,1385893
3174,226,9275,1385572,1385798
5714,226,9455,1385395,1385621
3075,226,9460,1385393,1385619
5516,226,9489,1385367,1385593
3587,226,9620,1385239,1385465
2811,226,9687,1385175,1385401
2113,226,9707,1385158,1385384
3183,226,9778,1385090,1385316
1072,226,9810,1385061,1385287
4353,226,9872,1385002,1385228
1527,226,9887,1384990,1385216
9022,227,8098,1386782,1387009
8776,227,8124,1386760,1386987
8855,227,8139,1386749,1386976
9691,227,8196,1386696,1386923
6861,227,8244,1386652,1386879
5948,227,8321,1386579,1386806
2717,227,8325,1386579,1386806
1877,227,8330,1386578,1386805
4615,227,8330,1386582,1386809
8332,227,8376,1386540,1386767
9198,227,8391,1386529,1386756
8811,227,8469,1386455,1386682
8299,227,8551,1386377,1386604
3774,227,8587,1386345,1386572
7948,227,8610,1386326,1386553
9157,227,8629,1386311,1386538
3130,227,8640,1386304,1386531
1578,227,8703,1386245,1386472
2401,227,8723,1386229,1386456
3405,227,8727,1386229,1386456
1484,227,8780,1386180,1386407
5655,227,8810,1386154,1386381
4122,227,9009,1385959,1386186
2060,227,9117,1385855,1386082
8080,227,9151,1385825,1386052
3354,227,9191,1385789,1386016
7922,227,9194,1385790,1386017
4823,227,9211,1385777,1386004
5418,227,9270,1385722,1385949
7565,227,9317,1385679,1385906
2137,227,9456,1385544,1385771
6448,227,9544,1385460,1385687
2074,227,9593,1385415,1385642
3918,227,9596,1385416,1385643
1038,227,9686,1385330,1385557
9718,227,9707,1385313,1385540
5969,227,9748,1385276,1385503
1442,227,9756,1385272,1385499
6281,227,9765,1385267,1385494
6677,227,9895,1385141,1385368
8578,228,8072,1386968,1387196
2930,228,8087,1386958,1387186
1830,228,8212,1386838,1387066
7643,228,8269,1386786,1387014
9952,228,8408,1386652,1386880
8584,228,8438,1386627,1386855
2757,228,8551,1386519,1386747
7865,228,8573,1386502,1386730
8257,228,8600,1386480,1386708
1813,228,8618,1386467,1386695
8029,228,8708,1386382,1386610
3681,228,8720,1386375,1386603
2562,228,8908,1386192,1386420
4438,228,8932,1386173,1386401
2004,228,8933,1386177,1386405
7544,228,9088,1386027,1386255
9621,228,9189,1385931,1386159
3307,228,9228,1385897,1386125
4660,228,9243,1385887,1386115
1046,228,9278,1385857,1386085
3348,228,9297,1385843,1386071
7249,228,9341,1385804,1386032
3675,228,9443,1385707,1385935
1651,228,9541,1385614,1385842
4110,228,9615,1385545,1385773
7324,228,9642,1385523,1385751
6660,228,9653,1385517,1385745
4921,228,9661,1385514,1385742
2413,228,9855,1385325,1385553
2279,228,9895,1385290,1385518
4247,228,9906,1385284,1385512
8754,228,9984,1385211,1385439
1203,228,9988,1385212,1385440
7147,229,8111,1387094,1387323
8055,229,8162,1387049,1387278
7814,229,8224,1386993,1387222
9268,229,8273,1386950,1387179
1501,229,8284,1386945,1387174
8416,229,8363,1386872,1387101
3912,229,8419,1386822,1387051
8182,229,8500,1386747,1386976
4758,229,8614,1386639,1386868
1227,229,8631,1386628,1386857
3592,229,8765,1386500,1386729
3338,229,8815,1386456,1386685
9537,229,8829,1386448,1386677
3357,229,8964,1386319,1386548
7018,229,9016,1386273,1386502
6412,229,9084,1386211,1386440
8175,229,9113,1386188,1386417
5469,229,9213,1386094,1386323
6834,229,9321,1385992,1386221
3279,229,9394,1385925,1386154
2642,229,9400,1385925,1386154
9795,229,9442,1385889,1386118
3191,229,9443,1385894,1386123
7503,229,9648,1385695,1385924
1654,229,9649,1385700,1385929
4750,229,9738,1385617,1385846
8717,229,9909,1385452,1385681
7251,229,9911,1385456,1385685
4756,230,8104,1387269,1387499
2359,230,8180,1387200,1387430
4878,230,8456,1386931,1387161
4893,230,8468,1386926,1387156
4923,230,8501,1386900,1387130
9592,230,8562,1386846,1387076
3396,230,8617,1386798,1387028
9908,230,8692,1386730,1386960
2598,230,8750,1386679,1386909
3811,230,8752,1386684,1386914
3259,230,8798,1386645,1386875
9424,230,8811,1386639,1386869
9761,230,8954,1386503,1386733
5493,230,9001,1386463,1386693
2470,230,9072,1386399,1386629
5274,230,9124,1386354,1386584
2202,230,9204,1386281,1386511
8764,230,9327,1386165,1386395
7987,230,9349,1386150,1386380
7424,230,9394,1386112,1386342
8313,230,9492,1386021,1386251
4567,230,9498,1386022,1386252
8228,230,9515,1386012,1386242
9453,230,9541,1385993,1386223
9506,230,9570,1385971,1386201
7837,230,9636,1385912,1386142
6667,230,9716,1385839,1386069
8525,230,9721,1385841,1386071
5633,230,9855,1385714,1385944
8423,230,9865,1385711,1385941
6083,230,9867,1385716,1385946
3474,230,9992,1385598,1385828
6772,231,8112,1387485,1387716
9931,231,8123,1387482,1387713
9038,231,8161,1387452,1387683
5854,231,8168,1387453,1387684
1515,231,8221,1387408,1387639
3319,231,8243,1387394,1387625
7165,231,8275,1387370,1387601
2160,231,8333,1387320,1387551
8113,231,8422,1387239,1387470
3588,231,8541,1387128,1387359
6429,231,8567,1387110,1387341
7915,231,8649,1387036,1387267
8003,231,8709,1386984,1387215
1471,231,8743,1386958,1387189
4490,231,8755,1386954,1387185
4881,231,8808,1386909,1387140
2077,231,8845,1386880,1387111
9413,231,8906,1386827,1387058
4977,231,8949,1386792,1387023
4972,231,8965,1386784,1387015
5574,231,8975,1386782,1387013
1004,231,9111,1386654,1386885
2536,231,9173,1386600,1386831
4175,231,9255,1386526,1386757
3864,231,9333,1386456,1386687
9220,231,9432,1386365,1386596
7805,231,9466,1386339,1386570
8602,231,9481,1386332,1386563
7385,231,9506,1386315,1386546
7362,231,9543,1386286,1386517
3462,231,9560,1386277,1386508
5022,231,9611,1386234,1386465
6960,231,9661,1386192,1386423
8544,231,9774,1386087,1386318
3978,231,9847,1386022,1386253
1687,231,9893,1385984,1386215
1068,231,9975,1385910,1386141
4773,231,9976,1385917,1386148
5149,231,9983,1385918,1386149
4554,232,8074,1387835,1388067
5173,232,8183,1387735,1387967
8158,232,8244,1387683,1387915
9144,232,8293,1387643,1387875
2246,232,8368,1387577,1387809
7924,232,8397,1387557,1387789
9049,232,8403,1387560,1387792
4827,232,8427,1387545,1387777
6653,232,8470,1387511,1387743
6261,232,8563,1387427,1387659
8449,232,8587,1387412,1387644
2368,232,8588,1387420,1387652
2749,232,8623,1387394,1387626
1867,232,8696,1387330,1387562
4035,232,8698,1387337,1387569
5508,232,8710,1387334,1387566
3160,232,8844,1387209,1387441
6735,232,8859,1387203,1387435
4390,232,8913,1387158,1387390
2139,232,8981,1387099,1387331
1945,232,8997,1387092,1387324
4085,232,9117,1386981,1387213
5583,232,9194,1386913,1387145
2866,232,9281,1386835,1387067
2492,232,9323,1386802,1387034
9217,232,9361,1386773,1387005
6796,232,9422,1386721,1386953
9969,232,9521,1386631,1386863
5951,232,9586,1386575,1386807
7468,232,9615,1386555,1386787
5882,232,9625,1386554,1386786
1293,232,9674,1386514,1386746
7516,232,9727,1386470,1386702
9252,232,9778,1386428,1386660
3727,233,8033,1388182,1388415
5703,233,8156,1388069,1388302
7300,233,8182,1388053,1388286
3839,233,8274,1387971,1388204
2102,233,8419,1387836,1388069
7204,233,8738,1387527,1387760
5616,233,8850,1387425,1387658
9334,233,8932,1387353,1387586
1604,233,9002,1387293,1387526
8079,233,9021,1387284,1387517
5540,233,9023,1387292,1387525
7282,233,9064,1387261,1387494
7869,233,9124,1387211,1387444
5857,233,9210,1387135,1387368
4866,233,9292,1387063,1387296
2087,233,9350,1387015,1387248
8238,233,9418,1386957,1387190
9870,233,9470,1386915,1387148
5765,233,9528,1386867,1387100
3374,233,9753,1386652,1386885
2574,233,9896,1386519,1386752
7410,234,8125,1388300,1388534
2923,234,8157,1388279,1388513
6616,234,8181,1388266,1388500
4801,234,8209,1388249,1388483
6952,234,8239,1388230,1388464
7611,234,8257,1388223,1388457
1677,234,8295,1388196,1388430
2599,234,8316,1388186,1388420
6123,234,8425,1388088,1388322
1022,234,8440,1388084,1388318
6251,234,8488,1388047,1388281
7311,234,8512,1388034,1388268
7921,234,8841,1387716,1387950
8246,234,8858,1387710,1387944
8145,234,8880,1387699,1387933
8633,234,8986,1387604,1387838
2485,234,9002,1387599,1387833
9939,234,9078,1387534,1387768
5343,234,9103,1387520,1387754
4289,234,9278,1387356,1387590
5810,234,9356,1387289,1387523
3786,234,9373,1387283,1387517
6424,234,9394,1387273,1387507
6756,234,9426,1387252,1387486
5278,234,9473,1387216,1387450
6146,234,9474,1387226,1387460
5713,234,9622,1387089,1387323
7738,234,9675,1387047,1387281
9551,234,9866,1386867,1387101
3411,234,9945,1386799,1387033
3524,234,9972,1386783,1387017
5079,234,9990,1386776,1387010
4482,235,8002,1388775,1389010
7004,235,8042,1388747,1388982
3318,235,8085,1388716,1388951
7696,235,8095,1388718,1388953
2548,235,8099,1388726,1388961
5519,235,8158,1388679,1388914
7585,235,8216,1388633,1388868
6520,235,8219,1388642,1388877
5607,235,8240,1388633,1388868
2679,235,8241,1388644,1388879
2575,235,8253,1388644,1388879
1272,235,8350,1388559,1388794
5254,235,8410,1388511,1388746
1049,235,8416,1388517,1388752
2039,235,8551,1388394,1388629
4231,235,8565,1388392,1388627
1981,235,8631,1388338,1388573
8125,235,8850,1388131,1388366
8840,235,8936,1388057,1388292
2849,235,8976,1388029,1388264
8128,235,9003,1388014,1388249
7834,235,9008,1388021,1388256
1717,235,9021,1388020,1388255
8162,235,9452,1387601,1387836
7392,235,9567,1387498,1387733
5958,235,9671,1387406,1387641
2543,235,9823,1387266,1387501
4976,235,9857,1387244,1387479
6282,235,9940,1387173,1387408
5141,236,8015,1389110,1389346
2026,236,8046,1389092,1389328
4274,236,8082,1389069,1389305
8181,236,8206,1388958,1389194
3494,236,8226,1388951,1389187
9715,236,8367,1388823,1389059
7255,236,8488,1388715,1388951
3060,236,8519,1388697,1388933
1618,236,8632,1388597,1388833
5825,236,8705,1388537,1388773
4031,236,8838,1388417,1388653
1883,236,9000,1388268,1388504
1314,236,9009,1388272,1388508
1416,236,9023,1388271,1388507
7961,236,9061,1388246,1388482
2558,236,9135,1388185,1388421
5529,236,9161,1388172,1388408
5596,236,9397,1387949,1388185
6526,236,9426,1387933,1388169
8756,236,9721,1387651,1387887
2531,236,9780,1387605,1387841
9445,236,9797,1387601,1387837
7824,236,9910,1387501,1387737
2426,236,9941,1387483,1387719
7192,236,9987,1387450,1387686
4602,237,8011,1389439,1389676
4655,237,8053,1389411,1389648
6361,237,8134,1389344,1389581
2656,237,8262,1389230,1389467
5729,237,8305,1389201,1389438
7991,237,8398,1389122,1389359
2073,237,8428,1389106,1389343
4092,237,8478,1389070,1389307
8738,237,8507,1389055,1389292
7879,237,8549,1389027,1389264
7823,237,8571,1389019,1389256
3372,237,8599,1389005,1389242
5440,237,8656,1388962,1389199
2130,237,8695,1388937,1389174
6249,237,8716,1388930,1389167
6329,237,8806,1388854,1389091
1529,237,9153,1388521,1388758
6376,237,9233,1388455,1388692
7101,237,9365,1388337,1388574
2226,237,9431,1388285,1388522
9803,237,9527,1388203,1388440
1458,237,9538,1388206,1388443
8850,237,9604,1388154,1388391
8363,237,9617,1388155,1388392
3286,237,9734,1388052,1388289
3448,237,9806,1387994,1388231
7515,237,9830,1387984,1388221
7111,237,9874,1387954,1388191
4461,237,9910,1387932,1388169
9480,238,8006,1389850,1390088
1294,238,8029,1389842,1390080
9897,238,8032,1389854,1390092
1426,238,8133,1389768,1390006
6434,238,8162,1389754,1389992
3986,238,8210,1389721,1389959
3197,238,8243,1389703,1389941
5355,238,8348,1389613,1389851
7498,238,8487,1389489,1389727
6245,238,8622,1389369,1389607
9106,238,8663,1389343,1389581
3734,238,8690,1389331,1389569
2775,238,8700,1389336,1389574
3378,238,8704,1389347,1389585
4056,238,8730,1389336,1389574
4537,238,8837,1389244,1389482
6882,238,8954,1389142,1389380
9437,238,9027,1389084,1389322
5811,238,9382,1388744,1388982
2919,238,9408,1388733,1388971
4793,238,9416,1388740,1388978
6352,238,9484,1388687,1388925
4232,238,9723,1388463,1388701
1017,239,8208,1389993,1390232
1154,239,8223,1389994,1390233
4359,239,8235,1389998,1390237
8405,239,8338,1389911,1390150
9297,239,8346,1389919,1390158
7690,239,8354,1389927,1390166
3810,239,8362,1389935,1390174
7379,239,8486,1389827,1390066
2354,239,8524,1389805,1390044
2289,239,8864,1389481,1389720
1260,239,8920,1389441,1389680
7230,239,8925,1389452,1389691
9608,239,9089,1389304,1389543
8150,239,9311,1389098,1389337
5584,239,9320,1389105,1389344
1570,239,9326,1389115,1389354
4285,239,9420,1389037,1389276
7040,239,9438,1389035,1389274
5874,239,9446,1389043,1389282
3054,239,9456,1389049,1389288
8466,239,9511,1389010,1389249
8912,239,9587,1388950,1389189
5961,239,9595,1388958,1389197
9729,239,9603,1388966,1389205
6201,239,9644,1388941,1389180
7448,239,9745,1388856,1389095
7281,239,9753,1388864,1389103
2169,239,9761,1388872,1389111
8502,239,9806,1388843,1389082
2475,239,9834,1388831,1389070
4120,239,9985,1388696,1388935
9570,240,8005,1390692,1390932
2068,240,8101,1390613,1390853
7831,240,8120,1390611,1390851
7387,240,8253,1390495,1390735
1844,240,8274,1390491,1390731
9946,240,8424,1390358,1390598
7700,240,8508,1390291,1390531
7507,240,8530,1390286,1390526
8483,240,8571,1390262,1390502
9780,240,8572,1390278,1390518
5035,240,8648,1390219,1390459
6292,240,8784,1390100,1390340
1326,240,8834,1390067,1390307
5666,240,8944,1389974,1390214
1500,240,8953,1389982,1390222
5711,240,8964,1389988,1390228
2177,240,9197,1389772,1390012
2705,240,9222,1389764,1390004
1797,240,9329,1389674,1389914
2165,240,9443,1389577,1389817
2457,240,9531,1389506,1389746
3012,240,9538,1389516,1389756
1242,240,9576,1389495,1389735
1410,240,9682,1389406,1389646
4006,240,9710,1389395,1389635
4922,240,9738,1389384,1389624
1003,240,9743,1389396,1389636
5613,240,9796,1389360,1389600
2098,240,9897,1389276,1389516
7188,240,9902,1389288,1389528
6493,240,9906,1389301,1389541
8768,240,9935,1389289,1389529
7852,240,9988,1389253,1389493
4340,241,8043,1391215,1391456
9319,241,8045,1391231,1391472
6199,241,8082,1391212,1391453
5966,241,8086,1391226,1391467
6438,241,8093,1391237,1391478
6549,241,8103,1391245,1391486
1083,241,8131,1391235,1391476
3249,241,8211,1391173,1391414
4565,241,8263,1391139,1391380
3253,241,8330,1391090,1391331
7451,241,8331,1391107,1391348
8692,241,8514,1390942,1391183
4329,241,8669,1390805,1391046
6794,241,8691,1390801,1391042
4153,241,8810,1390700,1390941
4227,241,8816,1390712,1390953
3246,241,8898,1390648,1390889
6479,241,9121,1390443,1390684
3862,241,9258,1390324,1390565
6886,241,9271,1390329,1390570
3833,241,9289,1390329,1390570
9215,241,9331,1390305,1390546
3350,241,9373,1390281,1390522
5132,241,9461,1390211,1390452
2560,241,9596,1390094,1390335
2422,242,8041,1391667,1391909
5863,242,8085,1391642,1391884
3227,242,8162,1391584,1391826
7388,242,8205,1391560,1391802
2205,242,8213,1391571,1391813
8634,242,8304,1391499,1391741
2776,242,8453,1391369,1391611
2429,242,8522,1391319,1391561
2227,242,8544,1391316,1391558
7603,242,8584,1391295,1391537
6444,242,8722,1391176,1391418
8651,242,8738,1391179,1391421
8161,242,8818,1391118,1391360
9538,242,8835,1391120,1391362
3488,242,8906,1391068,1391310
4498,242,8921,1391072,1391314
2512,242,8950,1391062,1391304
6375,242,8957,1391074,1391316
3451,242,9076,1390974,1391216
4710,242,9104,1390965,1391207
7315,242,9112,1390976,1391218
8713,242,9138,1390969,1391211
8783,242,9138,1390988,1391230
8259,242,9149,1390996,1391238
4589,242,9166,1390998,1391240
5240,242,9230,1390953,1391195
1457,242,9325,1390877,1391119
6934,242,9359,1390862,1391104
5554,242,9417,1390823,1391065
9221,242,9446,1390813,1391055
2038,242,9464,1390814,1391056
2780,242,9470,1390827,1391069
1406,242,9487,1390829,1391071
5339,242,9493,1390842,1391084
3042,242,9495,1390859,1391101
5287,242,9660,1390713,1390955
4888,242,9694,1390698,1390940
8378,242,9704,1390707,1390949
5011,242,9725,1390705,1390947
6507,242,9843,1390606,1390848
5677,242,9874,1390594,1390836
4446,243,8036,1392451,1392694
8117,243,8089,1392418,1392661
6627,243,8118,1392409,1392652
5071,243,8259,1392288,1392531
6472,243,8271,1392296,1392539
7019,243,8289,1392298,1392541
8143,243,8516,1392091,1392334
2845,243,8546,1392081,1392324
8278,243,8672,1391975,1392218
4146,243,8749,1391918,1392161
8978,243,8815,1391872,1392115
6357,243,8837,1391870,1392113
7378,243,8846,1391881,1392124
2489,243,8858,1391889,1392132
5434,243,8874,1391893,1392136
8952,243,8883,1391904,1392147
9142,243,8897,1391910,1392153
4337,243,8943,1391884,1392127
4604,243,8972,1391875,1392118
4961,243,9058,1391809,1392052
8505,243,9085,1391802,1392045
2869,243,9097,1391810,1392053
1787,243,9155,1391772,1392015
3342,243,9315,1391632,1391875
2171,243,9326,1391641,1391884
2145,243,9447,1391540,1391783
4694,243,9482,1391525,1391768
8597,243,9493,1391534,1391777
8593,243,9511,1391536,1391779
4952,243,9597,1391470,1391713
5534,243,9777,1391310,1391553
3118,244,8082,1393025,1393269
1061,244,8136,1392992,1393236
4819,244,8269,1392880,1393124
4350,244,8324,1392846,1393090
2072,244,8329,1392862,1393106
3728,244,8407,1392805,1393049
9255,244,8574,1392659,1392903
2419,244,8618,1392636,1392880
3949,244,8689,1392586,1392830
5221,244,8695,1392601,1392845
9745,244,8764,1392553,1392797
5615,244,8884,1392454,1392698
2839,244,8894,1392465,1392709
5387,244,8912,1392468,1392712
8203,244,8975,1392426,1392670
3144,244,8999,1392423,1392667
1276,244,9039,1392404,1392648
6726,244,9097,1392367,1392611
2873,244,9138,1392347,1392591
6594,244,9205,1392301,1392545
5127,244,9559,1391968,1392212
5994,244,9566,1391982,1392226
3961,244,9631,1391938,1392182
1548,244,9649,1391941,1392185
9160,244,9730,1391881,1392125
5506,244,9768,1391864,1392108
4111,244,9885,1391768,1392012
2340,245,8021,1393653,1393898
9791,245,8116,1393580,1393825
7223,245,8327,1393391,1393636
3056,245,8477,1393263,1393508
6269,245,8494,1393268,1393513
9310,245,8497,1393287,1393532
2433,245,8498,1393308,1393553
6364,245,8516,1393312,1393557
2116,245,8557,1393293,1393538
4715,245,8622,1393250,1393495
6719,245,8650,1393244,1393489
8903,245,8826,1393090,1393335
5564,245,8832,1393106,1393351
2471,245,8842,1393118,1393363
2302,245,8867,1393115,1393360
5973,245,8891,1393113,1393358
1338,245,8989,1393037,1393282
3527,245,9028,1393020,1393265
8273,245,9074,1392996,1393241
2803,245,9103,1392989,1393234
9162,245,9175,1392939,1393184
1876,245,9217,1392919,1393164
1145,245,9421,1392737,1392982
8881,245,9499,1392681,1392926
4644,245,9504,1392698,1392943
7158,245,9510,1392714,1392959
1629,245,9512,1392734,1392979
5683,245,9557,1392711,1392956
7966,245,9842,1392448,1392693
4738,245,9883,1392429,1392674
4323,245,9943,1392391,1392636
5997,245,9976,1392380,1392625
8283,245,9989,1392389,1392634
9669,246,8058,1394342,1394588
7103,246,8192,1394231,1394477
7870,246,8301,1394145,1394391
8445,246,8417,1394052,1394298
8437,246,8454,1394038,1394284
9382,246,8740,1393775,1394021
8844,246,8796,1393742,1393988
2921,246,8834,1393727,1393973
2907,246,8847,1393737,1393983
7189,246,8878,1393729,1393975
7761,246,8891,1393739,1393985
3984,246,8917,1393736,1393982
6513,246,8949,1393727,1393973
7551,246,9030,1393669,1393915
7795,246,9048,1393674,1393920
8796,246,9074,1393671,1393917
3175,246,9168,1393600,1393846
2982,246,9377,1393414,1393660
8998,246,9611,1393203,1393449
8853,246,9630,1393207,1393453
8669,246,9754,1393106,1393352
4656,246,9894,1392989,1393235
2877,246,9941,1392965,1393211
4685,246,9941,1392988,1393234
1013,246,9988,1392964,1393210
8681,246,9993,1392982,1393228
3628,247,8278,1394720,1394967
7425,247,8366,1394656,1394903
5456,247,8432,1394614,1394861
1228,247,8575,1394495,1394742
6350,247,8610,1394484,1394731
5838,247,8682,1394436,1394683
1284,247,8725,1394417,1394664
6400,247,8814,1394352,1394599
9882,247,8883,1394307,1394554
7598,247,8943,1394271,1394518
6171,247,8946,1394292,1394539
4427,247,8981,1394281,1394528
6976,247,9004,1394282,1394529
5801,247,9008,1394302,1394549
2535,247,9031,1394303,1394550
6672,247,9034,1394324,1394571
4818,247,9051,1394331,1394578
7524,247,9370,1394036,1394283
7697,247,9413,1394017,1394264
4789,247,9624,1393830,1394077
6588,247,9653,1393825,1394072
4698,247,9680,1393822,1394069
3267,247,9804,1393722,1393969
8237,247,9827,1393723,1393970
6228,248,8013,1395561,1395809
9454,248,8023,1395576,1395824
3523,248,8054,1395570,1395818
6709,248,8099,1395550,1395798
3575,248,8104,1395570,1395818
3594,248,8201,1395498,1395746
9118,248,8287,1395437,1395685
9075,248,8325,1395424,1395672
5638,248,8337,1395437,1395685
5322,248,8342,1395457,1395705
3906,248,8408,1395416,1395664
7048,248,8468,1395381,1395629
2089,248,8473,1395401,1395649
8559,248,8610,1395289,1395537
6623,248,8644,1395280,1395528
7627,248,8761,1395188,1395436
8653,248,8769,1395205,1395453
9326,248,8783,1395216,1395464
7624,248,8920,1395104,1395352
6049,248,9099,1394950,1395198
8311,248,9118,1394956,1395204
3285,248,9135,1394964,1395212
7765,248,9171,1394953,1395201
9245,248,9209,1394940,1395188
2741,248,9292,1394882,1395130
4192,248,9297,1394902,1395150
5853,248,9316,1394908,1395156
7529,248,9357,1394892,1395140
2591,248,9415,1394859,1395107
7403,248,9445,1394854,1395102
8043,248,9475,1394849,1395097
5007,248,9568,1394781,1395029
2297,248,9735,1394639,1394887
6093,248,9800,1394599,1394847
1415,248,9856,1394568,1394816
5537,248,9964,1394485,1394733
9744,248,9978,1394496,1394744
3979,249,8331,1396168,1396417
1995,249,8605,1395920,1396169
7733,249,8616,1395935,1396184
9620,249,8678,1395899,1396148
2680,249,8744,1395859,1396108
4013,249,8799,1395830,1396079
1819,249,8818,1395837,1396086
6853,249,8831,1395850,1396099
9970,249,8916,1395791,1396040
7985,249,8950,1395783,1396032
8387,249,8950,1395809,1396058
2146,249,8954,1395831,1396080
8248,249,9014,1395797,1396046
9352,249,9083,1395754,1396003
2460,249,9085,1395778,1396027
9036,249,9116,1395773,1396022
5092,249,9117,1395798,1396047
4279,249,9151,1395790,1396039
8856,249,9247,1395720,1395969
2199,249,9309,1395684,1395933
5097,249,9432,1395587,1395836
1759,249,9451,1395594,1395843
9693,249,9512,1395559,1395808
2960,249,9687,1395410,1395659
3850,249,9916,1395207,1395456
4761,249,9922,1395227,1395476
9588,249,9937,1395238,1395487
9434,250,8015,1397186,1397436
5478,250,8031,1397197,1397447
2421,250,8042,1397213,1397463
9066,250,8094,1397188,1397438
1692,250,8111,1397198,1397448
6150,250,8153,1397183,1397433
6422,250,8160,1397203,1397453
7001,250,8250,1397140,1397390
8271,250,8260,1397157,1397407
2519,250,8298,1397146,1397396
8428,250,8312,1397159,1397409
2644,250,8492,1397006,1397256
2347,250,8566,1396959,1397209
4117,250,8602,1396950,1397200
4574,250,8610,1396969,1397219
6696,250,8706,1396900,1397150
7447,250,8771,1396862,1397112
4156,250,8777,1396883,1397133
4700,250,8824,1396863,1397113
5271,250,8944,1396770,1397020
4318,250,8972,1396769,1397019
5489,250,9057,1396711,1396961
5452,250,9085,1396710,1396960
3923,250,9162,1396660,1396910
3852,250,9189,1396660,1396910
2291,250,9274,1396602,1396852
3263,250,9299,1396604,1396854
8289,250,9448,1396482,1396732
1757,250,9510,1396447,1396697
8243,250,9564,1396420,1396670
4542,250,9658,1396353,1396603
9615,250,9804,1396234,1396484
2375,250,9814,1396251,1396501
2441,250,9877,1396215,1396465
5527,251,8026,1398093,1398344
6904,251,8048,1398099,1398350
5569,251,8083,1398092,1398343
5890,251,8124,1398079,1398330
9720,251,8162,1398069,1398320
8667,251,8212,1398047,1398298
8007,251,8220,1398067,1398318
3975,251,8268,1398047,1398298
7225,251,8292,1398051,1398302
6539,251,8321,1398050,1398301
4757,251,8323,1398076,1398327
1450,251,8345,1398082,1398333
3600,251,8360,1398095,1398346
4502,251,8376,1398107,1398358
2815,251,8484,1398027,1398278
1917,251,8647,1397892,1398143
4058,251,8808,1397759,1398010
4675,251,8963,1397632,1397883
1033,251,9035,1397588,1397839
4908,251,9317,1397334,1397585
1324,251,9341,1397338,1397589
8072,251,9363,1397344,1397595
1673,251,9395,1397340,1397591
5443,251,9524,1397239,1397490
4295,251,9611,1397180,1397431
4953,251,9772,1397047,1397298
3455,251,9778,1397069,1397320
2283,252,8266,1398609,1398861
6718,252,8505,1398399,1398651
5974,252,8824,1398109,1398361
7621,252,8825,1398137,1398389
5707,252,8835,1398156,1398408
7883,252,8881,1398139,1398391
2112,252,8898,1398151,1398403
9412,252,8920,1398158,1398410
4749,252,9016,1398091,1398343
7954,252,9084,1398052,1398304
2313,252,9122,1398043,1398295
6308,252,9197,1397997,1398249
2937,252,9215,1398008,1398260
1261,252,9222,1398030,1398282
7400,252,9292,1397989,1398241
5121,252,9297,1398013,1398265
6920,252,9303,1398036,1398288
3951,252,9318,1398050,1398302
5995,252,9362,1398035,1398287
5328,252,9364,1398062,1398314
1966,252,9378,1398077,1398329
2525,252,9413,1398071,1398323
8554,252,9421,1398092,1398344
3371,252,9483,1398059,1398311
7880,252,9579,1397992,1398244
8572,252,9653,1397947,1398199
7706,252,9723,1397906,1398158
4422,252,9734,1397924,1398176
5699,252,9747,1397940,1398192
6748,252,9877,1397839,1398091
6801,253,8091,1399654,1399907
8512,253,8153,1399622,1399875
2121,253,8331,1399474,1399727
8240,253,8350,1399485,1399738
1211,253,8396,1399469,1399722
1133,253,8501,1399394,1399647
4969,253,8507,1399418,1399671
2345,253,8609,1399346,1399599
7820,253,8630,1399355,1399608
2989,253,8660,1399355,1399608
2824,253,8786,1399259,1399512
7578,253,8907,1399168,1399421
6102,253,8932,1399173,1399426
8582,253,8933,1399202,1399455
1811,253,8963,1399202,1399455
8549,253,9027,1399168,1399421
8852,253,9080,1399145,1399398
6615,253,9212,1399043,1399296
4465,253,9353,1398932,1399185
8737,253,9359,1398956,1399209
1153,253,9528,1398817,1399070
4514,253,9572,1398803,1399056
7319,253,9759,1398646,1398899
9606,253,9800,1398635,1398888
6340,253,9939,1398526,1398779
4250,253,9944,1398551,1398804
7150,253,9971,1398554,1398807
5410,254,8007,1400548,1400802
9814,254,8027,1400559,1400813
4207,254,8129,1400488,1400742
6919,254,8143,1400505,1400759
6744,254,8173,1400506,1400760
5296,254,8175,1400535,1400789
3795,254,8357,1400384,1400638
4015,254,8496,1400276,1400530
6328,254,8544,1400259,1400513
5061,254,8744,1400090,1400344
9233,254,8906,1399959,1400213
1353,254,8929,1399967,1400221
6133,254,8958,1399969,1400223
9001,254,9047,1399911,1400165
2464,254,9102,1399887,1400141
9645,254,9161,1399859,1400113
6234,254,9173,1399878,1400132
9714,254,9228,1399854,1400108
2630,254,9252,1399861,1400115
9825,254,9292,1399852,1400106
8025,254,9294,1399881,1400135
7494,254,9633,1399573,1399827
2867,254,9646,1399591,1399845
6247,254,9681,1399587,1399841
7838,254,9766,1399533,1399787
4488,254,9768,1399562,1399816
2837,254,9785,1399576,1399830
3067,254,9799,1399593,1399847
3879,254,9868,1399555,1399809
9613,254,9983,1399471,1399725
5954,255,8047,1401438,1401693
3877,255,8120,1401397,1401652
5228,255,8127,1401422,1401677
8211,255,8312,1401269,1401524
3559,255,8439,1401174,1401429
1289,255,8501,1401144,1401399
3421,255,8532,1401145,1401400
2078,255,8584,1401125,1401380
3898,255,8634,1401107,1401362
9185,255,8697,1401076,1401331
3666,255,8722,1401083,1401338
2961,255,8963,1400874,1401129
9876,255,9140,1400729,1400984
5805,255,9152,1400749,1401004
1924,255,9256,1400677,1400932
8481,255,9279,1400686,1400941
8716,255,9280,1400717,1400972
5222,255,9483,1400546,1400801
3255,255,9492,1400569,1400824
4046,255,9515,1400578,1400833
3149,255,9607,1400518,1400773
5120,255,9638,1400519,1400774
3192,255,9662,1400527,1400782
9411,255,9704,1400517,1400772
5000,255,9720,1400533,1400788
2042,255,9732,1400553,1400808
8376,255,9919,1400398,1400653
6073,256,8155,1402194,1402450
4762,256,8239,1402143,1402399
2335,256,8417,1401998,1402254
7509,256,8447,1402001,1402257
5975,256,8535,1401946,1402202
6951,256,8577,1401937,1402193
2438,256,8587,1401960,1402216
1243,256,8619,1401961,1402217
1275,256,8665,1401948,1402204
9827,256,8696,1401950,1402206
6322,256,8719,1401960,1402216
5363,256,8811,1401901,1402157
6015,256,8822,1401923,1402179
2789,256,8869,1401909,1402165
2948,256,8884,1401927,1402183
6314,256,8955,1401889,1402145
8968,256,8963,1401914,1402170
9420,256,9081,1401829,1402085
4301,256,9182,1401761,1402017
2910,256,9319,1401657,1401913
2522,256,9356,1401653,1401909
5551,256,9447,1401595,1401851
1722,256,9454,1401621,1401877
4127,256,9474,1401634,1401890
7645,256,9492,1401649,1401905
4998,256,9519,1401655,1401911
1641,256,9522,1401685,1401941
8270,256,9540,1401700,1401956
9649,256,9763,1401510,1401766
7325,256,9772,1401534,1401790
8153,256,9860,1401479,1401735
7633,256,9886,1401486,1401742
4701,256,9979,1401426,1401682
4477,257,8022,1403416,1403673
4538,257,8026,1403446,1403703
6926,257,8039,1403467,1403724
8106,257,8076,1403464,1403721
8309,257,8126,1403448,1403705
3990,257,8155,1403453,1403710
8497,257,8165,1403477,1403734
1649,257,8170,1403506,1403763
3709,257,8183,1403527,1403784
2147,257,8197,1403547,1403804
4236,257,8318,1403460,1403717
3089,257,8359,1403453,1403710
4311,257,8401,1403445,1403702
3066,257,8411,1403469,1403726
2506,257,8442,1403472,1403729
3046,257,8530,1403418,1403675
4260,257,8581,1403401,1403658
7593,257,8607,1403409,1403666
7232,257,8628,1403422,1403679
8697,257,8652,1403432,1403689
3450,257,8669,1403449,1403706
6550,257,8671,1403481,1403738
1996,257,8678,1403508,1403765
1551,257,8703,1403517,1403774
8219,257,8709,1403545,1403802
8801,257,8732,1403556,1403813
4023,257,8792,1403530,1403787
9501,257,8905,1403451,1403708
8945,257,8923,1403467,1403724
5910,257,8925,1403499,1403756
9698,257,9211,1403247,1403504
5134,257,9322,1403170,1403427
8656,257,9354,1403172,1403429
1019,257,9459,1403101,1403358
2751,257,9531,1403063,1403320
3107,257,9585,1403043,1403300
9237,257,9597,1403065,1403322
7758,257,9652,1403044,1403301
8987,257,9744,1402986,1403243
6326,257,9745,1403019,1403276
7839,257,9799,1402999,1403256
6154,257,9893,1402939,1403196
2537,257,9906,1402960,1403217
1848,257,9916,1402984,1403241
6279,257,9923,1403011,1403268
9020,258,8200,1404768,1405026
3909,258,8290,1404713,1404971
9674,258,8305,1404733,1404991
3832,258,8308,1404765,1405023
5154,258,8345,1404763,1405021
1918,258,8360,1404783,1405041
4671,258,8401,1404777,1405035
4198,258,8461,1404752,1405010
8317,258,8471,1404777,1405035
6447,258,8577,1404706,1404964
1969,258,8700,1404618,1404876
2410,258,8793,1404560,1404818
8751,258,8871,1404517,1404775
1047,258,8935,1404488,1404746
2234,258,9134,1404324,1404582
4965,258,9158,1404335,1404593
9896,258,9217,1404311,1404569
9224,258,9275,1404288,1404546
3936,258,9404,1404194,1404452
9661,258,9465,1404168,1404426
2346,258,9483,1404185,1404443
2447,258,9558,1404145,1404403
3755,258,9617,1404121,1404379
2006,258,9648,1404125,1404383
6337,258,9651,1404157,1404415
2477,258,9687,1404156,1404414
3872,258,9710,1404168,1404426
9779,258,9762,1404151,1404409
6929,258,9787,1404161,1404419
4721,258,9892,1404091,1404349
6884,259,8014,1406004,1406263
1122,259,8019,1406035,1406294
3861,259,8037,1406053,1406312
2260,259,8122,1406004,1406263
2370,259,8152,1406010,1406269
5408,259,8183,1406015,1406274
5544,259,8287,1405947,1406206
3404,259,8309,1405961,1406220
5279,259,8358,1405948,1406207
5637,259,8399,1405943,1406202
4443,259,8453,1405925,1406184
3234,259,8465,1405949,1406208
6879,259,8486,1405964,1406223
9423,259,8516,1405970,1406229
3747,259,8532,1405990,1406249
6746,259,8544,1406014,1406273
9368,259,8624,1405970,1406229
7543,259,8759,1405871,1406130
1350,259,8902,1405764,1406023
9180,259,8904,1405798,1406057
5258,259,8946,1405792,1406051
8474,259,9205,1405569,1405828
3038,259,9250,1405560,1405819
9926,259,9348,1405498,1405757
1159,259,9583,1405299,1405558
7891,259,9722,1405196,1405455
1128,259,9784,1405170,1405429
1693,259,9798,1405192,1405451
1602,259,9806,1405220,1405479
7581,259,9827,1405235,1405494
6386,259,9862,1405236,1405495
2213,260,8199,1406935,1407195
6404,260,8285,1406886,1407146
3330,260,8326,1406882,1407142
8060,260,8384,1406861,1407121
2357,260,8455,1406827,1407087
9707,260,8463,1406856,1407116
1536,260,8533,1406823,1407083
2654,260,8591,1406802,1407062
2435,260,8646,1406784,1407044
2797,260,8768,1406699,1406959
3687,260,8781,1406723,1406983
2239,260,8823,1406718,1406978
1137,260,8834,1406744,1407004
8185,260,8862,1406753,1407013
5166,260,9109,1406543,1406803
6488,260,9112,1406577,1406837
2902,260,9130,1406596,1406856
3593,260,9132,1406631,1406891
4898,260,9137,1406663,1406923
4102,260,9247,1406590,1406850
3221,260,9297,1406577,1406837
7877,260,9348,1406563,1406823
5162,260,9357,1406591,1406851
7584,260,9358,1406627,1406887
3859,260,9452,1406570,1406830
3541,260,9516,1406543,1406803
5904,260,9541,1406555,1406815
6388,260,9556,1406577,1406837
9564,260,9557,1406613,1406873
9532,260,9634,1406573,1406833
7211,260,9679,1406565,1406825
1978,260,9792,1406489,1406749
6336,261,8025,1408293,1408554
6294,261,8060,1408296,1408557
3564,261,8332,1408062,1408323
4742,261,8374,1408058,1408319
8183,261,8386,1408084,1408345
3029,261,8530,1407978,1408239
6525,261,8559,1407987,1408248
7390,261,8709,1407875,1408136
6980,261,8894,1407728,1407989
5733,261,9204,1407456,1407717
2699,261,9228,1407470,1407731
3791,261,9271,1407465,1407726
7791,261,9338,1407436,1407697
7845,261,9404,1407408,1407669
3452,261,9470,1407380,1407641
5436,261,9487,1407401,1407662
2096,261,9501,1407425,1407686
9400,261,9642,1407322,1407583
9494,261,9693,1407309,1407570
1737,261,9888,1407152,1407413
6607,261,9930,1407148,1407409
2892,262,8056,1409060,1409322
8745,262,8296,1408859,1409121
9990,262,8386,1408808,1409070
8616,262,8600,1408633,1408895
3063,262,8669,1408603,1408865
7638,262,8784,1408527,1408789
9397,262,9077,1408273,1408535
2692,262,9135,1408254,1408516
4980,262,9209,1408219,1408481
7992,262,9210,1408257,1408519
3860,262,9250,1408256,1408518
5980,262,9274,1408271,1408533
7389,262,9293,1408291,1408553
3618,262,9346,1408277,1408539
9887,262,9539,1408123,1408385
3552,262,9608,1408093,1408355
6757,262,9647,1408093,1408355
7287,262,9724,1408055,1408317
2365,262,9866,1407952,1408214
1762,263,8217,1409640,1409903
9977,263,8218,1409679,1409942
3866,263,8257,1409680,1409943
1366,263,8508,1409469,1409732
9002,263,8595,1409422,1409685
5495,263,8628,1409429,1409692
1729,263,8741,1409356,1409619
4516,263,8814,1409323,1409586
8296,263,8847,1409330,1409593
6142,263,8948,1409269,1409532
1646,263,8951,1409306,1409569
3807,263,8996,1409301,1409564
9446,263,9163,1409174,1409437
5599,263,9286,1409091,1409354
1273,263,9409,1409008,1409271
4101,263,9487,1408970,1409233
7634,263,9633,1408864,1409127
7525,263,9656,1408881,1409144
3633,263,9753,1408824,1409087
6445,263,9819,1408798,1409061
6120,263,9850,1408807,1409070
3426,263,9941,1408756,1409019
3804,264,8082,1410655,1410919
1512,264,8125,1410653,1410917
2595,264,8250,1410569,1410833
3581,264,8294,1410566,1410830
1803,264,8383,1410518,1410782
2864,264,8480,1410462,1410726
3299,264,8583,1410400,1410664
6084,264,8665,1410359,1410623
8409,264,8671,1410394,1410658
8459,264,8925,1410181,1410445
1012,264,9034,1410113,1410377
9632,264,9126,1410062,1410326
3427,264,9147,1410082,1410346
2785,264,9206,1410064,1410328
2236,264,9315,1409996,1410260
1171,264,9324,1410028,1410292
9467,264,9337,1410056,1410320
1817,264,9368,1410066,1410330
1832,264,9417,1410058,1410322
9904,264,9425,1410091,1410355
8135,264,9567,1409990,1410254
2523,264,9577,1410021,1410285
9930,264,9614,1410025,1410289
7430,264,9625,1410055,1410319
5389,264,9764,1409957,1410221
4235,264,9792,1409970,1410234
9104,264,9885,1409918,1410182
9915,264,9927,1409917,1410181
6193,265,8048,1411837,1412102
4349,265,8053,1411874,1412139
6076,265,8083,1411886,1412151
2404,265,8086,1411925,1412190
1252,265,8151,1411902,1412167
4039,265,8271,1411824,1412089
2045,265,8349,1411788,1412053
7382,265,8470,1411709,1411974
9544,265,8472,1411749,1412014
9781,265,8883,1411380,1411645
3624,265,8906,1411399,1411664
3856,265,9093,1411254,1411519
5332,265,9238,1411151,1411416
1713,265,9289,1411142,1411407
8292,265,9292,1411181,1411446
4463,265,9372,1411143,1411408
8557,265,9445,1411112,1411377
2081,265,9529,1411070,1411335
4251,265,9590,1411051,1411316
8190,265,9622,1411061,1411326
1801,265,9649,1411076,1411341
8992,265,9711,1411056,1411321
9785,265,9746,1411063,1411328
7268,265,9757,1411094,1411359
1853,265,9770,1411123,1411388
8902,265,9775,1411160,1411425
9071,265,9845,1411132,1411397
9459,265,9888,1411131,1411396
4689,266,8098,1412963,1413229
4809,266,8195,1412909,1413175
3397,266,8248,1412899,1413165
4541,266,8272,1412918,1413184
4057,266,8290,1412943,1413209
4266,266,8419,1412857,1413123
8859,266,8576,1412743,1413009
9373,266,8619,1412743,1413009
6079,266,8645,1412760,1413026
8632,266,8787,1412661,1412927
7975,266,8863,1412628,1412894
1965,266,8936,1412598,1412864
7043,266,9117,1412460,1412726
4966,266,9121,1412499,1412765
1125,266,9166,1412497,1412763
1445,266,9254,1412452,1412718
1791,266,9287,1412462,1412728
8091,266,9318,1412474,1412740
8644,266,9380,1412455,1412721
8706,266,9438,1412440,1412706
7419,266,9453,1412468,1412734
5957,266,9568,1412396,1412662
4451,266,9579,1412428,1412694
4003,266,9634,1412416,1412682
7635,266,9636,1412457,1412723
7116,266,9660,1412476,1412742
7021,266,9729,1412450,1412716
5252,266,9734,1412488,1412754
1716,266,9761,1412504,1412770
6131,266,9782,1412526,1412792
9666,266,9794,1412557,1412823
6764,266,9813,1412581,1412847
2321,266,9830,1412607,1412873
7437,266,9856,1412624,1412890
2738,267,8071,1414452,1414719
5439,267,8147,1414420,1414687
8267,267,8171,1414440,1414707
7226,267,8488,1414167,1414434
6312,267,8525,1414174,1414441
3806,267,8636,1414107,1414374
4070,267,8642,1414145,1414412
1637,267,8683,1414148,1414415
4963,267,8759,1414116,1414383
3196,267,8767,1414152,1414419
3156,267,8804,1414159,1414426
6407,267,9221,1413786,1414053
7352,267,9292,1413759,1414026
7310,267,9319,1413776,1414043
7330,267,9430,1413709,1413976
2516,267,9517,1413666,1413933
3544,267,9590,1413637,1413904
5815,267,9644,1413627,1413894
8769,267,9683,1413632,1413899
5784,267,9716,1413643,1413910
3880,267,9909,1413494,1413761
6797,267,9931,1413516,1413783
7671,267,9938,1413553,1413820
7664,268,8101,1415434,1415702
9392,268,8101,1415479,1415747
8205,268,8180,1415445,1415713
4736,268,8214,1415456,1415724
8654,268,8258,1415457,1415725
4510,268,8438,1415322,1415590
2377,268,8683,1415122,1415390
7179,268,8874,1414976,1415244
4611,268,9008,1414887,1415155
9462,268,9064,1414876,1415144
4361,268,9108,1414877,1415145
7099,268,9156,1414874,1415142
4692,268,9168,1414907,1415175
9490,268,9201,1414919,1415187
2693,268,9252,1414913,1415181
6707,268,9361,1414849,1415117
1249,268,9400,1414855,1415123
5083,268,9499,1414801,1415069
4857,268,9549,1414796,1415064
2315,268,9590,1414800,1415068
5894,268,9622,1414813,1415081
5223,268,9631,1414849,1415117
9587,268,9722,1414803,1415071
2043,268,9795,1414775,1415043
3010,268,9971,1414644,1414912
1497,268,9988,1414672,1414940
8732,269,8031,1416674,1416943
1734,269,8271,1416480,1416749
1422,269,8330,1416467,1416736
5864,269,8406,1416437,1416706
8614,269,8415,1416474,1416743
6418,269,8541,1416394,1416663
4539,269,8829,1416152,1416421
5054,269,8930,1416097,1416366
8876,269,8986,1416087,1416356
6523,269,9041,1416078,1416347
1987,269,9055,1416110,1416379
6605,269,9070,1416141,1416410
6942,269,9118,1416139,1416408
7295,269,9527,1415776,1416045
6449,269,9675,1415674,1415943
9072,269,9701,1415694,1415963
1513,269,9766,1415675,1415944
8962,269,9784,1415703,1415972
5898,269,9794,1415739,1416008
4471,269,9860,1415719,1415988
7042,269,9877,1415748,1416017
9450,269,9901,1415770,1416039
3093,269,9924,1415793,1416062
8485,269,9962,1415801,1416070
3790,270,8106,1417703,1417973
6921,270,8151,1417705,1417975
1234,270,8274,1417629,1417899
4149,270,8431,1417519,1417789
9743,270,8468,1417529,1417799
4852,270,8493,1417551,1417821
7658,270,8568,1417523,1417793
4205,270,8620,1417518,1417788
9005,270,8623,1417562,1417832
7279,270,8796,1417436,1417706
4739,270,8864,1417415,1417685
1058,270,9358,1416968,1417238
4195,270,9433,1416940,1417210
1335,270,9505,1416915,1417185
2975,270,9594,1416873,1417143
8077,270,9604,1416910,1417180
8351,270,9657,1416904,1417174
6989,270,9757,1416851,1417121
1298,270,9817,1416838,1417108
2711,270,9920,1416782,1417052
7893,270,9920,1416829,1417099
9622,271,8189,1418607,1418878
4722,271,8260,1418584,1418855
6981,271,8499,1418393,1418664
1523,271,8525,1418415,1418686
3960,271,8648,1418340,1418611
9936,271,8784,1418252,1418523
9131,271,8802,1418282,1418553
1885,271,8824,1418308,1418579
5402,271,8888,1418292,1418563
4392,271,9025,1418203,1418474
5751,271,9026,1418250,1418521
2055,271,9067,1418257,1418528
6956,271,9107,1418265,1418536
9291,271,9141,1418279,1418550
9113,271,9159,1418309,1418580
1825,271,9169,1418347,1418618
1102,271,9199,1418365,1418636
6019,271,9228,1418384,1418655
6996,271,9403,1418257,1418528
9893,271,9417,1418291,1418562
5096,271,9456,1418300,1418571
9487,271,9509,1418295,1418566
4557,271,9591,1418261,1418532
2242,271,9848,1418052,1418323
1802,272,8040,1419908,1420180
4729,272,8160,1419837,1420109
6169,272,8220,1419826,1420098
6821,272,8271,1419824,1420096
7120,272,8332,1419812,1420084
1871,272,8369,1419824,1420096
8657,272,8426,1419816,1420088
4234,272,8492,1419799,1420071
9228,272,8510,1419830,1420102
5171,272,8527,1419862,1420134
3340,272,8699,1419739,1420011
4129,272,8757,1419730,1420002
2244,272,8773,1419763,1420035
2997,272,8795,1419790,1420062
7364,272,9064,1419570,1419842
7366,272,9153,1419530,1419802
1831,272,9186,1419546,1419818
6728,272,9226,1419555,1419827
4208,272,9312,1419518,1419790
2444,272,9411,1419468,1419740
6893,272,9444,1419484,1419756
4981,272,9478,1419499,1419771
6331,272,9496,1419530,1419802
1198,272,9558,1419517,1419789
8924,272,9576,1419548,1419820
5490,272,9628,1419545,1419817
1561,272,9729,1419493,1419765
6029,272,9736,1419535,1419807
7775,272,9773,1419547,1419819
1089,272,9903,1419466,1419738
1701,272,9935,1419483,1419755
1836,272,9970,1419497,1419769
9678,273,8067,1421449,1421722
3420,273,8086,1421480,1421753
8953,273,8213,1421403,1421676
3363,273,8326,1421340,1421613
8513,273,8459,1421257,1421530
8261,273,8626,1421140,1421413
3928,273,8712,1421104,1421377
2214,273,8878,1420988,1421261
1983,273,8887,1421029,1421302
5273,273,8892,1421074,1421347
2076,273,9049,1420967,1421240
5502,273,9208,1420858,1421131
1645,273,9432,1420684,1420957
4781,273,9534,1420632,1420905
1448,273,9578,1420638,1420911
1949,273,9658,1420608,1420881
3210,273,9759,1420557,1420830
5063,273,9880,1420486,1420759
8226,273,9932,1420484,1420757
8340,274,8064,1422402,1422676
4988,274,8089,1422428,1422702
4365,274,8275,1422293,1422567
7778,274,8442,1422177,1422451
5984,274,8502,1422168,1422442
2962,274,8532,1422189,1422463
4199,274,8631,1422141,1422415
2204,274,8670,1422153,1422427
4767,274,8777,1422097,1422371
9717,274,8878,1422047,1422321
3967,274,8896,1422080,1422354
2646,274,8943,1422084,1422358
2150,274,8966,1422112,1422386
6631,274,9014,1422115,1422389
5561,274,9078,1422102,1422376
9919,274,9112,1422119,1422393
2355,274,9156,1422126,1422400
5215,274,9298,1422035,1422309
7144,274,9312,1422072,1422346
3992,274,9354,1422081,1422355
7552,274,9396,1422090,1422364
7677,274,9434,1422103,1422377
4315,274,9471,1422117,1422391
1502,274,9527,1422112,1422386
5971,274,9576,1422114,1422388
9920,274,9592,1422149,1422423
9899,274,9613,1422179,1422453
1220,274,9724,1422119,1422393
2818,274,9749,1422145,1422419
1319,274,9763,1422182,1422456
5275,274,9790,1422206,1422480
7905,274,9861,1422186,1422460
4342,274,9894,1422204,1422478
2352,275,8122,1424027,1424302
2288,275,8258,1423943,1424218
4720,275,8349,1423904,1424179
9179,275,8424,1423881,1424156
2474,275,8474,1423883,1424158
3084,275,8498,1423911,1424186
9760,275,8608,1423853,1424128
5422,275,8631,1423882,1424157
8708,275,8635,1423930,1424205
6465,275,8684,1423933,1424208
3731,275,8694,1423975,1424250
9086,275,8802,1423919,1424194
7361,275,8845,1423928,1424203
5369,275,8854,1423971,1424246
2696,275,9103,1423774,1424049
5455,275,9121,1423808,1424083
4853,275,9132,1423849,1424124
8166,275,9398,1423635,1423910
4375,275,9436,1423649,1423924
1094,275,9445,1423692,1423967
4885,275,9459,1423730,1424005
6928,275,9656,1423585,1423860
6895,275,9699,1423594,1423869
7890,275,9705,1423640,1423915
6625,275,9725,1423672,1423947
3981,275,9795,1423654,1423929
5708,275,9822,1423679,1423954
2634,275,9850,1423703,1423978
2158,275,9883,1423722,1423997
3457,275,9922,1423735,1424010
6985,275,9946,1423763,1424038
9247,276,8002,1425759,1426035
6491,276,8036,1425778,1426054
9176,276,8237,1425630,1425906
2200,276,8382,1425538,1425814
6139,276,8404,1425569,1425845
8965,276,8495,1425531,1425807
4948,276,8530,1425549,1425825
1462,276,8661,1425471,1425747
4038,276,8715,1425470,1425746
3057,276,8773,1425465,1425741
8355,276,8807,1425484,1425760
9281,276,8808,1425536,1425812
7882,276,8831,1425566,1425842
2682,276,8885,1425565,1425841
6659,276,8989,1425514,1425790
5218,276,9075,1425481,1425757
8215,276,9253,1425356,1425632
5082,276,9281,1425381,1425657
8224,276,9538,1425177,1425453
8628,276,9658,1425110,1425386
4768,276,9750,1425071,1425347
1057,276,9789,1425085,1425361
5872,276,9789,1425138,1425414
9287,276,9799,1425181,1425457
2973,276,9801,1425232,1425508
6219,276,9814,1425272,1425548
9968,276,9992,1425147,1425423
5993,277,8138,1427054,1427331
9190,277,8193,1427053,1427330
4907,277,8416,1426884,1427161
4287,277,8425,1426929,1427206
9650,277,8497,1426911,1427188
1920,277,8576,1426886,1427163
3958,277,8594,1426922,1427199
6930,277,8601,1426969,1427246
8880,277,8643,1426981,1427258
5772,277,8670,1427008,1427285
2771,277,8833,1426899,1427176
9134,277,8936,1426850,1427127
3689,277,8977,1426863,1427140
3677,277,8984,1426910,1427187
4271,277,9008,1426940,1427217
6398,277,9061,1426941,1427218
9676,277,9085,1426971,1427248
8975,277,9104,1427006,1427283
5748,277,9221,1426943,1427220
3763,277,9233,1426985,1427262
1718,277,9253,1427019,1427296
9300,277,9276,1427050,1427327
9579,277,9411,1426969,1427246
2238,277,9655,1426779,1427056
5541,277,9663,1426825,1427102
7499,277,9735,1426807,1427084
3589,277,9769,1426827,1427104
2671,277,9849,1426801,1427078
2022,277,9854,1426850,1427127
6286,278,8105,1428653,1428931
6927,278,8219,1428594,1428872
6770,278,8235,1428633,1428911
4481,278,8335,1428588,1428866
4344,278,8422,1428556,1428834
3110,278,8551,1428482,1428760
4658,278,8565,1428523,1428801
8453,278,8582,1428561,1428839
6890,278,8607,1428591,1428869
1824,278,8642,1428611,1428889
7092,278,8844,1428464,1428742
5277,278,8861,1428502,1428780
9332,278,8996,1428422,1428700
4347,278,8997,1428476,1428754
9362,278,9013,1428515,1428793
6641,278,9061,1428522,1428800
6747,278,9149,1428489,1428767
6392,278,9225,1428468,1428746
9229,278,9228,1428520,1428798
8914,278,9310,1428493,1428771
4543,278,9389,1428469,1428747
3977,278,9539,1428374,1428652
5460,278,9651,1428317,1428595
5932,278,9653,1428370,1428648
9458,278,9732,1428346,1428624
7846,278,9743,1428390,1428668
7993,278,9796,1428392,1428670
4169,278,9876,1428367,1428645
4803,278,9882,1428416,1428694
2496,278,9891,1428462,1428740
4452,278,9907,1428501,1428779
1680,278,9978,1428485,1428763
2192,278,9988,1428530,1428808
1675,279,8144,1430429,1430708
6161,279,8186,1430443,1430722
2697,279,8206,1430479,1430758
3843,279,8212,1430529,1430808
7505,279,8355,1430442,1430721
4986,279,8376,1430477,1430756
1439,279,8397,1430512,1430791
7866,279,8421,1430544,1430823
2351,279,8444,1430577,1430856
6046,279,8473,1430604,1430883
6786,279,8520,1430613,1430892
4678,279,8567,1430622,1430901
1385,279,8671,1430574,1430853
6573,279,8776,1430525,1430804
8649,279,8778,1430579,1430858
2381,279,8929,1430484,1430763
4795,279,8940,1430529,1430808
9644,279,9051,1430474,1430753
2468,279,9082,1430499,1430778
4968,279,9100,1430537,1430816
2554,279,9131,1430562,1430841
4713,279,9141,1430608,1430887
8789,279,9170,1430635,1430914
9852,279,9197,1430664,1430943
4154,279,9309,1430608,1430887
9784,279,9326,1430647,1430926
7474,279,9398,1430631,1430910
3119,279,9629,1430456,1430735
4690,279,9660,1430481,1430760
6658,279,9669,1430528,1430807
1454,279,9698,1430555,1430834
6913,279,9722,1430587,1430866
4055,279,9755,1430610,1430889
9044,279,9836,1430585,1430864
1257,279,9850,1430627,1430906
5492,279,9864,1430669,1430948
3346,280,8048,1432541,1432821
1577,280,8174,1432472,1432752
4219,280,8178,1432525,1432805
4474,280,8298,1432462,1432742
9559,280,8372,1432445,1432725
6351,280,8418,1432456,1432736
8421,280,8419,1432512,1432792
6072,280,8454,1432534,1432814
1569,280,8455,1432590,1432870
3116,280,8456,1432646,1432926
3711,280,8482,1432677,1432957
7428,280,8486,1432730,1433010
1921,280,8496,1432777,1433057
7612,280,8507,1432823,1433103
4458,280,8836,1432551,1432831
7878,280,8944,1432500,1432780
9165,280,8974,1432527,1432807
2885,280,9043,1432515,1432795
1843,280,9109,1432506,1432786
8829,280,9207,1432465,1432745
7166,280,9239,1432490,1432770
1274,280,9307,1432479,1432759
5282,280,9338,1432505,1432785
6499,280,9355,1432545,1432825
3616,280,9382,1432575,1432855
7482,280,9438,1432576,1432856
8477,280,9449,1432622,1432902
4226,280,9551,1432577,1432857
7436,280,9571,1432614,1432894
2497,280,9696,1432546,1432826
8898,280,9766,1432533,1432813
8239,280,9784,1432572,1432852
7716,280,9941,1432472,1432752
9516,280,9941,1432529,1432809
2493,280,9982,1432545,1432825
6945,280,9997,1432587,1432867
7590,281,8105,1434536,1434817
9194,281,8154,1434545,1434826
5138,281,8162,1434595,1434876
8370,281,8204,1434611,1434892
3802,281,8288,1434585,1434866
6333,281,8295,1434636,1434917
3158,281,8395,1434594,1434875
6099,281,8436,1434611,1434892
4426,281,8517,1434588,1434869
7090,281,8557,1434606,1434887
8429,281,8624,1434597,1434878
1389,281,8695,1434584,1434865
5276,281,8747,1434590,1434871
4939,281,8807,1434588,1434869
7967,281,8830,1434623,1434904
2299,281,8834,1434677,1434958
8356,281,8901,1434668,1434949
5697,281,8992,1434635,1434916
8225,281,9013,1434672,1434953
1084,281,9046,1434697,1434978
1363,281,9047,1434754,1435035
2183,281,9209,1434650,1434931
7928,281,9237,1434680,1434961
9359,281,9240,1434735,1435016
3922,281,9300,1434733,1435014
6569,281,9319,1434772,1435053
1730,281,9467,1434682,1434963
5717,281,9497,1434710,1434991
4513,281,9502,1434763,1435044
7600,281,9657,1434666,1434947
6827,281,9741,1434640,1434921
3863,281,9816,1434623,1434904
1786,281,9848,1434649,1434930
2082,281,9875,1434680,1434961
6694,281,9954,1434659,1434940
3753,282,8200,1471039,1471321
8184,282,8200,1471040,1471322
5514,282,8211,1471030,1471312
7599,282,8230,1471012,1471294
9317,282,8269,1470974,1471256
7465,282,8292,1470952,1471234
5416,282,8319,1470926,1471208
5145,282,8359,1470887,1471169
7712,282,8380,1470867,1471149
6908,282,8504,1470744,1471026
5702,282,8743,1470506,1470788
7025,282,8982,1470268,1470550
1424,282,9025,1470226,1470508
8929,282,9027,1470225,1470507
1910,282,9290,1469963,1470245
3611,282,9487,1469767,1470049
5348,282,9530,1469725,1470007
8030,282,9535,1469721,1470003
8147,282,9553,1469704,1469986
3431,282,9587,1469671,1469953
9572,282,9616,1469643,1469925
9343,282,9624,1469636,1469918
4559,282,9658,1469603,1469885
2267,282,9710,1469552,1469834
5799,282,9852,1469411,1469693
5518,282,9856,1469408,1469690
8038,282,9865,1469400,1469682
1971,282,9980,1469286,1469568
1798,283,8032,1471235,1471518
5802,283,8080,1471189,1471472
4059,283,8133,1471138,1471421
4277,283,8135,1471138,1471421
8180,283,8169,1471106,1471389
8739,283,8206,1471071,1471354
6136,283,8257,1471022,1471305
2209,283,8265,1471016,1471299
4575,283,8284,1470999,1471282
6463,283,8342,1470943,1471226
4292,283,8438,1470849,1471132
7420,283,8451,1470838,1471121
5148,283,8616,1470675,1470958
7674,283,8671,1470622,1470905
5124,283,8738,1470557,1470840
5530,283,8880,1470417,1470700
2317,283,8885,1470414,1470697
2450,283,8901,1470400,1470683
2247,283,8905,1470398,1470681
1900,283,8941,1470364,1470647
7808,283,8944,1470363,1470646
5091,283,8977,1470332,1470615
8606,283,8981,1470330,1470613
6628,283,8999,1470314,1470597
9772,283,9111,1470204,1470487
2180,283,9127,1470190,1470473
9355,283,9150,1470169,1470452
2106,283,9173,1470148,1470431
1352,283,9187,1470136,1470419
5048,283,9218,1470107,1470390
4306,283,9228,1470099,1470382
3682,283,9273,1470056,1470339
4396,283,9296,1470035,1470318
5591,283,9330,1470003,1470286
8087,283,9338,1469997,1470280
5881,283,9350,1469987,1470270
1989,283,9393,1469946,1470229
4610,283,9424,1469917,1470200
6700,283,9492,1469851,1470134
7156,283,9578,1469767,1470050
8255,283,9664,1469683,1469966
2502,283,9896,1469453,1469736
2341,283,9914,1469437,1469720
2534,284,8043,1471310,1471594
2021,284,8084,1471272,1471556
3487,284,8201,1471158,1471442
2225,284,8280,1471082,1471366
2661,284,8305,1471060,1471344
6344,284,8328,1471040,1471324
6318,284,8345,1471026,1471310
5266,284,8525,1470849,1471133
8639,284,8583,1470794,1471078
3608,284,8622,1470758,1471042
2964,284,8771,1470612,1470896
7790,284,8781,1470605,1470889
9556,284,8920,1470469,1470753
7970,284,8923,1470469,1470753
7766,284,8942,1470453,1470737
3962,284,9043,1470355,1470639
7091,284,9211,1470190,1470474
8328,284,9215,1470189,1470473
9695,284,9237,1470170,1470454
6593,284,9257,1470153,1470437
2764,284,9387,1470026,1470310
4018,284,9531,1469885,1470169
4838,284,9690,1469729,1470013
4599,284,9708,1469714,1469998
1136,284,9734,1469691,1469975
5448,284,9741,1469687,1469971
2798,284,9808,1469623,1469907
2888,284,9814,1469620,1469904
6657,284,9946,1469491,1469775
7077,284,9958,1469482,1469766
9321,285,8042,1471401,1471686
2228,285,8048,1471399,1471684
2917,285,8078,1471373,1471658
7280,285,8172,1471283,1471568
4468,285,8228,1471231,1471516
7291,285,8329,1471134,1471419
1621,285,8357,1471110,1471395
2255,285,8373,1471098,1471383
2549,285,8404,1471071,1471356
5589,285,8595,1470884,1471169
8901,285,8641,1470842,1471127
2173,285,8667,1470820,1471105
2879,285,8708,1470783,1471068
7458,285,8739,1470756,1471041
1341,285,8796,1470703,1470988
3792,285,8859,1470644,1470929
4636,285,8896,1470611,1470896
4203,285,8914,1470597,1470882
4782,285,8952,1470563,1470848
8471,285,8988,1470531,1470816
3037,285,9019,1470504,1470789
8718,285,9028,1470499,1470784
4929,285,9038,1470493,1470778
3586,285,9055,1470480,1470765
8989,285,9127,1470412,1470697
1191,285,9155,1470388,1470673
7785,285,9392,1470155,1470440
8044,285,9488,1470063,1470348
3819,285,9685,1469870,1470155
3188,285,9716,1469843,1470128
3955,285,9749,1469814,1470099
5737,285,9787,1469780,1470065
2552,285,9889,1469682,1469967
2353,285,9917,1469658,1469943
2342,285,9919,1469660,1469945
5603,286,8010,1471573,1471859
5926,286,8069,1471519,1471805
9278,286,8069,1471524,1471810
8960,286,8167,1471431,1471717
6198,286,8202,1471401,1471687
9651,286,8220,1471388,1471674
9731,286,8261,1471352,1471638
4946,286,8390,1471228,1471514
1690,286,8406,1471217,1471503
8731,286,8503,1471125,1471411
3436,286,8552,1471081,1471367
9623,286,8600,1471038,1471324
1537,286,8621,1471022,1471308
1362,286,8666,1470982,1471268
7243,286,8720,1470933,1471219
3718,286,8812,1470846,1471132
2779,286,8857,1470806,1471092
4555,286,8896,1470772,1471058
1327,286,8899,1470774,1471060
8121,286,9136,1470542,1470828
1886,286,9362,1470321,1470607
8719,286,9483,1470205,1470491
3824,286,9571,1470122,1470408
1963,286,9579,1470119,1470405
3410,286,9724,1469979,1470265
2938,286,9899,1469809,1470095
9842,286,9908,1469805,1470091
6359,287,8001,1471717,1472004
1158,287,8156,1471568,1471855
8821,287,8174,1471556,1471843
7844,287,8446,1471290,1471577
2059,287,8524,1471218,1471505
8883,287,8592,1471156,1471443
1318,287,8636,1471118,1471405
3910,287,8637,1471123,1471410
1998,287,8654,1471112,1471399
1392,287,8896,1470876,1471163
3676,287,8951,1470827,1471114
7402,287,9123,1470661,1470948
9767,287,9282,1470508,1470795
6108,287,9457,1470339,1470626
6321,287,9536,1470266,1470553
8009,287,9543,1470265,1470552
3123,287,9605,1470209,1470496
7393,287,9727,1470093,1470380
5227,287,9753,1470073,1470360
6313,287,9773,1470059,1470346
8095,287,9783,1470055,1470342
4376,287,9951,1469893,1470180
6750,288,8005,1471845,1472133
5186,288,8036,1471821,1472109
6933,288,8040,1471824,1472112
5621,288,8229,1471642,1471930
5865,288,8233,1471645,1471933
2034,288,8343,1471542,1471830
4723,288,8423,1471469,1471757
2874,288,8461,1471438,1471726
8138,288,8513,1471393,1471681
3925,288,8526,1471387,1471675
3769,288,8618,1471302,1471590
2016,288,8635,1471292,1471580
8152,288,8745,1471189,1471477
8002,288,8851,1471090,1471378
5003,288,8869,1471079,1471367
3526,288,8878,1471077,1471365
1192,288,8881,1471081,1471369
3138,288,8931,1471038,1471326
3016,288,8973,1471003,1471291
7508,288,8979,1471004,1471292
4210,288,9043,1470947,1471235
8322,288,9049,1470948,1471236
6274,288,9132,1470872,1471160
1401,288,9228,1470783,1471071
2461,288,9525,1470493,1470781
7539,288,9547,1470478,1470766
2101,288,9617,1470415,1470703
8530,288,9657,1470382,1470670
5404,288,9693,1470353,1470641
2509,288,9736,1470317,1470605
3121,288,9784,1470276,1470564
5433,288,9894,1470173,1470461
8518,288,9894,1470180,1470468
7710,289,8122,1471959,1472248
9878,289,8221,1471868,1472157
4484,289,8251,1471846,1472135
4871,289,8306,1471799,1472088
1695,289,8339,1471774,1472063
4549,289,8468,1471653,1471942
9619,289,8501,1471628,1471917
4083,289,8727,1471410,1471699
1619,289,8769,1471376,1471665
5090,289,8846,1471307,1471596
7045,289,8978,1471183,1471472
4918,289,9065,1471104,1471393
9123,289,9108,1471069,1471358
6289,289,9153,1471032,1471321
1184,289,9185,1471008,1471297
6877,289,9220,1470981,1471270
7024,289,9253,1470956,1471245
8581,289,9300,1470917,1471206
2094,289,9586,1470639,1470928
4561,289,9587,1470646,1470935
6023,289,9630,1470611,1470900
8268,289,9645,1470604,1470893
6752,289,9653,1470604,1470893
8528,289,9712,1470553,1470842
4869,289,9729,1470544,1470833
9422,289,9804,1470477,1470766
4683,289,9808,1470481,1470770
8858,289,9820,1470477,1470766
1129,289,9837,1470468,1470757
3531,289,9859,1470454,1470743
4774,289,9879,1470442,1470731
5414,289,9920,1470409,1470698
1006,290,8038,1472299,1472589
1002,290,8039,1472307,1472597
4105,290,8052,1472303,1472593
1139,290,8122,1472242,1472532
5496,290,8123,1472250,1472540
3069,290,8125,1472257,1472547
9863,290,8138,1472253,1472543
8555,290,8157,1472243,1472533
7800,290,8210,1472199,1472489
6446,290,8250,1472168,1472458
5766,290,8264,1472163,1472453
4136,290,8295,1472141,1472431
4112,290,8581,1471864,1472154
9449,290,8608,1471846,1472136
3400,290,8661,1471802,1472092
1418,290,8703,1471769,1472059
1652,290,8821,1471660,1471950
2881,290,9005,1471485,1471775
1564,290,9009,1471490,1471780
9912,290,9025,1471483,1471773
7404,290,9076,1471441,1471731
4534,290,9182,1471344,1471634
2884,290,9230,1471305,1471595
3303,290,9303,1471241,1471531
7229,290,9322,1471231,1471521
7901,290,9522,1471040,1471330
8507,290,9641,1470930,1471220
7356,290,9702,1470878,1471168
4495,290,9767,1470822,1471112
4568,290,9770,1470828,1471118
8603,290,9883,1470724,1471014
5509,291,8050,1472566,1472857
4479,291,8150,1472476,1472767
3216,291,8200,1472436,1472727
6430,291,8344,1472302,1472593
9603,291,8357,1472299,1472590
1667,291,8368,1472298,1472589
4259,291,8393,1472283,1472574
5871,291,8470,1472216,1472507
4326,291,8530,1472166,1472457
5983,291,8550,1472156,1472447
4955,291,8748,1471968,1472259
3344,291,8750,1471976,1472267
3178,291,8789,1471947,1472238
5771,291,8812,1471934,1472225
9325,291,8813,1471943,1472234
6189,291,8865,1471901,1472192
4552,291,8909,1471867,1472158
5739,291,9117,1471669,1471960
1685,291,9144,1471652,1471943
5877,291,9157,1471649,1471940
4152,291,9179,1471637,1471928
9274,291,9312,1471514,1471805
3997,291,9401,1471435,1471726
5901,291,9418,1471428,1471719
5023,291,9567,1471289,1471580
6828,291,9568,1471298,1471589
3965,292,8029,1472847,1473139
3483,292,8083,1472804,1473096
3179,292,8103,1472795,1473087
8990,292,8182,1472727,1473019
7727,292,8243,1472677,1472969
7528,292,8313,1472618,1472910
5153,292,8481,1472461,1472753
1550,292,8522,1472431,1472723
3545,292,8567,1472397,1472689
4379,292,8617,1472358,1472650
7061,292,8636,1472350,1472642
5841,292,8652,1472345,1472637
8082,292,8820,1472188,1472480
1007,292,8824,1472195,1472487
7842,292,8902,1472128,1472420
3825,292,8977,1472064,1472356
9546,292,9137,1471915,1472207
4011,292,9139,1471924,1472216
1829,292,9140,1471934,1472226
2360,292,9154,1471931,1472223
8570,292,9187,1471909,1472201
2454,292,9265,1471842,1472134
8124,292,9280,1471838,1472130
8098,292,9310,1471819,1472111
4346,292,9392,1471748,1472040
2449,292,9399,1471752,1472044
4215,292,9496,1471666,1471958
4345,292,9527,1471646,1471938
4551,292,9535,1471649,1471941
9996,292,9561,1471634,1471926
8889,292,9608,1471598,1471890
5039,292,9728,1471489,1471781
5989,292,9755,1471473,1471765
5001,292,9822,1471417,1471709
7145,292,9824,1471426,1471718
7486,293,8026,1473235,1473528
1666,293,8036,1473237,1473530
1779,293,8061,1473224,1473517
3146,293,8219,1473078,1473371
1164,293,8258,1473051,1473344
7264,293,8258,1473063,1473356
9242,293,8262,1473071,1473364
7205,293,8313,1473032,1473325
4041,293,8405,1472952,1473245
7519,293,8408,1472961,1473254
3506,293,8420,1472961,1473254
6038,293,8539,1472854,1473147
6354,293,8583,1472822,1473115
5828,293,8658,1472759,1473052
1355,293,8738,1472691,1472984
3680,293,8777,1472664,1472957
9668,293,8838,1472615,1472908
6621,293,8847,1472618,1472911
4360,293,8951,1472526,1472819
8249,293,8990,1472499,1472792
1134,293,9008,1472493,1472786
2294,293,9138,1472375,1472668
4816,293,9221,1472304,1472597
6397,293,9245,1472292,1472585
8888,293,9295,1472254,1472547
6790,293,9478,1472083,1472376
2614,293,9535,1472038,1472331
3697,293,9535,1472050,1472343
3785,293,9600,1471997,1472290
7084,293,9663,1471946,1472239
1967,293,9849,1471772,1472065
1499,293,9872,1471761,1472054
3048,293,9930,1471715,1472008
9567,293,9989,1471668,1471961
5073,294,8128,1473541,1473835
6595,294,8253,1473429,1473723
7050,294,8308,1473387,1473681
6502,294,8323,1473385,1473679
6498,294,8389,1473332,1473626
7294,294,8434,1473300,1473594
9440,294,8490,1473257,1473551
5006,294,8519,1473241,1473535
4131,294,8580,1473193,1473487
8558,294,8584,1473202,1473496
7348,294,8667,1473132,1473426
6647,294,8733,1473079,1473373
1880,294,8736,1473089,1473383
7453,294,8736,1473102,1473396
6965,294,8819,1473032,1473326
6555,294,8830,1473034,1473328
8262,294,8831,1473046,1473340
7162,294,8949,1472941,1473235
3379,294,9224,1472679,1472973
6617,294,9255,1472661,1472955
3983,294,9297,1472632,1472926
3630,294,9323,1472619,1472913
8065,294,9408,1472547,1472841
7131,294,9419,1472549,1472843
5345,294,9505,1472476,1472770
1584,294,9519,1472475,1472769
2338,294,9584,1472423,1472717
4580,294,9640,1472380,1472674
6148,294,9860,1472173,1472467
2758,295,8090,1473956,1474251
8625,295,8119,1473941,1474236
9058,295,8163,1473911,1474206
8170,295,8176,1473912,1474207
6285,295,8253,1473849,1474144
8728,295,8488,1473628,1473923
2136,295,8585,1473545,1473840
6856,295,8621,1473523,1473818
2388,295,8672,1473486,1473781
3875,295,8740,1473432,1473727
8432,295,8785,1473401,1473696
6721,295,8832,1473368,1473663
3150,295,8947,1473267,1473562
4453,295,8974,1473254,1473549
7506,295,8974,1473268,1473563
7117,295,9049,1473207,1473502
3578,295,9051,1473219,1473514
2620,295,9052,1473232,1473527
2220,295,9129,1473169,1473464
5290,295,9131,1473181,1473476
7713,295,9149,1473177,1473472
4334,295,9236,1473104,1473399
4693,295,9244,1473110,1473405
9573,295,9251,1473117,1473412
3934,295,9411,1472971,1473266
1568,295,9434,1472962,1473257
7788,295,9442,1472968,1473263
5129,295,9498,1472926,1473221
8402,295,9518,1472920,1473215
6509,295,9599,1472853,1473148
3888,295,9639,1472827,1473122
9498,295,9661,1472819,1473114
4759,295,9679,1472815,1473110
6968,295,9769,1472739,1473034
6870,295,9771,1472751,1473046
7940,295,9854,1472682,1472977
1149,295,9877,1472673,1472968
6374,296,8032,1476688,1476984
1750,296,8069,1476652,1476948
7383,296,8157,1476565,1476861
2036,296,8196,1476527,1476823
1025,296,8369,1476355,1476651
9115,296,8383,1476342,1476638
1823,296,8434,1476292,1476588
8482,296,8455,1476272,1476568
6394,296,8465,1476263,1476559
7999,296,8520,1476209,1476505
4253,296,8650,1476080,1476376
7981,296,8665,1476066,1476362
6421,296,8839,1475893,1476189
2900,296,8854,1475879,1476175
8383,296,8917,1475817,1476113
8624,296,8959,1475776,1476072
4233,296,9032,1475704,1476000
5497,296,9093,1475644,1475940
2721,296,9118,1475620,1475916
8442,296,9157,1475582,1475878
5781,296,9301,1475439,1475735
7659,296,9351,1475390,1475686
7109,296,9422,1475320,1475616
2732,296,9519,1475224,1475520
8804,296,9746,1474998,1475294
1799,296,9764,1474981,1475277
8013,296,9795,1474951,1475247
5405,296,9820,1474927,1475223
3497,296,9827,1474921,1475217
7171,296,9922,1474827,1475123
9468,296,9936,1474814,1475110
1670,297,8028,1476723,1477020
8331,297,8190,1476563,1476860
2456,297,8216,1476539,1476836
5594,297,8311,1476446,1476743
4241,297,8377,1476382,1476679
2546,297,8393,1476368,1476665
6442,297,8459,1476304,1476601
5759,297,8512,1476253,1476550
6092,297,8522,1476245,1476542
2702,297,8558,1476211,1476508
1984,297,8708,1476063,1476360
4867,297,8715,1476058,1476355
5817,297,8721,1476054,1476351
7965,297,8766,1476011,1476308
7406,297,8802,1475977,1476274
9768,297,8854,1475927,1476224
8551,297,8896,1475887,1476184
9747,297,8904,1475881,1476178
1151,297,8944,1475843,1476140
2215,297,9249,1475540,1475837
7588,297,9421,1475370,1475667
3927,297,9480,1475313,1475610
6090,297,9531,1475264,1475561
4587,297,9590,1475207,1475504
5076,297,9623,1475176,1475473
4415,297,9709,1475092,1475389
8515,297,9801,1475002,1475299
9843,297,9826,1474979,1475276
7818,297,9972,1474835,1475132
6547,298,8137,1476672,1476970
7900,298,8147,1476665,1476963
7064,298,8203,1476612,1476910
7953,298,8340,1476478,1476776
7794,298,8369,1476452,1476750
5367,298,8494,1476330,1476628
8447,298,8628,1476199,1476497
5558,298,8664,1476166,1476464
2252,298,8669,1476164,1476462
6186,298,8714,1476122,1476420
1411,298,8728,1476111,1476409
5018,298,8847,1475995,1476293
6342,298,8932,1475913,1476211
6584,298,8993,1475855,1476153
3165,298,9053,1475798,1476096
6771,298,9071,1475783,1476081
9421,298,9072,1475785,1476083
6426,298,9082,1475778,1476076
2782,298,9101,1475762,1476060
5292,298,9186,1475680,1475978
9201,298,9277,1475592,1475890
5077,298,9302,1475570,1475868
1127,298,9360,1475515,1475813
1176,298,9421,1475457,1475755
5284,298,9442,1475439,1475737
9314,298,9516,1475368,1475666
7329,298,9628,1475259,1475557
2912,298,9766,1475124,1475422
8252,298,9768,1475125,1475423
9035,298,9898,1474998,1475296
2405,298,9908,1474991,1475289
5053,299,8028,1476874,1477173
8532,299,8041,1476865,1477164
8596,299,8057,1476853,1477152
3159,299,8214,1476700,1476999
2212,299,8251,1476667,1476966
2482,299,8412,1476510,1476809
7773,299,8489,1476437,1476736
6290,299,8502,1476428,1476727
1833,299,8607,1476327,1476626
1498,299,8712,1476226,1476525
3133,299,8717,1476225,1476524
2201,299,8741,1476205,1476504
7020,299,8761,1476189,1476488
1640,299,8774,1476180,1476479
8233,299,8860,1476098,1476397
3789,299,8985,1475977,1476276
2856,299,8988,1475978,1476277
8774,299,9096,1475874,1476173
7720,299,9128,1475846,1476145
5297,299,9165,1475813,1476112
6695,299,9234,1475748,1476047
6559,299,9328,1475658,1475957
6096,299,9395,1475595,1475894
4421,299,9612,1475382,1475681
9879,299,9650,1475348,1475647
1461,299,9700,1475302,1475601
4317,299,9733,1475273,1475572
7587,299,9858,1475152,1475451
7943,299,9882,1475132,1475431
2908,299,9969,1475049,1475348
5211,300,8084,1477070,1477370
5155,300,8099,1477056,1477356
1783,300,8143,1477013,1477313
5457,300,8170,1476987,1477287
6425,300,8350,1476808,1477108
5294,300,8365,1476794,1477094
3117,300,8411,1476749,1477049
1214,300,8501,1476660,1476960
6542,300,8518,1476644,1476944
3004,300,8608,1476555,1476855
9972,300,8625,1476539,1476839
5943,300,8643,1476522,1476822
5829,300,8735,1476431,1476731
5734,300,8739,1476428,1476728
4709,300,8771,1476397,1476697
7196,300,8854,1476315,1476615
9136,300,8899,1476271,1476571
2174,300,9004,1476167,1476467
8730,300,9095,1476077,1476377
3883,300,9208,1475965,1476265
4672,300,9264,1475910,1476210
7032,300,9278,1475897,1476197
8231,300,9319,1475857,1476157
1518,300,9335,1475842,1476142
1970,300,9528,1475650,1475950
3296,300,9590,1475589,1475889
9525,300,9650,1475530,1475830
8287,300,9651,1475530,1475830
6582,300,9668,1475514,1475814
7489,300,9699,1475484,1475784
1827,300,9711,1475473,1475773
2566,300,9861,1475324,1475624
2271,300,9965,1475221,1475521
1770,300,9976,1475211,1475511

Average Waiting Time = 580507

Average Turn Around Time = 580656
