Process,Burst Time,Arrival Time,Waiting Time,Turn Around Time
30,46,1,165734,165780
38,15,1,15,30
1,18,2,41022,41040
24,16,3,21259,21275
22,15,4,11301,11316
93,44,4,284552,284596
11,4,7,170,174
88,41,7,257665,257706
32,29,9,146928,146957
41,1,11,28,29
21,40,12,248629,248669
72,45,12,293447,293492
20,46,13,302274,302320
17,20,14,60578,60598
3,26,16,118475,118501
65,29,16,146926,146955
57,26,17,118477,118503
100,29,17,146927,146956
23,36,18,212105,212141
25,47,18,311068,311115
14,1,19,31,32
67,3,19,70,73
2,27,20,127987,128014
16,38,20,230441,230479
47,29,21,146928,146957
51,26,21,118481,118507
26,44,22,284539,284583
34,16,23,21259,21275
58,37,23,221290,221327
66,18,24,41021,41039
86,20,24,60582,60602
96,26,24,118482,118508
12,19,25,50817,50836
55,28,25,137477,137505
10,16,27,21263,21279
29,2,27,38,40
80,30,27,156342,156372
84,29,27,146927,146956
63,40,29,248618,248658
18,28,31,137476,137504
81,11,31,5582,5593
37,9,32,4617,4626
90,36,33,221284,221320
7,8,34,3648,3656
27,27,34,137477,137504
44,31,35,175074,175105
28,1,36,79,80
15,43,38,284526,284569
36,35,40,212093,212128
35,45,42,302249,302294
8,30,43,165726,165756
40,48,44,328562,328610
59,40,45,257637,257677
85,44,45,293421,293465
4,16,49,31156,31172
71,35,49,212090,212125
95,20,49,70308,70328
912,148,50,1033877,1034025
79,39,51,248605,248644
5,9,52,4614,4623
110,183,52,1204974,1205157
857,10,53,5579,5589
50,21,54,80008,80029
64,39,54,248605,248644
68,23,55,99305,99328
54,47,56,319809,319856
442,48,56,328554,328602
477,145,56,1017334,1017479
542,264,56,1444101,1444365
70,16,58,31161,31177
94,24,58,108906,108930
375,88,58,649628,649716
899,191,58,1238360,1238551
985,170,58,1146156,1146326
33,19,59,60582,60601
60,22,59,89682,89704
612,65,60,471648,471713
809,132,60,942326,942458
811,241,60,1398632,1398873
489,49,62,337269,337318
46,5,63,853,858
623,130,63,930312,930442
83,15,64,21268,21283
97,49,64,337270,337319
207,287,64,1472849,1473136
39,23,65,99312,99335
61,48,65,328559,328607
456,271,65,1454589,1454860
53,41,66,266626,266667
69,36,66,221279,221315
9,3,67,191,194
49,16,67,31172,31188
87,29,67,156338,156367
183,37,67,230425,230462
539,107,67,783592,783699
74,7,68,2687,2694
76,35,69,212096,212131
78,7,69,2689,2696
196,213,69,1319330,1319543
45,36,70,221280,221316
577,110,70,803661,803771
717,87,70,642265,642352
729,75,70,551202,551277
217,13,71,8451,8464
121,143,72,1006152,1006295
75,2,73,202,204
126,290,73,1476270,1476560
77,36,74,230428,230464
91,19,74,70325,70344
298,46,74,319816,319862
649,2,74,207,209
89,36,75,230430,230466
92,26,77,137482,137508
173,193,77,1250316,1250509
602,198,77,1269660,1269858
823,14,77,21284,21298
316,293,78,1478474,1478767
989,230,78,1373402,1373632
959,151,80,1055473,1055624
99,48,81,337270,337318
42,30,82,175078,175108
52,17,82,50832,50849
276,205,82,1295302,1295507
82,15,83,31184,31199
424,148,85,1039313,1039461
860,235,85,1386402,1386637
760,12,86,8459,8471
19,1,87,212,213
712,277,87,1463422,1463699
62,5,88,1719,1724
454,205,88,1295300,1295505
798,269,88,1453178,1453447
849,116,88,849345,849461
13,25,89,127993,128018
56,50,90,354546,354596
73,27,90,146930,146957
98,37,90,239530,239567
274,160,90,1102106,1102266
321,30,91,175081,175111
426,36,91,230432,230468
48,10,93,6567,6577
43,24,95,118489,118513
390,223,97,1353705,1353928
794,65,98,479763,479828
937,55,98,397095,397150
6,25,99,127994,128019
31,47,99,328554,328601
714,211,100,1315977,1316188
480,229,103,1370663,1370892
787,164,103,1122000,1122164
841,62,103,455320,455382
815,222,104,1350752,1350974
292,187,105,1226047,1226234
215,151,106,1055461,1055612
502,111,106,816854,816965
933,80,106,597317,597397
866,71,107,527683,527754
398,228,108,1367917,1368145
894,202,108,1284471,1284673
435,8,109,4651,4659
675,299,109,1481829,1482128
872,8,109,4654,4662
916,94,109,700298,700392
300,69,111,511846,511915
523,38,111,248610,248648
148,251,112,1422448,1422699
194,249,112,1418395,1418644
840,34,114,212103,212137
907,230,114,1373374,1373604
537,103,116,763166,763269
682,91,116,678755,678846
562,146,117,1028355,1028501
767,291,122,1476996,1477287
941,191,123,1242345,1242536
184,265,124,1447204,1447469
460,116,124,849329,849445
758,163,125,1117070,1117233
844,38,126,248608,248646
169,2,130,220,222
306,224,130,1356597,1356821
297,152,131,1060777,1060929
339,190,132,1238317,1238507
200,295,133,1479707,1480002
237,228,133,1367901,1368129
408,8,133,4653,4661
546,183,133,1209215,1209398
713,161,133,1107116,1107277
494,220,134,1344749,1344969
629,132,135,948268,948400
965,66,135,487842,487908
163,288,136,1474556,1474844
742,29,137,165737,165766
622,236,138,1388874,1389110
385,11,139,7518,7529
422,75,139,558956,559031
453,217,139,1335467,1335684
525,33,139,202882,202915
113,196,140,1261972,1262168
308,164,140,1121986,1122150
687,56,140,405518,405574
359,74,141,551188,551262
396,68,141,503872,503940
598,222,142,1350728,1350950
947,135,142,966003,966138
253,251,143,1422423,1422674
218,206,147,1298793,1298999
935,292,147,1477710,1478002
382,151,149,1055447,1055598
862,255,149,1430159,1430414
889,181,149,1200602,1200783
547,46,150,319814,319860
688,58,151,422276,422334
335,121,152,881060,881181
595,150,154,1050091,1050241
942,78,155,582072,582150
376,201,157,1280780,1280981
388,186,157,1221856,1222042
822,4,157,893,897
311,253,158,1426340,1426593
632,125,161,905909,906034
634,135,164,965993,966128
268,156,165,1081666,1081822
344,218,168,1338588,1338806
651,183,168,1209196,1209379
786,137,170,977646,977783
162,209,174,1309167,1309376
213,152,174,1060760,1060912
331,266,176,1450175,1450441
521,233,177,1383787,1384020
535,46,177,328549,328595
796,46,177,328551,328597
226,21,179,99326,99347
209,180,183,1200579,1200759
779,180,184,1200580,1200760
659,1,187,435,436
271,142,188,1011711,1011853
304,227,188,1367857,1368084
807,9,189,6564,6573
190,74,190,558939,559013
693,217,190,1338572,1338789
138,2,193,435,437
952,136,193,977635,977771
204,51,194,371641,371692
439,179,195,1196196,1196375
871,175,195,1178411,1178586
997,246,195,1414145,1414391
589,294,196,1479647,1479941
731,101,196,756278,756379
897,16,196,50833,50849
608,19,198,80025,80044
203,284,200,1471776,1472060
265,284,201,1471777,1472061
252,254,203,1430112,1430366
238,107,206,796965,797072
510,110,206,816819,816929
514,253,206,1428231,1428484
413,211,207,1319235,1319446
175,165,208,1131697,1131862
833,124,209,905889,906013
663,104,211,776767,776871
212,227,215,1367838,1368065
957,74,217,558932,559006
923,298,218,1481723,1482021
908,150,221,1055406,1055556
122,18,222,70317,70335
836,73,223,551159,551232
950,95,223,714455,714550
999,77,223,582045,582122
119,96,224,721503,721599
112,68,225,511816,511884
996,162,225,1117014,1117176
552,133,227,960085,960218
604,66,227,495842,495908
391,241,229,1403129,1403370
630,80,230,604847,604927
563,70,231,527651,527721
782,285,231,1472695,1472980
618,216,232,1335397,1335613
755,218,233,1341630,1341848
639,258,234,1437271,1437529
455,53,235,388614,388667
880,12,235,11320,11332
812,12,236,11321,11333
417,133,239,960080,960213
635,160,239,1107055,1107215
281,110,240,816803,816913
587,166,243,1136493,1136659
703,34,245,221260,221294
976,217,247,1338529,1338746
199,95,248,714445,714540
594,34,249,221260,221294
887,261,249,1442330,1442591
332,23,250,118472,118495
854,5,250,2699,2704
305,160,251,1107048,1107208
367,132,254,954155,954287
718,146,254,1033774,1033920
370,21,255,99308,99329
487,283,256,1470770,1471053
177,114,257,842830,842944
732,161,257,1112038,1112199
189,279,260,1466647,1466926
327,199,263,1276995,1277194
351,134,263,965940,966074
101,277,265,1464423,1464700
421,80,265,604835,604915
603,63,265,471600,471663
445,255,266,1431894,1432149
793,106,266,790253,790359
667,282,267,1469768,1470050
601,149,270,1050023,1050172
972,187,271,1230069,1230256
233,211,272,1319186,1319397
386,173,272,1169277,1169450
926,1,274,429,430
801,229,275,1373243,1373472
949,64,275,479723,479787
642,159,277,1102002,1102161
817,133,277,960064,960197
172,281,278,1468730,1469011
259,286,278,1473553,1473839
720,209,278,1312479,1312688
914,194,278,1258012,1258206
962,249,278,1420291,1420540
674,130,280,942235,942365
504,239,283,1398450,1398689
558,234,287,1386238,1386472
333,292,288,1478271,1478563
541,60,288,447065,447125
751,196,288,1265720,1265916
349,72,289,543342,543414
149,138,290,989061,989199
301,164,290,1126780,1126944
420,201,291,1284346,1284547
330,272,292,1458334,1458606
404,25,293,137462,137487
694,288,294,1475243,1475531
394,168,296,1146018,1146186
468,26,297,146905,146931
461,179,298,1196132,1196311
134,100,299,749350,749450
757,14,299,31171,31185
885,197,299,1269514,1269711
155,64,301,479721,479785
568,79,301,597258,597337
902,45,301,319781,319826
536,262,303,1443885,1444147
222,233,306,1383685,1383918
269,63,307,471595,471658
416,57,309,422234,422291
783,19,309,80010,80029
641,251,311,1424273,1424524
726,129,311,936235,936364
904,102,311,763095,763197
451,111,314,823333,823444
830,28,314,165707,165735
832,85,314,642185,642270
129,103,317,769915,770018
221,56,317,413870,413926
681,236,317,1391186,1391422
934,280,317,1467660,1467940
585,97,319,728476,728573
146,169,320,1150716,1150885
781,65,324,487790,487855
762,73,325,551130,551203
771,257,326,1435436,1435693
211,247,329,1416138,1416385
342,228,330,1370486,1370714
958,149,330,1049995,1050144
392,104,331,776715,776819
533,45,331,319775,319820
132,20,332,89673,89693
167,217,332,1338469,1338686
548,266,332,1450036,1450302
790,133,334,960038,960171
749,10,336,7499,7509
336,119,340,874680,874799
144,236,341,1391168,1391404
927,92,341,693075,693167
154,97,343,728465,728562
943,88,344,664162,664250
262,148,346,1044599,1044747
518,286,346,1473489,1473775
886,45,346,319772,319817
284,63,347,471584,471647
986,276,347,1463185,1463461
206,298,348,1481595,1481893
513,186,348,1225890,1226076
701,70,348,527620,527690
915,232,349,1381078,1381310
186,65,350,487787,487852
223,165,350,1131609,1131774
881,254,350,1429988,1430242
554,67,351,503813,503880
153,127,352,924136,924263
384,108,352,803552,803660
628,67,353,503815,503882
633,180,353,1200470,1200650
135,135,354,971725,971860
495,207,354,1305609,1305816
968,81,354,612370,612451
325,4,356,1720,1724
362,93,357,700214,700307
273,183,358,1213322,1213505
340,217,358,1338452,1338669
315,4,359,1722,1726
677,127,359,924136,924263
870,170,361,1155378,1155548
150,184,362,1217535,1217719
607,127,362,924137,924264
777,284,362,1471625,1471909
964,8,365,5601,5609
877,26,366,146904,146930
982,119,366,874676,874795
403,251,367,1424227,1424478
418,189,367,1238162,1238351
637,155,368,1081554,1081709
647,73,369,551127,551200
267,245,370,1411880,1412125
310,2,370,438,440
145,3,372,879,882
512,235,372,1388686,1388921
258,224,373,1359292,1359516
474,69,375,519710,519779
572,19,375,80013,80032
705,98,375,735458,735556
708,172,375,1164641,1164813
176,160,376,1106984,1107144
567,79,376,597242,597321
380,59,377,438816,438875
545,141,377,1006008,1006149
826,10,377,7510,7520
171,233,379,1383629,1383862
527,18,379,70318,70336
586,275,381,1461966,1462241
918,228,381,1370450,1370678
365,145,382,1028225,1028370
475,271,382,1456975,1457246
648,49,382,354504,354553
888,229,382,1373167,1373396
242,202,383,1287924,1288126
429,294,383,1479464,1479758
313,78,384,589642,589720
991,252,384,1426149,1426401
329,116,386,855625,855741
890,207,388,1305590,1305797
896,25,389,137466,137491
205,36,390,239497,239533
198,300,392,1482428,1482728
272,66,394,495811,495877
151,251,395,1424206,1424457
449,65,395,487791,487856
188,237,397,1393572,1393809
379,215,397,1332110,1332325
395,94,400,707315,707409
501,39,400,266587,266626
837,78,406,597232,597310
940,237,406,1395978,1396215
553,145,407,1033703,1033848
168,26,408,156315,156341
802,277,408,1465416,1465693
105,7,409,5607,5614
473,144,409,1028214,1028358
620,32,409,212069,212101
109,146,410,1039153,1039299
348,30,411,193615,193645
656,94,412,714397,714491
883,158,414,1101932,1102090
939,205,415,1302119,1302324
136,29,416,184342,184371
734,126,416,924117,924243
165,38,418,266582,266620
746,123,418,905799,905922
973,115,419,855609,855724
322,295,420,1480556,1480851
763,240,420,1402976,1403216
230,4,424,2705,2709
111,271,425,1458215,1458486
448,285,425,1473417,1473702
852,34,425,230391,230425
346,81,427,619861,619942
319,1,429,885,886
735,93,429,707304,707397
814,46,429,337214,337260
706,145,430,1033690,1033835
827,148,430,1049944,1050092
556,60,431,455261,455321
616,90,431,685865,685955
728,222,435,1356369,1356591
769,300,435,1482755,1483055
557,236,436,1393543,1393779
987,185,437,1225837,1226022
141,161,438,1116894,1117055
497,153,438,1076348,1076501
788,3,439,1730,1733
875,196,440,1269422,1269618
856,195,441,1265621,1265816
431,53,442,397040,397093
818,297,442,1481506,1481803
741,197,445,1273165,1273362
920,37,445,257589,257626
893,80,446,612346,612426
898,51,447,380114,380165
990,247,447,1418116,1418363
661,163,449,1126691,1126854
853,12,450,21276,21288
954,19,451,89677,89696
846,230,452,1378407,1378637
244,133,453,965857,965990
285,115,454,855596,855711
381,4,454,2708,2712
719,166,454,1141165,1141331
529,267,455,1452849,1453116
107,155,459,1086638,1086793
256,195,459,1265610,1265805
775,17,459,70316,70333
317,258,462,1438788,1439046
361,217,462,1341464,1341681
254,251,463,1426082,1426333
838,159,464,1106937,1107096
979,106,465,796868,796974
409,68,466,519690,519758
571,247,467,1418101,1418348
850,107,469,803513,803620
816,61,470,463425,463486
876,177,472,1191619,1191796
606,196,473,1269400,1269596
353,99,475,749287,749386
580,134,476,971672,971806
772,200,477,1284219,1284419
509,88,478,671398,671486
644,111,478,829792,829903
792,166,478,1141152,1141318
181,68,480,519688,519756
314,76,480,581980,582056
360,106,481,796862,796968
664,69,481,527595,527664
910,224,482,1362068,1362292
270,266,483,1451389,1451655
522,13,485,31172,31185
530,205,485,1302068,1302273
806,280,486,1468537,1468817
922,40,489,284462,284502
157,193,490,1257876,1258069
835,222,490,1356328,1356550
956,215,490,1335213,1335428
318,287,492,1475054,1475341
579,198,492,1276846,1277044
627,134,492,971669,971803
789,93,495,707286,707379
463,282,496,1470546,1470828
930,36,497,248561,248597
696,235,502,1391042,1391277
753,260,502,1442111,1442371
373,208,503,1312322,1312530
293,63,505,479683,479746
236,13,507,31168,31181
774,91,507,693028,693119
369,200,510,1284199,1284399
593,92,513,700163,700255
354,219,514,1347466,1347685
492,231,514,1380949,1381180
724,166,516,1141132,1141298
723,58,518,438783,438841
407,188,519,1238069,1238257
483,224,520,1362039,1362263
672,199,520,1280531,1280730
901,207,520,1308924,1309131
401,248,521,1420085,1420333
636,7,522,5599,5606
142,146,523,1039097,1039243
662,177,523,1191593,1191770
831,297,523,1481427,1481724
347,58,524,438787,438845
869,224,524,1362039,1362263
932,54,524,405446,405500
995,245,525,1413874,1414119
491,293,527,1479328,1479621
278,195,529,1265571,1265766
574,194,530,1261719,1261913
414,196,532,1269367,1269563
722,298,532,1481868,1482166
839,5,532,3670,3675
795,137,534,988949,989086
859,223,538,1359170,1359393
133,182,540,1213219,1213401
486,92,544,700155,700247
925,100,545,756146,756246
864,60,546,455232,455292
892,294,547,1479885,1480179
865,203,550,1294981,1295184
879,46,550,337190,337236
861,212,551,1325576,1325788
450,267,554,1452759,1453026
704,176,554,1187150,1187326
193,253,556,1429808,1430061
756,225,556,1364803,1365028
873,230,556,1378324,1378554
249,159,557,1106892,1107051
540,46,558,337191,337237
511,221,560,1353360,1353581
551,6,560,4632,4638
476,76,561,581953,582029
605,38,562,266556,266594
185,74,563,566567,566641
891,135,563,977458,977593
921,37,564,257567,257604
520,2,565,875,877
532,135,568,977455,977590
115,223,569,1359146,1359369
813,242,569,1407348,1407590
929,263,569,1446807,1447070
992,1,569,877,878
277,203,571,1294971,1295174
498,40,571,284444,284484
312,275,572,1462979,1463254
152,280,574,1468457,1468737
936,116,574,861926,862042
645,41,575,293340,293381
275,31,576,202822,202853
670,143,577,1022614,1022757
747,116,577,861926,862042
984,35,577,239466,239501
255,258,578,1438687,1438945
197,52,580,388550,388602
251,31,580,202825,202856
399,36,585,248540,248576
592,162,587,1121730,1121892
761,270,588,1456789,1457059
613,197,592,1273069,1273266
438,243,593,1409522,1409765
488,179,593,1200330,1200509
500,61,595,463385,463446
824,245,595,1413816,1414061
243,134,597,971618,971752
423,288,597,1475768,1476056
279,27,599,165677,165704
621,2,599,872,874
975,112,599,836239,836351
919,93,600,707241,707334
478,157,601,1096772,1096929
867,146,603,1039055,1039201
519,205,604,1301987,1302192
610,17,604,70292,70309
764,229,605,1375653,1375882
227,21,606,108870,108891
733,215,606,1335130,1335345
214,199,607,1280476,1280675
538,71,609,543252,543323
851,53,611,396994,397047
590,33,613,221212,221245
685,174,613,1178160,1178334
611,9,614,7485,7494
104,203,616,1294938,1295141
459,4,616,2688,2692
358,110,617,823210,823320
245,100,618,756115,756215
565,292,618,1478605,1478897
192,12,619,21252,21264
116,87,620,664075,664162
419,165,620,1136280,1136445
791,168,622,1150542,1150710
496,127,623,930064,930191
993,181,623,1208910,1209091
555,102,624,769799,769901
576,282,624,1470426,1470708
671,290,628,1477247,1477537
804,278,629,1466308,1466586
900,68,630,519639,519707
960,140,630,1005885,1006025
909,94,631,714313,714407
400,60,632,455207,455267
730,55,632,413806,413861
174,292,636,1478589,1478881
447,29,637,184306,184335
178,75,639,574250,574325
967,244,639,1411656,1411900
295,82,643,627250,627332
744,269,643,1455414,1455683
219,30,644,193574,193604
234,152,644,1071023,1071175
131,142,645,1017044,1017186
652,194,647,1261639,1261833
994,195,647,1265490,1265685
437,14,649,40993,41007
528,172,649,1169055,1169227
638,45,651,328455,328500
264,69,654,527532,527601
507,143,654,1022569,1022712
828,163,654,1126574,1126737
485,117,656,868224,868341
334,244,658,1411640,1411884
366,32,658,212022,212054
928,172,658,1169049,1169221
288,47,659,345826,345873
588,233,659,1385940,1386173
524,294,661,1479773,1480067
953,61,666,463363,463424
225,242,667,1407269,1407511
584,98,667,742286,742384
195,101,669,762951,763052
1000,80,671,612262,612342
118,57,672,430469,430526
371,292,673,1478555,1478847
581,208,674,1312194,1312402
676,147,677,1044427,1044574
653,277,679,1465167,1465444
434,237,680,1395752,1395989
845,85,680,649419,649504
224,187,682,1233896,1234083
471,1,682,863,864
356,47,683,345819,345866
797,283,683,1471324,1471607
843,126,683,923989,924115
803,171,684,1164456,1164627
969,157,684,1096723,1096880
752,134,686,971572,971706
241,211,687,1322193,1322404
428,150,689,1060480,1060630
287,300,690,1482502,1482802
446,262,690,1445140,1445402
364,277,691,1465159,1465436
368,86,693,656751,656837
690,151,693,1065753,1065904
484,180,698,1204571,1204751
658,289,698,1476445,1476734
239,164,699,1131410,1131574
299,77,699,589532,589609
974,138,702,994546,994684
397,268,705,1454015,1454283
139,297,706,1481248,1481545
650,96,707,728329,728425
534,130,708,948002,948132
355,169,709,1155171,1155340
597,269,709,1455358,1455627
683,177,711,1191472,1191649
411,14,712,40982,40996
472,287,712,1474849,1475136
692,188,712,1237943,1238131
506,170,713,1159824,1159994
283,265,714,1449702,1449967
619,113,714,842643,842756
855,103,714,776567,776670
646,185,715,1225660,1225845
458,143,716,1022543,1022686
596,98,716,742275,742373
931,225,716,1364680,1364905
560,164,718,1131404,1131568
770,51,718,380050,380101
323,47,721,345819,345866
402,60,721,455185,455245
503,258,721,1438567,1438825
508,72,722,551021,551093
944,149,722,1055142,1055291
821,70,724,535388,535458
863,212,724,1325448,1325660
374,59,726,446968,447027
378,134,727,971559,971693
499,214,728,1331862,1332076
320,296,730,1480748,1481044
878,134,730,971560,971694
963,166,730,1141009,1141175
490,297,733,1481223,1481520
440,187,734,1233864,1234051
882,113,738,842635,842748
977,183,738,1217299,1217482
482,64,739,487691,487755
739,111,739,829682,829793
389,69,740,527516,527585
158,146,742,1038983,1039129
235,166,742,1141002,1141168
737,145,742,1033534,1033679
847,300,744,1482450,1482750
257,137,745,988843,988980
917,56,746,422144,422200
457,299,748,1482078,1482377
493,204,749,1298365,1298569
140,242,750,1407205,1407447
583,255,751,1433296,1433551
702,207,752,1308756,1308963
911,294,752,1479690,1479984
805,221,755,1353211,1353432
296,207,756,1308756,1308963
377,9,756,7473,7482
517,63,757,479611,479674
743,169,757,1155149,1155318
905,202,757,1291276,1291478
309,80,759,612245,612325
655,168,760,1150463,1150631
467,231,763,1380751,1380982
543,18,763,79968,79986
338,71,764,543210,543281
350,202,764,1291272,1291474
103,69,767,527511,527580
352,5,767,3643,3648
766,196,767,1269205,1269401
383,149,770,1055119,1055268
180,280,771,1468279,1468559
466,260,772,1441878,1442138
229,8,773,6522,6530
665,3,773,1699,1702
286,104,774,783320,783424
848,76,775,581884,581960
387,215,777,1334998,1335213
250,197,780,1272938,1273135
406,246,780,1415760,1416006
372,76,781,581883,581959
246,27,782,165652,165679
302,105,782,790052,790157
978,134,785,971536,971670
591,7,788,5566,5573
906,159,788,1106758,1106917
980,229,788,1375508,1375737
640,254,791,1431442,1431696
678,262,791,1445054,1445316
260,235,792,1390808,1391043
425,152,795,1070944,1071096
575,145,795,1033510,1033655
955,104,795,783313,783417
216,193,797,1257676,1257869
343,130,797,947971,948101
393,162,797,1121613,1121775
680,236,798,1393247,1393483
669,27,801,165649,165676
689,8,801,6518,6526
108,16,802,60530,60546
432,192,804,1253770,1253962
736,206,804,1305288,1305494
868,26,807,156254,156280
570,298,808,1481597,1481895
479,300,809,1482387,1482687
208,196,810,1269177,1269373
550,46,810,337136,337182
660,142,810,1016970,1017112
441,259,812,1440182,1440441
748,114,812,849045,849159
945,249,813,1421856,1422105
970,86,813,656718,656804
128,6,815,4608,4614
363,283,816,1471204,1471487
695,59,824,446941,447000
106,80,826,612216,612296
946,273,827,1460341,1460614
544,195,829,1265366,1265561
691,23,830,127901,127924
710,194,831,1261515,1261709
465,190,832,1245869,1246059
738,195,832,1265365,1265560
578,38,834,266496,266534
643,15,837,50756,50771
164,97,839,735277,735374
740,134,839,971508,971642
810,215,839,1334950,1335165
773,100,840,756029,756129
337,175,842,1182506,1182681
280,196,844,1269150,1269346
130,252,845,1427682,1427934
263,233,845,1385793,1386026
433,255,847,1434985,1435240
625,53,849,405356,405409
679,39,849,284381,284420
754,147,849,1049726,1049873
842,42,849,310898,310940
858,108,849,816555,816663
566,99,851,756028,756127
716,283,851,1472112,1472395
179,30,852,202770,202800
341,216,852,1341167,1341383
778,53,853,405359,405412
780,79,855,612209,612288
721,171,856,1168930,1169101
759,119,857,886997,887116
924,77,857,597084,597161
938,203,857,1298289,1298492
626,81,860,627179,627260
117,93,861,714228,714321
231,57,862,438694,438751
481,201,863,1291199,1291400
776,133,863,971499,971632
182,92,865,707145,707237
569,261,865,1444988,1445249
137,70,866,543178,543248
526,65,866,503677,503742
988,43,866,319679,319722
614,293,868,1479579,1479872
191,169,870,1159730,1159899
981,193,870,1261491,1261684
415,157,871,1101680,1101837
874,130,871,953877,954007
324,44,874,328415,328459
615,38,877,275466,275504
707,47,879,354385,354432
715,192,879,1257621,1257813
247,88,881,678488,678576
505,244,881,1413576,1413820
120,133,882,971489,971622
307,68,884,527473,527541
727,275,884,1463858,1464133
201,285,886,1473845,1474130
452,33,887,230307,230340
202,222,888,1358897,1359119
290,57,888,438689,438746
709,25,891,156243,156268
785,249,891,1423782,1424031
114,202,892,1294737,1294939
430,215,894,1338048,1338263
631,210,894,1322040,1322250
819,150,895,1065645,1065795
561,175,897,1186932,1187107
564,226,897,1370043,1370269
961,189,898,1245829,1246018
600,237,900,1397943,1398180
784,287,900,1475484,1475771
170,228,902,1375419,1375647
971,129,902,947922,948051
248,121,903,899406,899527
768,267,903,1453838,1454105
808,26,905,165634,165660
998,84,906,649348,649432
291,151,907,1070883,1071034
913,146,911,1044311,1044457
765,188,912,1241832,1242020
725,216,916,1341117,1341333
143,172,917,1173442,1173614
326,88,917,678478,678566
711,202,920,1294719,1294921
220,299,921,1482278,1482577
884,90,923,692872,692962
125,113,924,848991,849104
160,156,924,1096592,1096748
668,226,927,1370020,1370246
948,59,927,455129,455188
166,61,930,471434,471495
684,46,934,345767,345813
147,124,936,917786,917910
427,290,938,1477650,1477940
232,55,940,422085,422140
464,235,941,1393127,1393362
266,6,943,5540,5546
599,22,943,127883,127905
698,48,944,362930,362978
582,140,945,1011325,1011465
410,129,946,947893,948022
210,8,948,7436,7444
470,81,948,627142,627223
289,132,949,965616,965748
294,104,950,789972,790076
657,17,950,79930,79947
654,222,951,1358846,1359068
895,42,951,310875,310917
700,234,952,1390673,1390907
820,214,952,1334865,1335079
951,178,952,1200096,1200274
303,4,954,3616,3620
357,55,954,422083,422138
686,294,954,1480038,1480332
983,223,956,1361697,1361920
282,185,957,1229631,1229816
799,174,957,1182435,1182609
825,162,957,1126400,1126562
261,178,959,1200094,1200272
444,4,960,3619,3623
531,266,960,1452396,1452662
573,186,960,1233718,1233904
673,88,962,678460,678548
161,135,964,983011,983146
559,98,965,749089,749187
666,9,965,8379,8388
240,155,966,1091471,1091626
102,77,967,597046,597123
750,233,968,1388200,1388433
187,177,969,1195712,1195889
412,243,969,1411378,1411621
624,224,969,1364477,1364701
228,170,971,1164284,1164454
156,291,972,1478271,1478562
834,104,973,789971,790075
697,163,974,1131255,1131418
609,80,975,619673,619753
462,190,983,1249719,1249909
159,89,985,685656,685745
515,220,985,1353028,1353248
469,41,986,302073,302114
829,187,987,1237761,1237948
903,73,987,566428,566501
443,274,988,1462600,1462874
549,294,989,1480005,1480299
345,173,990,1177923,1178096
800,125,991,923853,923978
124,41,993,302074,302115
436,37,993,266469,266506
127,15,994,60499,60514
328,98,994,749078,749176
405,105,994,796640,796745
617,175,994,1186870,1187045
745,82,996,634559,634641
516,15,998,60501,60516
123,137,999,994395,994532
699,92,999,707090,707182
966,19,999,99215,99234
1334,186,8000,1254402,1254588
5374,182,8000,1238761,1238943
6485,161,8000,1148009,1148170
8254,42,8000,364477,364519
1428,198,8001,1298145,1298343
4178,51,8001,439902,439953
6359,287,8001,1473002,1473289
7034,197,8001,1294699,1294896
4482,235,8002,1402184,1402419
5675,1,8002,1392,1393
8643,2,8002,1393,1395
8887,133,8002,1004311,1004444
9247,276,8002,1464979,1465255
4605,134,8003,1009875,1010009
9982,48,8003,415091,415139
1598,43,8004,372994,373037
2990,14,8004,111392,111406
3073,186,8004,1254405,1254591
3834,109,8004,861085,861194
6527,143,8004,1058598,1058741
6656,142,8004,1053325,1053467
7531,95,8004,769464,769559
8866,222,8004,1370968,1371190
1052,141,8005,1048003,1048144
1163,200,8005,1304956,1305156
1839,207,8005,1327835,1328042
3882,48,8005,415100,415148
5567,58,8005,496655,496713
5851,54,8005,464437,464491
6750,288,8005,1473489,1473777
9570,240,8005,1412679,1412919
3470,157,8006,1129069,1129226
9480,238,8006,1408573,1408811
4228,123,8007,946831,946954
5410,254,8007,1437870,1438124
6959,148,8007,1084470,1084618
8305,172,8007,1197391,1197563
3748,151,8008,1099651,1099802
4917,20,8008,167980,168000
6639,195,8008,1287669,1287864
9191,157,8008,1129073,1129230
2688,160,8009,1143332,1143492
5539,157,8009,1129075,1129232
5821,15,8009,120918,120933
2826,193,8010,1280493,1280686
3049,218,8010,1360225,1360443
5603,286,8010,1472451,1472737
7648,12,8010,92258,92270
9836,27,8010,232419,232446
1709,174,8011,1205929,1206103
2348,43,8011,373018,373061
4602,237,8011,1406474,1406711
5571,19,8011,158656,158675
6143,203,8011,1314967,1315170
7359,94,8011,762676,762770
9202,141,8011,1048019,1048160
2878,215,8012,1351815,1352030
6151,213,8012,1346024,1346237
8269,207,8012,1327839,1328046
9064,88,8012,721256,721344
9349,84,8012,693019,693103
2152,155,8013,1119401,1119556
4174,164,8013,1161860,1162024
4319,179,8013,1226707,1226886
5903,111,8013,873715,873826
6228,248,8013,1427847,1428095
3779,204,8014,1318246,1318450
6884,259,8014,1445358,1445617
7454,4,8014,14261,14265
9105,30,8014,259523,259553
2636,221,8015,1368339,1368560
5141,236,8015,1404354,1404590
9434,250,8015,1431316,1431566
9895,170,8015,1188716,1188886
2003,152,8016,1104652,1104804
3707,163,8016,1157291,1157454
5115,57,8016,488681,488738
5487,173,8016,1201685,1201858
9735,81,8016,671498,671579
3447,165,8017,1166414,1166579
5182,174,8017,1205937,1206111
9849,201,8017,1308330,1308531
5324,48,8018,415136,415184
8229,208,8018,1330973,1331181
1122,259,8019,1445355,1445614
1648,36,8019,312708,312744
3260,213,8019,1346025,1346238
3408,71,8020,597653,597724
5688,18,8020,149292,149310
9826,36,8020,312711,312747
2273,65,8021,551747,551812
2340,245,8021,1422418,1422663
2397,109,8021,861120,861229
5780,32,8021,277423,277455
6147,173,8021,1201688,1201861
8071,83,8021,685896,685979
2987,91,8022,742128,742219
4477,257,8022,1442433,1442690
6452,2,8022,1462,1464
7910,200,8022,1304965,1305165
8714,108,8022,854782,854890
1413,6,8023,34029,34035
6597,128,8023,976039,976167
6977,16,8023,130446,130462
9454,248,8023,1427843,1428091
9868,82,8023,678713,678795
1210,141,8024,1048035,1048176
8746,112,8024,879979,880091
5844,158,8025,1133881,1134039
6336,261,8025,1448078,1448339
6862,27,8025,232461,232488
4448,181,8026,1234786,1234967
4538,257,8026,1442432,1442689
5527,251,8026,1433004,1433255
6301,13,8026,101897,101910
7486,293,8026,1475515,1475808
3203,218,8027,1360225,1360443
4209,46,8027,398397,398443
5562,59,8027,504668,504727
6635,120,8027,928967,929087
8119,2,8027,1480,1482
9814,254,8027,1437859,1438113
1487,67,8028,567206,567273
1670,297,8028,1476575,1476872
5053,299,8028,1476897,1477196
6174,84,8028,693047,693131
7855,169,8028,1184322,1184491
1294,238,8029,1408568,1408806
3965,292,8029,1475182,1475474
4901,181,8029,1234794,1234975
9788,176,8029,1214336,1214512
2719,80,8030,664278,664358
7747,12,8030,92320,92332
2511,143,8031,1058636,1058779
5093,8,8031,53608,53616
5478,250,8031,1431312,1431562
5645,58,8031,496715,496773
5813,112,8031,879992,880104
5868,128,8031,976052,976180
5938,198,8031,1298159,1298357
6999,176,8031,1214338,1214514
8112,165,8031,1166429,1166594
8395,170,8031,1188729,1188899
8732,269,8031,1457858,1458127
9725,136,8031,1020965,1021101
1307,172,8032,1197413,1197585
1798,283,8032,1470575,1470858
6374,296,8032,1476348,1476644
7272,186,8032,1254424,1254610
9172,174,8032,1205952,1206126
9897,238,8032,1408572,1408810
3584,76,8033,635038,635114
3727,233,8033,1397766,1397999
6869,8,8033,53626,53634
8084,191,8033,1273215,1273406
9659,28,8033,241569,241597
9212,59,8034,504694,504753
2383,15,8035,120998,121013
2570,3,8035,4369,4372
3070,186,8035,1254426,1254612
8277,208,8035,1330979,1331187
1115,117,8036,910831,910948
1666,293,8036,1475510,1475803
4446,243,8036,1418612,1418855
5078,193,8036,1280510,1280703
5186,288,8036,1473466,1473754
6491,276,8036,1464957,1465233
3861,259,8037,1445350,1445609
1006,290,8038,1474385,1474675
2436,108,8038,854816,854924
4182,219,8038,1362968,1363187
4493,58,8038,496740,496798
1002,290,8039,1474386,1474676
1755,195,8039,1287687,1287882
2334,59,8039,504705,504764
3714,151,8039,1099700,1099851
6926,257,8039,1442434,1442691
1802,272,8040,1461047,1461319
2257,102,8040,816132,816234
4530,42,8040,364588,364630
6270,22,8040,186640,186662
6933,288,8040,1473466,1473754
8417,144,8040,1063897,1064041
2422,242,8041,1416684,1416926
7082,169,8041,1184344,1184513
8078,219,8041,1362972,1363191
8532,299,8041,1476886,1477185
2421,250,8042,1431316,1431566
2813,215,8042,1351827,1352042
5052,89,8042,728313,728402
5401,77,8042,642419,642496
7004,235,8042,1402188,1402423
8364,142,8042,1053391,1053533
9321,285,8042,1471853,1472138
2277,46,8043,398450,398496
2534,284,8043,1471225,1471509
3547,57,8043,488754,488811
4168,41,8043,356057,356098
4340,241,8043,1414694,1414935
7029,150,8043,1094678,1094828
1230,19,8044,158760,158779
2755,205,8044,1321481,1321686
7972,144,8044,1063907,1064051
9029,102,8044,816146,816248
9469,149,8044,1089623,1089772
9517,9,8044,63392,63401
1020,178,8045,1222648,1222826
6614,37,8045,321523,321560
9319,241,8045,1414694,1414935
1767,34,8046,295218,295252
2026,236,8046,1404361,1404597
4741,52,8046,448238,448290
5108,86,8046,707280,707366
7746,191,8046,1273230,1273421
8648,53,8046,456407,456460
5954,255,8047,1439412,1439667
6644,21,8047,177397,177418
2228,285,8048,1471849,1472134
3346,280,8048,1468368,1468648
6193,265,8048,1453164,1453429
6713,3,8048,4419,4422
6904,251,8048,1433008,1433259
8276,107,8048,848456,848563
9660,100,8048,803010,803110
1882,35,8049,304021,304056
7760,177,8049,1218525,1218702
1189,170,8050,1188756,1188926
4414,4,8050,14381,14385
5509,291,8050,1474795,1475086
6805,125,8051,958693,958818
7157,218,8051,1360241,1360459
1378,184,8052,1246679,1246863
1585,116,8052,904760,904876
4105,290,8052,1474377,1474667
6587,198,8052,1298177,1298375
8102,79,8052,657065,657144
4349,265,8053,1453163,1453428
4655,237,8053,1406480,1406717
9356,111,8053,873788,873899
9419,83,8053,685970,686053
3523,248,8054,1427847,1428095
5158,156,8054,1124318,1124474
6848,197,8054,1294731,1294928
7984,35,8054,304035,304070
8524,51,8054,440044,440095
1926,81,8055,671580,671661
5420,215,8055,1351833,1352048
5653,147,8055,1079427,1079574
6822,69,8055,582575,582644
2892,262,8056,1449394,1449656
5967,168,8056,1179937,1180105
1040,174,8057,1205978,1206152
2596,80,8057,664342,664422
2675,101,8057,809606,809707
3039,116,8057,904769,904885
3881,46,8057,398488,398534
8596,299,8057,1476872,1477171
2168,116,8058,904771,904887
2968,187,8058,1258288,1258475
6240,210,8058,1337110,1337320
9669,246,8058,1424253,1424499
1785,155,8059,1119463,1119618
6931,97,8059,783085,783182
9829,75,8059,627706,627781
1942,179,8060,1226745,1226924
2593,105,8060,835640,835745
3478,177,8060,1218532,1218709
6294,261,8060,1448070,1448331
9230,221,8060,1368350,1368571
1779,293,8061,1475489,1475782
2653,103,8061,822691,822794
4004,13,8061,102012,102025
6992,64,8061,544088,544152
4104,202,8063,1311681,1311883
7093,42,8063,364649,364691
7913,115,8063,898648,898763
1014,212,8064,1343091,1343303
7149,104,8064,829189,829293
8340,274,8064,1463047,1463321
2063,98,8065,789772,789870
4858,138,8065,1031949,1032087
6260,208,8065,1330994,1331202
2744,8,8066,53720,53728
4363,172,8066,1197448,1197620
6484,25,8066,214339,214364
3312,206,8067,1324681,1324887
9597,193,8067,1280529,1280722
9678,273,8067,1462052,1462325
2286,92,8068,749104,749196
2777,147,8068,1079437,1079584
3841,5,8068,24320,24325
8426,50,8068,431835,431885
8575,165,8068,1166471,1166636
8817,146,8068,1074305,1074451
1750,296,8069,1476315,1476611
5654,158,8069,1133936,1134094
5926,286,8069,1472410,1472696
9278,286,8069,1472412,1472698
9809,111,8069,873811,873922
1053,88,8070,721370,721458
1290,49,8070,423574,423623
3632,69,8070,582605,582674
3868,135,8070,1015506,1015641
9256,201,8070,1308353,1308554
2738,267,8071,1455559,1455826
9129,37,8071,321586,321623
8578,228,8072,1386083,1386311
8762,39,8072,338956,338995
9381,223,8072,1373562,1373785
3609,46,8073,398520,398566
4338,96,8073,776368,776464
5471,190,8073,1269533,1269723
7840,1,8073,1627,1628
8767,96,8073,776371,776467
9042,143,8073,1058697,1058840
9153,177,8073,1218539,1218716
1121,6,8074,34188,34194
3938,64,8074,544110,544174
4037,217,8074,1357466,1357683
4364,30,8074,259689,259719
4554,232,8074,1395495,1395727
4786,78,8074,649815,649893
5037,41,8074,356134,356175
7487,204,8074,1318270,1318474
9877,2,8074,1638,1640
3257,54,8075,464607,464661
3956,58,8075,496825,496883
8884,5,8075,24349,24354
1241,18,8076,149457,149475
4367,87,8076,714369,714456
8024,156,8076,1124334,1124490
8106,257,8076,1442420,1442677
8148,137,8076,1026515,1026652
1643,199,8077,1301606,1301805
4147,226,8077,1381179,1381405
7614,69,8077,582620,582689
9635,30,8077,259701,259731
2917,285,8078,1471828,1472113
3245,159,8078,1138691,1138850
4841,105,8078,835664,835769
4410,154,8079,1114592,1114746
5614,189,8079,1265827,1266016
2008,32,8080,277585,277617
2086,156,8080,1124338,1124494
2863,211,8080,1340110,1340321
3917,28,8080,241696,241724
4603,115,8080,898670,898785
5802,283,8080,1470547,1470830
9656,148,8080,1084564,1084712
2000,159,8081,1138693,1138852
3226,75,8081,627746,627821
4747,27,8081,232625,232652
7467,55,8081,472740,472795
8509,159,8081,1138695,1138854
9746,18,8081,149479,149497
3118,244,8082,1420530,1420774
3804,264,8082,1451905,1452169
4274,236,8082,1404353,1404589
5706,54,8082,464627,464681
6187,148,8082,1084569,1084717
6199,241,8082,1414684,1414925
8076,6,8082,34224,34230
1744,164,8083,1161931,1162095
1994,18,8083,149486,149504
3483,292,8083,1475136,1475428
5569,251,8083,1432993,1433244
6076,265,8083,1453146,1453411
1991,145,8084,1069158,1069303
2021,284,8084,1471196,1471480
4220,72,8084,605357,605429
4576,15,8084,121151,121166
5211,300,8084,1476962,1477262
9429,6,8084,34234,34240
3318,235,8085,1402185,1402420
5863,242,8085,1416676,1416918
8133,106,8085,842117,842223
9079,5,8085,24389,24394
9641,81,8085,671641,671722
2404,265,8086,1453147,1453412
2786,9,8086,63514,63523
3420,273,8086,1462043,1462316
3701,95,8086,769625,769720
4682,17,8086,140082,140099
5286,63,8086,536345,536408
5966,241,8086,1414690,1414931
9563,29,8086,250738,250767
9617,147,8086,1079465,1079612
2930,228,8087,1386088,1386316
8824,12,8087,92504,92516
8961,73,8087,612868,612941
8996,142,8087,1053449,1053591
9928,83,8087,686037,686120
1302,88,8088,721406,721494
2772,68,8088,575022,575090
6868,94,8088,762824,762918
3464,62,8089,528519,528581
4988,274,8089,1463032,1463306
8117,243,8089,1418606,1418849
2758,295,8090,1476053,1476348
2319,47,8091,406955,407002
3595,132,8091,998838,998970
6801,253,8091,1436242,1436495
7490,106,8091,842124,842230
1589,31,8092,268706,268737
7595,201,8092,1308363,1308564
2235,76,8093,635159,635235
2862,38,8093,330347,330385
3225,105,8093,835688,835793
4213,93,8093,756004,756097
5299,100,8093,803078,803178
6438,241,8093,1414689,1414930
8537,42,8093,364729,364771
8586,45,8093,390155,390200
8986,58,8093,496872,496930
4167,91,8094,742267,742358
5034,77,8094,642523,642600
5161,66,8094,559650,559716
7694,171,8094,1193152,1193323
9066,250,8094,1431300,1431550
2545,13,8095,102116,102129
7696,235,8095,1402187,1402422
7836,153,8095,1109690,1109843
2514,192,8096,1276904,1277096
3876,32,8096,277637,277669
5991,85,8096,700290,700375
7299,30,8096,259759,259789
5510,23,8097,196038,196061
4008,134,8098,1010008,1010142
4689,266,8098,1454352,1454618
5009,85,8098,700292,700377
6783,81,8098,671661,671742
9022,227,8098,1383642,1383869
2548,235,8099,1402186,1402421
5155,300,8099,1476949,1477249
6709,248,8099,1427831,1428079
1339,56,8100,480860,480916
4478,174,8100,1206001,1206175
9560,152,8100,1104741,1104893
2068,240,8101,1412667,1412907
3327,24,8101,205262,205286
3424,138,8101,1031990,1032128
3460,123,8101,946968,947091
7664,268,8101,1456698,1456966
9392,268,8101,1456700,1456968
1394,43,8102,373255,373298
5081,125,8102,958754,958879
7027,4,8102,14547,14551
8980,70,8102,590270,590340
2709,81,8103,671670,671751
3179,292,8103,1475121,1475413
4797,215,8103,1351838,1352053
5750,42,8103,364754,364796
6549,241,8103,1414688,1414929
7935,165,8103,1166494,1166659
9407,175,8103,1210210,1210385
1118,141,8104,1048140,1048281
3575,248,8104,1427831,1428079
4756,230,8104,1390865,1391095
5453,39,8104,339048,339087
7744,136,8104,1021061,1021197
4828,120,8105,929082,929202
6286,278,8105,1466675,1466953
6548,66,8105,559676,559742
7068,11,8105,82931,82942
7590,281,8105,1469095,1469376
3790,270,8106,1458910,1459180
7902,57,8106,488898,488955
9399,175,8106,1210214,1210389
2730,139,8107,1037412,1037551
3536,97,8107,783159,783256
4667,187,8107,1258311,1258498
9313,113,8107,886335,886448
2905,185,8108,1250605,1250790
6819,181,8108,1234844,1235025
8035,127,8108,970404,970531
1893,143,8109,1058735,1058878
3321,72,8109,605409,605481
5740,139,8109,1037416,1037555
6381,82,8109,678886,678968
8362,208,8109,1331004,1331212
2120,48,8110,415368,415416
2816,45,8110,390198,390243
5317,121,8110,935071,935192
6406,216,8110,1354684,1354900
7652,79,8110,657180,657259
9443,199,8110,1301620,1301819
9819,18,8110,149574,149592
1692,250,8111,1431293,1431543
7147,229,8111,1388492,1388721
8390,129,8111,981878,982007
9565,3,8111,4625,4628
1706,187,8112,1258313,1258500
2601,144,8112,1063976,1064120
3903,186,8112,1254472,1254658
6772,231,8112,1393181,1393412
6024,218,8114,1360243,1360461
8864,81,8114,671697,671778
1035,101,8115,809694,809795
2520,84,8115,693216,693300
4394,91,8115,742303,742394
6495,88,8115,721450,721538
7391,93,8115,756041,756134
2607,172,8116,1197477,1197649
4017,7,8116,44116,44123
4202,190,8116,1269548,1269738
4830,111,8116,873875,873986
9791,245,8116,1422398,1422643
3537,131,8117,993231,993362
6529,212,8117,1343098,1343310
9974,70,8117,590308,590378
2369,10,8118,73303,73313
2928,225,8118,1378671,1378896
4812,4,8118,14597,14601
5793,82,8118,678903,678985
6627,243,8118,1418594,1418837
9120,60,8118,512815,512875
4842,51,8119,440198,440249
5722,202,8119,1311694,1311896
8625,295,8119,1476027,1476322
9214,95,8119,769673,769768
3877,255,8120,1439378,1439633
7831,240,8120,1412663,1412903
8925,18,8120,149597,149615
1139,290,8122,1474318,1474608
2260,259,8122,1445311,1445570
2352,275,8122,1463957,1464232
6205,196,8122,1291239,1291435
7710,289,8122,1473870,1474159
1708,121,8123,935086,935207
5496,290,8123,1474319,1474609
9931,231,8123,1393182,1393413
1092,17,8124,140186,140203
4624,183,8124,1242789,1242972
5890,251,8124,1432977,1433228
6967,52,8124,448421,448473
8696,32,8124,277710,277742
8711,160,8124,1143442,1143602
8776,227,8124,1383646,1383873
1512,264,8125,1451885,1452149
2103,39,8125,339100,339139
2358,132,8125,998877,999009
3069,290,8125,1474319,1474609
4765,114,8125,892560,892674
5375,194,8125,1284164,1284358
7059,29,8125,250846,250875
7410,234,8125,1399994,1400228
8309,257,8126,1442399,1442656
9750,157,8126,1129195,1129352
1686,35,8127,304227,304262
3835,111,8127,873895,874006
3939,117,8127,910960,911077
5228,255,8127,1439381,1439636
5423,76,8127,635236,635312
8724,71,8127,597891,597962
8808,155,8127,1119522,1119677
2517,157,8128,1129196,1129353
2677,221,8128,1368357,1368578
2926,93,8128,756069,756162
4322,8,8128,53923,53931
5073,294,8128,1475746,1476040
4207,254,8129,1437826,1438080
2018,113,8130,886369,886482
2624,68,8130,575112,575180
3952,169,8130,1184410,1184579
1083,241,8131,1414683,1414924
7464,101,8131,809723,809824
9883,190,8131,1269562,1269752
1213,15,8132,121289,121304
9576,169,8132,1184412,1184581
9820,126,8132,964625,964751
1426,238,8133,1408562,1408800
2083,206,8133,1324700,1324906
4059,283,8133,1470508,1470791
5988,97,8133,783205,783302
6109,67,8133,567449,567516
8982,76,8133,635249,635325
9575,2,8133,1832,1834
1489,220,8134,1365691,1365911
4659,116,8134,904873,904989
5646,166,8134,1171040,1171206
6361,237,8134,1406467,1406704
8469,52,8134,448452,448504
2978,117,8135,910971,911088
4188,25,8135,214540,214565
4277,283,8135,1470508,1470791
4942,65,8135,552014,552079
5996,59,8135,504931,504990
6468,200,8135,1305011,1305211
7262,128,8135,976195,976323
7418,83,8135,686127,686210
9892,151,8135,1099795,1099946
1061,244,8136,1420518,1420762
5197,86,8136,707446,707532
9074,163,8136,1157400,1157563
5576,202,8137,1311705,1311907
6547,298,8137,1476648,1476946
5993,277,8138,1465791,1466068
9863,290,8138,1474310,1474600
2887,153,8139,1109732,1109885
4261,163,8139,1157403,1157566
8855,227,8139,1383649,1383876
9288,130,8139,987599,987729
9719,83,8139,686137,686220
3957,21,8140,177660,177681
6341,183,8140,1242801,1242984
8487,111,8140,873920,874031
9187,223,8140,1373572,1373795
6010,178,8141,1222703,1222881
8422,167,8141,1175537,1175704
9844,21,8141,177666,177687
9909,177,8141,1218581,1218758
2810,98,8142,789899,789997
2858,198,8142,1298207,1298405
6778,77,8142,642627,642704
1130,159,8143,1138749,1138908
1783,300,8143,1476907,1477207
3314,146,8143,1074384,1074530
6317,208,8143,1331013,1331221
6793,159,8143,1138753,1138912
6919,254,8143,1437820,1438074
7414,142,8143,1053508,1053650
1420,69,8144,582774,582843
1675,279,8144,1467487,1467766
9769,225,8144,1378679,1378904
1816,7,8145,44207,44214
3083,105,8145,835776,835881
4348,209,8145,1334091,1334300
6561,173,8146,1201783,1201956
7412,31,8146,268857,268888
1679,125,8147,958819,958944
2972,31,8147,268859,268890
3627,226,8147,1381186,1381412
4719,209,8147,1334092,1334301
5439,267,8147,1455514,1455781
6840,143,8147,1058783,1058926
7900,298,8147,1476641,1476939
8472,10,8147,73397,73407
6064,225,8148,1378680,1378905
6504,182,8148,1238854,1239036
9830,179,8148,1226797,1226976
4597,78,8149,649970,650048
9600,19,8149,159062,159081
2585,120,8150,929149,929269
2666,219,8150,1362984,1363203
2727,127,8150,970462,970589
4479,291,8150,1474710,1475001
7154,180,8150,1230856,1231036
8097,11,8150,83063,83074
9061,222,8150,1370981,1371203
1252,265,8151,1453112,1453377
3762,17,8151,140273,140290
4313,181,8151,1234874,1235055
4910,221,8151,1368360,1368581
4945,78,8151,649979,650057
6921,270,8151,1458883,1459153
9759,162,8151,1152805,1152967
2370,259,8152,1445301,1445560
5465,44,8152,381851,381895
6991,221,8152,1368363,1368584
5803,221,8153,1368364,1368585
6150,250,8153,1431281,1431531
8319,89,8153,728520,728609
8512,253,8153,1436217,1436470
5269,84,8154,693301,693385
9194,281,8154,1469061,1469342
1473,169,8155,1184437,1184606
2320,113,8155,886417,886530
2337,53,8155,456669,456722
3990,257,8155,1442387,1442644
5157,51,8155,440296,440347
6073,256,8155,1440888,1441144
6117,130,8155,987628,987758
7146,56,8155,481005,481061
1158,287,8156,1472882,1473169
1264,197,8156,1294773,1294970
5703,233,8156,1397765,1397998
8075,102,8156,816332,816434
2923,234,8157,1399992,1400226
5236,57,8157,489027,489084
6462,15,8157,121373,121388
7360,54,8157,464818,464872
7383,296,8157,1476234,1476530
7417,193,8157,1280576,1280769
8555,290,8157,1474297,1474587
1742,160,8158,1143485,1143645
2802,87,8158,714533,714620
5519,235,8158,1402184,1402419
7686,204,8158,1318304,1318508
1078,25,8159,214614,214639
5953,24,8159,205435,205459
8093,215,8159,1351857,1352072
3614,18,8160,149718,149736
4729,272,8160,1460976,1461248
5362,61,8160,520824,520885
6422,250,8160,1431284,1431534
2880,124,8161,952974,953098
3660,72,8161,605530,605602
5940,46,8161,398756,398802
9038,231,8161,1393185,1393416
2014,35,8162,304327,304362
3227,242,8162,1416660,1416902
5138,281,8162,1469058,1469339
6434,238,8162,1408562,1408800
7429,71,8162,597975,598046
8055,229,8162,1388498,1388727
8759,77,8162,642677,642754
9720,251,8162,1432970,1433221
1622,166,8163,1171077,1171243
9058,295,8163,1475989,1476284
9474,30,8163,259950,259980
1432,117,8164,911027,911144
6259,37,8164,321843,321880
2424,142,8165,1053539,1053681
3973,74,8165,620503,620577
8497,257,8165,1442385,1442642
8727,76,8166,635324,635400
8905,28,8166,241945,241973
9505,19,8166,159118,159137
9577,170,8166,1188845,1189015
1703,138,8167,1032078,1032216
7756,117,8167,911030,911147
8304,161,8167,1148172,1148333
8314,95,8167,769768,769863
8621,147,8167,1079550,1079697
8960,286,8167,1472336,1472622
3428,93,8168,756147,756240
3846,224,8168,1376147,1376371
5854,231,8168,1393187,1393418
9502,179,8168,1226818,1226997
2619,25,8169,214643,214668
2787,166,8169,1171080,1171246
3230,142,8169,1053546,1053688
7372,20,8169,168457,168477
8180,283,8169,1470486,1470769
1649,257,8170,1442384,1442641
4646,203,8170,1315031,1315234
5457,300,8170,1476882,1477182
6645,72,8170,605554,605626
7293,19,8170,159136,159155
8267,267,8171,1455505,1455772
8750,56,8171,481044,481100
3122,10,8172,73478,73488
4073,101,8172,809801,809902
4165,178,8172,1222733,1222911
5333,213,8172,1346070,1346283
7280,285,8172,1471758,1472043
2035,74,8173,620521,620595
2833,90,8173,735498,735588
6744,254,8173,1437815,1438069
1168,213,8174,1346072,1346285
1577,280,8174,1468283,1468563
4336,170,8174,1188854,1189024
8821,287,8174,1472870,1473157
4879,149,8175,1089761,1089910
5296,254,8175,1437817,1438071
7988,215,8175,1351865,1352080
9096,34,8175,295569,295603
8170,295,8176,1475979,1476274
9701,130,8177,987658,987788
9726,88,8177,721574,721662
4219,280,8178,1468283,1468563
5795,83,8178,686215,686298
9535,3,8178,4830,4833
5689,61,8179,520863,520924
1124,127,8180,970504,970631
1889,154,8180,1114696,1114850
2359,230,8180,1390866,1391096
2703,1,8180,1977,1978
4833,39,8180,339244,339283
4999,217,8180,1357495,1357712
8205,268,8180,1456659,1456927
8631,222,8180,1370993,1371215
2999,32,8181,277864,277896
4475,136,8181,1021160,1021296
5732,177,8181,1218617,1218794
6562,222,8181,1370994,1371216
6616,234,8181,1399994,1400228
7919,80,8181,664594,664674
8393,97,8181,783296,783393
8863,62,8181,528735,528797
5251,183,8182,1242832,1243015
7300,233,8182,1397767,1398000
8990,292,8182,1475053,1475345
9138,158,8182,1134050,1134208
3709,257,8183,1442382,1442639
4021,62,8183,528740,528802
5173,232,8183,1395498,1395730
5408,259,8183,1445290,1445549
7475,127,8183,970519,970646
7914,71,8183,598024,598095
9677,196,8183,1291282,1291478
1630,176,8184,1214458,1214634
2733,92,8184,749321,749413
3788,202,8184,1311737,1311939
4835,75,8184,627975,628050
8779,130,8184,987673,987803
4091,115,8185,898838,898953
6603,62,8185,528751,528813
7776,12,8185,92803,92815
8294,107,8185,848673,848780
4339,125,8186,958884,959009
6161,279,8186,1467464,1467743
6492,19,8186,159181,159200
8019,12,8186,92808,92820
8922,40,8186,347864,347904
5643,210,8187,1337149,1337359
6222,177,8187,1218625,1218802
7582,190,8187,1269601,1269791
9802,148,8187,1084687,1084835
3027,178,8188,1222746,1222924
3412,131,8188,993334,993465
5905,42,8188,364982,365024
7351,182,8188,1238885,1239067
8323,123,8188,947107,947230
2131,117,8189,911069,911186
2298,61,8189,520898,520959
7012,90,8189,735532,735622
8938,4,8189,14829,14833
9622,271,8189,1459922,1460193
1896,86,8190,707556,707642
3498,154,8190,1114712,1114866
6141,83,8190,686246,686329
6837,92,8190,749334,749426
8331,297,8190,1476424,1476721
8418,129,8190,981991,982120
4160,137,8191,1026661,1026798
4744,82,8191,679062,679144
5045,107,8191,848685,848792
5513,44,8191,381960,382004
7742,45,8191,390416,390461
7938,142,8191,1053572,1053714
6795,19,8192,159203,159222
6885,215,8192,1351866,1352081
7103,246,8192,1424216,1424462
9414,133,8192,1004574,1004707
6037,85,8193,700487,700572
7450,214,8193,1348981,1349195
9190,277,8193,1465760,1466037
4025,25,8194,214718,214743
4876,2,8194,2035,2037
6217,115,8194,898853,898968
6739,109,8194,861407,861516
4809,266,8195,1454304,1454570
5555,122,8195,941172,941294
7198,11,8195,83211,83222
8542,200,8195,1305042,1305242
9203,224,8195,1376148,1376372
1941,207,8196,1327902,1328109
2036,296,8196,1476199,1476495
6387,112,8196,880262,880374
7556,55,8196,473034,473089
7973,26,8196,223861,223887
8200,178,8196,1222752,1222930
9133,31,8196,269008,269039
9691,227,8196,1383652,1383879
1144,68,8197,575276,575344
2147,257,8197,1442377,1442634
4788,168,8197,1180051,1180219
1451,205,8198,1321532,1321737
3870,27,8198,232965,232992
8399,58,8198,497132,497190
2213,260,8199,1446658,1446918
4637,22,8199,187107,187129
4960,216,8199,1354709,1354925
7347,209,8199,1334119,1334328
3216,291,8200,1474669,1474960
3753,282,8200,1469763,1470045
3765,142,8200,1053584,1053726
4509,163,8200,1157469,1157632
5191,186,8200,1254530,1254716
7275,190,8200,1269609,1269799
8184,282,8200,1469765,1470047
9020,258,8200,1443845,1444103
2440,156,8201,1124468,1124624
3487,284,8201,1471109,1471393
3594,248,8201,1427811,1428059
7631,67,8201,567620,567687
4476,101,8202,809862,809963
6198,286,8202,1472310,1472596
6949,108,8202,855089,855197
7676,71,8202,598075,598146
2527,203,8203,1315048,1315251
3390,7,8203,44404,44411
6044,58,8203,497149,497207
6533,164,8203,1162045,1162209
7060,171,8203,1193248,1193419
7064,298,8203,1476588,1476886
7848,8,8203,54171,54179
9685,165,8203,1166596,1166761
1365,141,8204,1048273,1048414
1733,61,8204,520943,521004
2044,71,8204,598081,598152
2985,137,8204,1026686,1026823
3347,10,8204,73593,73603
5178,136,8204,1021200,1021336
7896,71,8204,598085,598156
8370,281,8204,1469034,1469315
8917,69,8204,582927,582996
7388,242,8205,1416657,1416899
8386,209,8205,1334125,1334334
8589,77,8205,642776,642853
2697,279,8206,1467455,1467734
3698,174,8206,1206094,1206268
8181,236,8206,1404347,1404583
8739,283,8206,1470462,1470745
2660,116,8207,905006,905122
5237,78,8207,650106,650184
6543,77,8207,642782,642859
8401,78,8207,650108,650186
1017,239,8208,1410622,1410861
4572,186,8208,1254539,1254725
6648,4,8208,14904,14908
9277,52,8208,448659,448711
3280,152,8209,1104869,1105021
4772,156,8209,1124479,1124635
4801,234,8209,1399994,1400228
5270,166,8209,1171122,1171288
8014,94,8209,763051,763145
8197,146,8209,1074474,1074620
8221,43,8209,373560,373603
1665,189,8210,1265905,1266094
3986,238,8210,1408557,1408795
5150,174,8210,1206099,1206273
7252,78,8210,650118,650196
7800,290,8210,1474254,1474544
9121,43,8210,373566,373609
3249,241,8211,1414673,1414914
5514,282,8211,1469761,1470043
6454,198,8211,1298253,1298451
8088,203,8211,1315055,1315258
8476,54,8211,464974,465028
9979,47,8211,407287,407334
1830,228,8212,1386096,1386324
2170,29,8212,251111,251140
2953,163,8212,1157491,1157654
3843,279,8212,1467454,1467733
5867,72,8212,605662,605734
8667,251,8212,1432961,1433212
1988,135,8213,1015704,1015839
2205,242,8213,1416657,1416899
2951,87,8213,714652,714739
5473,159,8213,1138841,1139000
5682,152,8213,1104884,1105036
6997,76,8213,635448,635524
7370,114,8213,892725,892839
8953,273,8213,1461971,1462244
9782,19,8213,159292,159311
3159,299,8214,1476721,1477020
3646,48,8214,415663,415711
4736,268,8214,1456647,1456915
8935,3,8215,4980,4983
9188,98,8215,790050,790148
1614,142,8216,1053616,1053758
2456,297,8216,1476402,1476699
6078,144,8216,1064115,1064259
7307,118,8216,917202,917320
7585,235,8216,1402186,1402421
7851,57,8216,489197,489254
8687,141,8216,1048299,1048440
1762,263,8217,1450595,1450858
2037,116,8217,905031,905147
4197,81,8217,671933,672014
6390,73,8217,613174,613247
7572,150,8217,1094872,1095022
9426,223,8217,1373592,1373815
2343,195,8218,1287783,1287978
9977,263,8218,1450596,1450859
2800,74,8219,620644,620718
3146,293,8219,1475351,1475644
4099,84,8219,693449,693533
6520,235,8219,1402188,1402423
6927,278,8219,1466611,1466889
4243,73,8220,613182,613255
6169,272,8220,1460950,1461222
6953,4,8220,14955,14959
8007,251,8220,1432964,1433215
9651,286,8220,1472299,1472585
1515,231,8221,1393198,1393429
2655,209,8221,1334139,1334348
4177,63,8221,536688,536751
6571,10,8221,73661,73671
9878,289,8221,1473795,1474084
1780,102,8222,816461,816563
2946,172,8222,1197582,1197754
7317,148,8222,1084740,1084888
1154,239,8223,1410627,1410866
1992,40,8223,347992,348032
2795,219,8223,1363017,1363236
3291,103,8223,822979,823082
3591,195,8223,1287792,1287987
6420,52,8223,448713,448765
6581,126,8223,964784,964910
9347,166,8223,1171144,1171310
9696,16,8223,131085,131101
7814,229,8224,1388509,1388738
4832,54,8225,465016,465070
8563,103,8225,822983,823086
2105,195,8226,1287792,1287987
3494,236,8226,1404351,1404587
3621,149,8226,1089831,1089980
4940,182,8226,1238921,1239103
5727,163,8226,1157509,1157672
8438,34,8226,295740,295774
9562,125,8226,958963,959088
9821,94,8226,763096,763190
9978,7,8226,44502,44509
4883,118,8227,917223,917341
6944,149,8227,1089834,1089983
7602,95,8227,769900,769995
2047,184,8228,1246791,1246975
4331,33,8228,286917,286950
4468,285,8228,1471718,1472003
4884,93,8228,756282,756375
6760,36,8228,313310,313346
5621,288,8229,1473316,1473604
7628,38,8229,330748,330786
9528,96,8229,776669,776765
1204,149,8230,1089836,1089985
1300,32,8230,278039,278071
2070,38,8230,330751,330789
4155,188,8230,1262183,1262371
5106,48,8230,415709,415757
7007,10,8230,73694,73704
7599,282,8230,1469751,1470033
1190,177,8231,1218665,1218842
5310,218,8232,1360280,1360498
6780,88,8232,721701,721789
3440,153,8233,1109849,1110002
5425,2,8233,2186,2188
5865,288,8233,1473314,1473602
6047,99,8233,796721,796820
6691,173,8234,1201866,1202039
3222,79,8235,657456,657535
4359,239,8235,1410621,1410860
6770,278,8235,1466603,1466881
7934,58,8235,497241,497299
2739,138,8236,1032178,1032316
5535,118,8236,917231,917349
3485,58,8237,497243,497301
3767,76,8237,635495,635571
4431,218,8237,1360280,1360498
4725,220,8237,1365718,1365938
7438,59,8237,505200,505259
9176,276,8237,1464840,1465116
1897,207,8238,1327923,1328130
4865,4,8238,15008,15012
5103,17,8238,140562,140579
1367,193,8239,1280622,1280815
1700,85,8239,700588,700673
1902,149,8239,1089843,1089992
2553,84,8239,693486,693570
4762,256,8239,1440865,1441121
6952,234,8239,1399997,1400231
4116,225,8240,1378696,1378921
5607,235,8240,1402184,1402419
6690,17,8240,140570,140587
1612,23,8241,196475,196498
2615,42,8241,365143,365185
2679,235,8241,1402185,1402420
8841,120,8241,929302,929422
2476,84,8242,693491,693575
8061,73,8242,613225,613298
1766,122,8243,941250,941372
2513,126,8243,964799,964925
3197,238,8243,1408553,1408791
3319,231,8243,1393193,1393424
4754,5,8243,24909,24914
6280,217,8243,1357514,1357731
7331,25,8243,214880,214905
7727,292,8243,1475000,1475292
9280,144,8243,1064146,1064290
1062,4,8244,15029,15033
3148,84,8244,693498,693582
5927,6,8244,34760,34766
6861,227,8244,1383663,1383890
8158,232,8244,1395500,1395732
8349,26,8244,224018,224044
2540,58,8245,497265,497323
2760,185,8245,1250698,1250883
4813,196,8245,1291312,1291508
6776,215,8245,1351888,1352103
3577,146,8246,1074519,1074665
4123,198,8246,1298269,1298467
5447,145,8246,1069352,1069497
8478,126,8246,964811,964937
8670,100,8247,803361,803461
9631,71,8247,598191,598262
9742,189,8247,1265930,1266119
2445,46,8248,398999,399045
3305,57,8248,489271,489328
3397,266,8248,1454282,1454548
4854,187,8248,1258403,1258590
5636,17,8248,140597,140614
5741,71,8248,598195,598266
5635,9,8249,64045,64054
5914,98,8249,790106,790204
8021,200,8249,1305070,1305270
2595,264,8250,1451829,1452093
6446,290,8250,1474220,1474510
7001,250,8250,1431261,1431511
7476,219,8250,1363016,1363235
7719,115,8250,898955,899070
8045,98,8250,790113,790211
9612,153,8250,1109866,1110019
9664,212,8250,1343151,1343363
1735,78,8251,650208,650286
2212,299,8251,1476686,1476985
2547,144,8251,1064159,1064303
3437,142,8251,1053662,1053804
4409,143,8251,1058923,1059066
4484,289,8251,1473770,1474059
9984,177,8251,1218682,1218859
4570,135,8252,1015759,1015894
1496,214,8253,1349003,1349217
2575,235,8253,1402183,1402418
4916,156,8253,1124526,1124682
6285,295,8253,1475910,1476205
6595,294,8253,1475637,1475931
7387,240,8253,1412646,1412886
8434,102,8253,816517,816619
1342,153,8254,1109874,1110027
1775,31,8254,269193,269224
3416,190,8254,1269646,1269836
3549,8,8254,54348,54356
4097,3,8254,5115,5118
4378,209,8254,1334148,1334357
6231,90,8254,735677,735767
8494,82,8254,679212,679294
9614,187,8254,1258414,1258601
1486,226,8255,1381205,1381431
7726,198,8255,1298278,1298476
8760,9,8255,64075,64084
9663,71,8255,598223,598294
8835,174,8256,1206141,1206315
1199,121,8257,935312,935433
3866,263,8257,1450578,1450841
6091,131,8257,993445,993576
6136,283,8257,1470428,1470711
7611,234,8257,1399997,1400231
9273,42,8257,365199,365241
9786,116,8257,905100,905216
1164,293,8258,1475317,1475610
2288,275,8258,1463887,1464162
6040,79,8258,657516,657595
7264,293,8258,1475319,1475612
8654,268,8258,1456627,1456895
1696,216,8259,1354734,1354950
3715,118,8259,917278,917396
5071,243,8259,1418572,1418815
9433,98,8259,790142,790240
2066,62,8260,528956,529018
3325,128,8260,976394,976522
4722,271,8260,1459892,1460163
8271,250,8260,1431264,1431514
1402,176,8261,1214527,1214703
7868,45,8261,390626,390671
9103,7,8261,44613,44620
9731,286,8261,1472271,1472557
1281,204,8262,1318354,1318558
2656,237,8262,1406458,1406695
4244,221,8262,1368395,1368616
4578,30,8262,260257,260287
5832,61,8262,521104,521165
6937,11,8262,83445,83456
9242,293,8262,1475317,1475610
4206,176,8263,1214532,1214708
4565,241,8263,1414666,1414907
9890,83,8263,686419,686502
5766,290,8264,1474214,1474504
6810,32,8264,278137,278169
2209,283,8265,1470427,1470710
7231,122,8265,941298,941420
8957,75,8265,628176,628251
1731,111,8266,874152,874263
2283,252,8266,1434593,1434845
7749,113,8266,886620,886733
7829,42,8266,365224,365266
7536,114,8267,892815,892929
3975,251,8268,1432947,1433198
4679,215,8268,1351899,1352114
5500,86,8268,707728,707814
6002,80,8268,664799,664879
7570,196,8268,1291332,1291528
8906,126,8268,964848,964974
9363,185,8268,1250724,1250909
9700,203,8268,1315085,1315288
1079,27,8269,233193,233220
1519,20,8269,168777,168797
1714,6,8269,34850,34856
3111,215,8269,1351900,1352115
3370,121,8269,935334,935455
4819,244,8269,1420495,1420739
5842,171,8269,1193316,1193487
7643,228,8269,1386106,1386334
9033,54,8269,465135,465189
9317,282,8269,1469728,1470010
4984,100,8270,803415,803515
8610,195,8270,1287821,1288016
9949,105,8270,836016,836121
1734,269,8271,1457736,1458005
4039,265,8271,1453065,1453330
5143,96,8271,776754,776850
6472,243,8271,1418574,1418817
6821,272,8271,1460924,1461196
9067,162,8271,1152939,1153101
9456,131,8271,993470,993601
1453,98,8272,790170,790268
3665,112,8272,880411,880523
4541,266,8272,1454278,1454544
4730,220,8272,1365734,1365954
7625,28,8272,242285,242313
9266,171,8272,1193324,1193495
2673,200,8273,1305095,1305295
4851,214,8273,1349021,1349235
7897,36,8273,313441,313477
9013,31,8273,269259,269290
9268,229,8273,1388513,1388742
1234,270,8274,1458826,1459096
1844,240,8274,1412651,1412891
3839,233,8274,1397777,1398010
6137,143,8274,1058964,1059107
8659,18,8274,150102,150120
1542,210,8275,1337191,1337401
3844,25,8275,214992,215017
4365,274,8275,1462927,1463201
7165,231,8275,1393204,1393435
9860,22,8275,187368,187390
1054,177,8276,1218714,1218891
2754,51,8276,440642,440693
4358,119,8276,923344,923463
4864,152,8276,1104960,1105112
2650,181,8277,1234984,1235165
6552,192,8277,1277023,1277215
3628,247,8278,1426014,1426261
6183,103,8278,823085,823188
7245,202,8279,1311789,1311991
8839,141,8279,1048388,1048529
1286,159,8280,1138913,1139072
2225,284,8280,1471054,1471338
2479,126,8280,964874,965000
5919,183,8280,1242917,1243100
1494,75,8281,628218,628293
1993,113,8281,886652,886765
3768,32,8281,278187,278219
4357,140,8282,1043035,1043175
7013,82,8282,679276,679358
5816,74,8283,620795,620869
8172,55,8283,473276,473331
1501,229,8284,1388511,1388740
2326,150,8284,1094947,1095097
4575,283,8284,1470411,1470694
8251,39,8284,339563,339602
4114,102,8285,816577,816679
5778,151,8285,1099977,1100128
6404,260,8285,1446631,1446891
9472,32,8285,278196,278228
5060,51,8286,440658,440709
7809,103,8286,823092,823195
5544,259,8287,1445253,1445512
5977,63,8287,536841,536904
6909,217,8287,1357527,1357744
9118,248,8287,1427789,1428037
9213,30,8287,260326,260356
3802,281,8288,1468980,1469261
9173,68,8288,575509,575577
7019,243,8289,1418569,1418812
3909,258,8290,1443814,1444072
4057,266,8290,1454267,1454533
6310,72,8290,605843,605915
7608,87,8290,714807,714894
9015,23,8290,196627,196650
1794,91,8291,742659,742750
3443,86,8291,707773,707859
4579,77,8291,642972,643049
4894,32,8291,278208,278240
5364,13,8291,102737,102750
5565,9,8291,64183,64192
6243,34,8291,295912,295946
6497,126,8291,964879,965005
9360,161,8291,1148301,1148462
9654,164,8291,1162132,1162296
1488,159,8292,1138917,1139076
2977,24,8292,205848,205872
3766,53,8292,457041,457094
3803,93,8292,756400,756493
7225,251,8292,1432939,1433190
7465,282,8292,1469709,1469991
7856,206,8292,1324776,1324982
1254,192,8293,1277025,1277217
3284,26,8293,224167,224193
4590,178,8293,1222834,1223012
4748,19,8293,159534,159553
9144,232,8293,1395504,1395736
9692,18,8293,150154,150172
2781,218,8294,1360297,1360515
3186,15,8294,121822,121837
3581,264,8294,1451814,1452078
6144,92,8294,749552,749644
8781,108,8294,855255,855363
1677,234,8295,1399999,1400233
3041,95,8295,770026,770121
3562,155,8295,1119713,1119868
3678,185,8295,1250742,1250927
4136,290,8295,1474185,1474475
6333,281,8295,1468977,1469258
8786,132,8295,999128,999260
9158,27,8295,233275,233302
2088,186,8296,1254605,1254791
4324,129,8296,982154,982283
5512,187,8296,1258444,1258631
6009,86,8296,707795,707881
8042,21,8296,178161,178182
8424,75,8296,628252,628327
8745,262,8296,1449290,1449552
8963,180,8296,1230979,1231159
6011,162,8297,1152961,1153123
6693,217,8297,1357533,1357750
2519,250,8298,1431254,1431504
4474,280,8298,1468207,1468487
7799,127,8298,970698,970825
8357,73,8298,613370,613443
9182,207,8298,1327955,1328162
5451,172,8299,1197652,1197824
5521,180,8300,1230981,1231161
9628,171,8300,1193346,1193517
6184,191,8301,1273372,1273563
7870,246,8301,1424195,1424441
8244,78,8301,650328,650406
3661,133,8302,1004738,1004871
4569,93,8302,756425,756518
9087,151,8302,1100000,1100151
2631,127,8303,970703,970830
4521,178,8303,1222844,1223022
5030,192,8303,1277029,1277221
5626,167,8303,1175700,1175867
6814,180,8303,1230983,1231163
8360,67,8303,567884,567951
8579,202,8303,1311793,1311995
1425,186,8304,1254609,1254795
2285,179,8304,1226927,1227106
3214,65,8304,552446,552511
4707,47,8304,407540,407587
5409,86,8304,707813,707899
5736,218,8304,1360297,1360515
8634,242,8304,1416639,1416881
2661,284,8305,1471032,1471316
5729,237,8305,1406454,1406691
8680,215,8305,1351910,1352125
9674,258,8305,1443809,1444067
1705,35,8306,304753,304788
2742,69,8306,583184,583253
3007,98,8306,790232,790330
3599,211,8306,1340194,1340405
4871,289,8306,1473724,1474013
6589,22,8306,187460,187482
1259,44,8308,382292,382336
3832,258,8308,1443809,1444067
6033,86,8308,707821,707907
7050,294,8308,1475584,1475878
9374,94,8308,763254,763348
9997,176,8308,1214574,1214750
1400,35,8309,304762,304797
3324,215,8309,1351912,1352127
3404,259,8309,1445244,1445503
3193,128,8310,976466,976594
8539,32,8310,278271,278303
3696,151,8311,1100013,1100164
5594,297,8311,1476310,1476607
7780,149,8311,1089938,1090087
7955,181,8311,1235003,1235184
2366,132,8312,999153,999285
3848,16,8312,131358,131374
7535,169,8312,1184592,1184761
8211,255,8312,1439321,1439576
8428,250,8312,1431251,1431501
1166,132,8313,999157,999289
5517,183,8313,1242934,1243117
5819,66,8313,560197,560263
7205,293,8313,1475270,1475563
7528,292,8313,1474941,1475233
8167,220,8313,1365736,1365956
9837,78,8313,650360,650438
3741,67,8314,567911,567978
8105,55,8314,473358,473413
8819,111,8314,874239,874350
9918,161,8315,1148335,1148496
1080,226,8316,1381213,1381439
2500,126,8316,964928,965054
2599,234,8316,1399999,1400233
4956,219,8316,1363031,1363250
5501,166,8316,1171234,1171400
6191,124,8316,953228,953352
7613,148,8316,1084857,1085005
7684,165,8316,1166713,1166878
1720,167,8317,1175717,1175884
1764,144,8318,1064250,1064394
1939,87,8318,714872,714959
2117,138,8318,1032296,1032434
3415,209,8318,1334172,1334381
4236,257,8318,1442337,1442594
4687,135,8318,1015856,1015991
1573,220,8319,1365735,1365955
5416,282,8319,1469691,1469973
8569,148,8319,1084862,1085010
2762,17,8320,140827,140844
3025,122,8320,941390,941512
8721,143,8320,1059020,1059163
3985,155,8321,1119746,1119901
5797,184,8321,1246856,1247040
5948,227,8321,1383669,1383896
6539,251,8321,1432930,1433181
7789,117,8321,911305,911422
8847,142,8321,1053763,1053905
8879,55,8321,473381,473436
9921,150,8321,1094998,1095148
3206,28,8322,242425,242453
2452,169,8323,1184599,1184768
4757,251,8323,1432930,1433181
6502,294,8323,1475572,1475866
3275,200,8324,1305112,1305312
4350,244,8324,1420483,1420727
6022,101,8324,810101,810202
8543,195,8324,1287844,1288039
2717,227,8325,1383671,1383898
3164,29,8325,251445,251474
3479,156,8325,1124612,1124768
4126,148,8325,1084871,1085019
5346,217,8325,1357537,1357754
5397,40,8325,348271,348311
5631,18,8325,150256,150274
9075,248,8325,1427780,1428028
3330,260,8326,1446608,1446868
3363,273,8326,1461903,1462176
6218,154,8326,1114875,1115029
3685,116,8327,905223,905339
7223,245,8327,1422357,1422602
9139,126,8327,964955,965081
1609,2,8328,2501,2503
3212,201,8328,1308474,1308675
5587,87,8328,714899,714986
6344,284,8328,1471017,1471301
6732,72,8328,605946,606018
8936,181,8328,1235017,1235198
8942,215,8328,1351920,1352135
2072,244,8329,1420485,1420729
3935,165,8329,1166727,1166892
7291,285,8329,1471639,1471924
7945,96,8329,776872,776968
8236,153,8329,1109970,1110123
1422,269,8330,1457700,1457969
1877,227,8330,1383676,1383903
3253,241,8330,1414659,1414900
4615,227,8330,1383679,1383906
7567,84,8330,693703,693787
1311,13,8331,102875,102888
2121,253,8331,1436163,1436416
3243,203,8331,1315114,1315317
3329,119,8331,923441,923560
3979,249,8331,1429519,1429768
7451,241,8331,1414662,1414903
8806,215,8331,1351928,1352143
9910,132,8331,999200,999332
3564,261,8332,1447947,1448208
7120,272,8332,1460884,1461156
8208,59,8332,505456,505515
8566,177,8332,1218763,1218940
1382,86,8333,707888,707974
2160,231,8333,1393203,1393434
2889,196,8333,1291372,1291568
3530,203,8335,1315118,1315321
4481,278,8335,1466536,1466814
5314,106,8335,842573,842679
5315,196,8335,1291374,1291570
8015,44,8335,382374,382418
7078,171,8336,1193385,1193556
7537,51,8336,440800,440851
8460,206,8336,1324798,1325004
1807,45,8337,390829,390874
4190,180,8337,1231017,1231197
5638,248,8337,1427780,1428028
2559,113,8338,886756,886869
2597,147,8338,1079780,1079927
8306,159,8338,1138982,1139141
8405,239,8338,1410612,1410851
1323,7,8339,44862,44869
1695,289,8339,1473698,1473987
1895,5,8339,25231,25236
3619,32,8339,278356,278388
3970,66,8339,560267,560333
8907,23,8339,196784,196807
7580,125,8340,959146,959271
7953,298,8340,1476455,1476753
2588,73,8341,613469,613542
5322,248,8342,1427779,1428027
6463,283,8342,1470367,1470650
1347,197,8343,1294877,1295074
2034,288,8343,1473225,1473513
2792,91,8343,742777,742868
3270,113,8343,886763,886876
7810,211,8343,1340210,1340421
8967,111,8343,874300,874411
8991,178,8343,1222885,1223063
9523,94,8343,763332,763426
1642,159,8344,1138987,1139146
5895,154,8344,1114899,1115053
6430,291,8344,1474544,1474835
6461,209,8344,1334187,1334396
6629,155,8344,1119782,1119937
7190,91,8344,742788,742879
9010,60,8344,513403,513463
9090,103,8344,823212,823315
1066,86,8345,707912,707998
1450,251,8345,1432925,1433176
2911,226,8345,1381222,1381448
2927,5,8345,25254,25259
3232,15,8345,121987,122002
3304,132,8345,999218,999350
4211,102,8345,816702,816804
4441,23,8345,196806,196829
4583,37,8345,322371,322408
5154,258,8345,1443794,1444052
5199,75,8345,628375,628450
6318,284,8345,1471007,1471291
7642,115,8345,899137,899252
8927,170,8345,1189025,1189195
8599,101,8346,810154,810255
9297,239,8346,1410615,1410854
6226,69,8347,583291,583360
7241,207,8347,1327976,1328183
1278,222,8348,1371024,1371246
5355,238,8348,1408550,1408788
7126,184,8348,1246885,1247069
2045,265,8349,1453021,1453286
2932,210,8349,1337214,1337424
4720,275,8349,1463828,1464103
5470,72,8349,606004,606076
1272,235,8350,1402186,1402421
4432,148,8350,1084912,1085060
6425,300,8350,1476704,1477004
6855,85,8350,700848,700933
8240,253,8350,1436159,1436412
6849,124,8351,953294,953418
2264,184,8352,1246889,1247073
3032,178,8352,1222896,1223074
9983,63,8352,537019,537082
2263,186,8353,1254647,1254833
2407,44,8353,382422,382466
6159,8,8353,54667,54675
8947,188,8353,1262267,1262455
1481,86,8354,707931,708017
3127,151,8354,1100074,1100225
4268,168,8354,1180213,1180381
7653,61,8354,521339,521400
7690,239,8354,1410613,1410852
7874,9,8354,64394,64403
8755,62,8354,529198,529260
2208,148,8355,1084918,1085066
6456,136,8355,1021425,1021561
7505,279,8355,1467360,1467639
7560,115,8355,899153,899268
7701,132,8355,999235,999367
1067,94,8356,763361,763455
1535,57,8356,489564,489621
5678,119,8356,923481,923600
7398,3,8356,5453,5456
9812,223,8356,1373611,1373834
1621,285,8357,1471618,1471903
3795,254,8357,1437754,1438008
4384,102,8357,816725,816827
5114,93,8357,756551,756644
7523,26,8357,224366,224392
8492,129,8357,982259,982388
8605,225,8357,1378717,1378942
8874,7,8357,44931,44938
9603,291,8357,1474534,1474825
3746,80,8358,665014,665094
5279,259,8358,1445222,1445481
3089,257,8359,1442322,1442579
5145,282,8359,1469665,1469947
5220,201,8359,1308498,1308699
9167,62,8359,529215,529277
1918,258,8360,1443790,1444048
2623,8,8360,54694,54702
3600,251,8360,1432926,1433177
8663,93,8360,756559,756652
6883,47,8361,407698,407745
1165,52,8362,449076,449128
1514,119,8362,923489,923608
3810,239,8362,1410616,1410855
6127,131,8362,993608,993739
1082,38,8363,331120,331158
1303,45,8363,390902,390947
2437,17,8363,140962,140979
8416,229,8363,1388518,1388747
9703,84,8363,693775,693859
1123,37,8364,322422,322459
4352,213,8364,1346140,1346353
7152,142,8364,1053823,1053965
5294,300,8365,1476691,1476991
5624,133,8365,1004835,1004968
8564,135,8365,1015924,1016059
1377,46,8366,399323,399369
1595,91,8366,742829,742920
5897,138,8366,1032364,1032502
7209,200,8366,1305140,1305340
7425,247,8366,1425995,1426242
7455,67,8366,568042,568109
2119,80,8367,665028,665108
2840,134,8367,1010397,1010531
3738,132,8367,999247,999379
4870,59,8367,505542,505601
7737,136,8367,1021435,1021571
9670,161,8367,1148389,1148550
9715,236,8367,1404341,1404577
1667,291,8368,1474526,1474817
1872,34,8368,296144,296178
2246,232,8368,1395507,1395739
2784,153,8368,1110013,1110166
5944,208,8368,1331115,1331323
8590,49,8368,424383,424432
9864,102,8368,816746,816848
1025,296,8369,1476036,1476332
1627,185,8369,1250795,1250980
1871,272,8369,1460865,1461137
2748,170,8369,1189044,1189214
3098,39,8369,339810,339849
4633,151,8369,1100091,1100242
7794,298,8369,1476430,1476728
1269,62,8370,529241,529303
3830,197,8370,1294896,1295093
9874,61,8370,521385,521446
3631,172,8371,1197717,1197889
2473,172,8372,1197718,1197890
2640,175,8372,1210446,1210621
9559,280,8372,1468159,1468439
2255,285,8373,1471609,1471894
5618,64,8373,544858,544922
4742,261,8374,1447929,1448190
6441,42,8374,365523,365565
8179,65,8374,552620,552685
3473,131,8375,993628,993759
6798,179,8375,1226983,1227162
4502,251,8376,1432920,1433171
4986,279,8376,1467350,1467629
5233,113,8376,886822,886935
5523,121,8376,935516,935637
7857,188,8376,1262278,1262466
8332,227,8376,1383685,1383912
9219,173,8376,1201999,1202172
9521,82,8376,679489,679571
9713,113,8376,886828,886941
3393,162,8377,1153047,1153209
4241,297,8377,1476250,1476547
5142,75,8377,628445,628520
7421,133,8377,1004858,1004991
1979,173,8379,1201999,1202172
2670,47,8379,407744,407791
7185,218,8379,1360317,1360535
1194,199,8380,1301759,1301958
7712,282,8380,1469652,1469934
6122,71,8381,598519,598590
2200,276,8382,1464749,1465025
1100,202,8383,1311828,1312030
1803,264,8383,1451768,1452032
9115,296,8383,1476026,1476322
8060,260,8384,1446586,1446846
9441,214,8384,1349048,1349262
1913,210,8385,1337221,1337431
6583,161,8385,1148408,1148569
7350,84,8385,693812,693896
3014,146,8386,1074701,1074847
8183,261,8386,1447925,1448186
9990,262,8386,1449243,1449505
5507,200,8387,1305147,1305347
6860,174,8387,1206254,1206428
5524,214,8388,1349048,1349262
6435,146,8388,1074706,1074852
1387,180,8389,1231046,1231226
5671,59,8389,505584,505643
6498,294,8389,1475515,1475809
9403,11,8389,83825,83836
4946,286,8390,1472166,1472452
5417,87,8390,715017,715104
6061,213,8390,1346143,1346356
6676,194,8391,1284318,1284512
7623,78,8391,650524,650602
9198,227,8391,1383682,1383909
9748,77,8391,643199,643276
1238,51,8392,440930,440981
2417,132,8392,999278,999410
3082,48,8392,416124,416172
7647,14,8392,112601,112615
2546,297,8393,1476236,1476533
3469,86,8393,707996,708082
4259,291,8393,1474509,1474800
7083,167,8393,1175787,1175954
9365,41,8393,357011,357052
9911,204,8393,1318404,1318608
1147,152,8394,1105086,1105238
4874,171,8394,1193428,1193599
5029,61,8394,521424,521485
6572,185,8394,1250805,1250990
3158,281,8395,1468911,1469192
5065,202,8395,1311834,1312036
1211,253,8396,1436145,1436398
1566,95,8396,770218,770313
3288,119,8396,923537,923656
1439,279,8397,1467339,1467618
6196,87,8397,715029,715116
7924,232,8397,1395503,1395735
2350,38,8398,331201,331239
3699,24,8398,206148,206172
4982,57,8398,489650,489707
7991,237,8398,1406448,1406685
9372,8,8398,54789,54797
9438,98,8398,790398,790496
2698,5,8399,25402,25407
5637,259,8399,1445207,1445466
7227,38,8399,331206,331244
6190,109,8400,861774,861883
3980,59,8401,505604,505663
4311,257,8401,1442308,1442565
4671,258,8401,1443775,1444033
7323,10,8401,74202,74212
9055,64,8401,544902,544966
1431,196,8402,1291399,1291595
3822,219,8402,1363043,1363262
7456,47,8402,407784,407831
7545,208,8402,1331119,1331327
2222,118,8403,917504,917622
4726,153,8403,1110042,1110195
5320,124,8403,953356,953480
9049,232,8403,1395503,1395735
2549,285,8404,1471586,1471871
6139,276,8404,1464737,1465013
4041,293,8405,1475190,1475483
7409,28,8405,242642,242670
9410,41,8405,357034,357075
1690,286,8406,1472155,1472441
1726,60,8406,513530,513590
4170,198,8406,1298351,1298549
5864,269,8406,1457662,1457931
1534,118,8407,917511,917629
3728,244,8407,1420473,1420717
4267,82,8407,679529,679611
3906,248,8408,1427767,1428015
4695,180,8408,1231059,1231239
6568,138,8408,1032408,1032546
7519,293,8408,1475189,1475482
9518,35,8408,305022,305057
9833,79,8408,657830,657909
9952,228,8408,1386111,1386339
2904,12,8409,93497,93509
5858,31,8409,269619,269650
7286,64,8409,544918,544982
1441,209,8410,1334202,1334411
2109,54,8410,465471,465525
2576,74,8410,621063,621137
2963,58,8410,497671,497729
4877,90,8410,735974,736064
5254,235,8410,1402180,1402415
7333,60,8410,513544,513604
2071,131,8411,993664,993795
3066,257,8411,1442307,1442564
3117,300,8411,1476647,1476947
4014,49,8411,424468,424517
6646,73,8411,613608,613681
9117,56,8411,481661,481717
2007,190,8412,1269738,1269928
2482,299,8412,1476530,1476829
3778,160,8412,1143746,1143906
6185,97,8412,783736,783833
6596,226,8412,1381227,1381453
7407,74,8412,621073,621147
8735,66,8412,560417,560483
1218,128,8413,976614,976742
1975,211,8413,1340225,1340436
3941,123,8413,947459,947582
5232,96,8413,777010,777106
9933,46,8413,399438,399484
2050,99,8414,797046,797145
6437,30,8414,260680,260710
8611,207,8414,1327994,1328201
8617,92,8414,749780,749872
3959,166,8415,1171319,1171485
4763,30,8415,260684,260714
4808,32,8415,278558,278590
8614,269,8415,1457658,1457927
1049,235,8416,1402180,1402415
1788,147,8416,1079857,1080004
1878,176,8416,1214651,1214827
4024,4,8416,15575,15579
4907,277,8416,1465628,1465905
6293,169,8416,1184683,1184852
2335,256,8417,1440802,1441058
4435,188,8417,1262299,1262487
7666,9,8417,64568,64577
8445,246,8417,1424173,1424419
1317,77,8418,643247,643324
6351,280,8418,1468130,1468410
2102,233,8419,1397768,1398001
2149,93,8419,756644,756737
3912,229,8419,1388517,1388746
4266,266,8419,1454199,1454465
8421,280,8419,1468131,1468411
9062,15,8419,122191,122206
9283,195,8419,1287900,1288095
9470,158,8419,1134304,1134462
2638,205,8420,1321627,1321832
3506,293,8420,1475181,1475474
3667,156,8420,1124711,1124867
5246,86,8420,708050,708136
5767,134,8420,1010462,1010596
3132,153,8421,1110067,1110220
6353,114,8421,893071,893185
7866,279,8421,1467326,1467605
8334,7,8421,45109,45116
9350,214,8421,1349058,1349272
1868,211,8422,1340231,1340442
4344,278,8422,1466488,1466766
4520,212,8422,1343206,1343418
5419,112,8422,880663,880775
8113,231,8422,1393204,1393435
1244,185,8423,1250830,1251015
1344,177,8423,1218827,1219004
4723,288,8423,1473164,1473452
7202,33,8423,287456,287489
1409,15,8424,122208,122223
9179,275,8424,1463791,1464066
9946,240,8424,1412631,1412871
1384,83,8425,686753,686836
2015,6,8425,35332,35338
2157,62,8425,529350,529412
4287,277,8425,1465627,1465904
6123,234,8425,1400000,1400234
7301,57,8425,489723,489780
8192,57,8425,489725,489782
3905,17,8426,141133,141150
6459,19,8426,159919,159938
7986,35,8426,305081,305116
8657,272,8426,1460840,1461112
8860,45,8426,391058,391103
3629,65,8427,552723,552788
4827,232,8427,1395511,1395743
8149,76,8427,635916,635992
9634,155,8427,1119863,1120018
9959,110,8427,868136,868246
2073,237,8428,1406449,1406686
4652,157,8428,1129526,1129683
5163,123,8428,947487,947610
6356,157,8428,1129528,1129685
7504,46,8428,399482,399528
8514,68,8428,575831,575899
1295,75,8429,628538,628613
2592,96,8429,777043,777139
7553,94,8429,763480,763574
3207,160,8430,1143766,1143926
3663,152,8431,1105128,1105280
4149,270,8431,1458739,1459009
5264,12,8432,93578,93590
5456,247,8432,1425982,1426229
7592,144,8432,1064389,1064533
2991,1,8433,2822,2823
4245,80,8433,665145,665225
4278,20,8433,169253,169273
4501,138,8433,1032442,1032580
1343,66,8434,560465,560531
1823,296,8434,1475980,1476276
5550,88,8434,722092,722180
5725,129,8434,982353,982482
6464,143,8434,1059156,1059299
7294,294,8434,1475476,1475770
8799,142,8434,1053900,1054042
8830,27,8434,233666,233693
1449,181,8435,1235085,1235266
1837,109,8435,861833,861942
8443,40,8435,348559,348599
2024,20,8436,169264,169284
6099,281,8436,1468882,1469163
6866,44,8436,382628,382672
8726,158,8436,1134314,1134472
9338,96,8436,777053,777149
2144,131,8437,993702,993833
2896,105,8437,836296,836401
2974,47,8437,407879,407926
4223,167,8437,1175819,1175986
1553,205,8438,1321631,1321836
2918,2,8438,2842,2844
4292,283,8438,1470300,1470583
4380,54,8438,465551,465605
4510,268,8438,1456534,1456802
5911,107,8438,849122,849229
6698,82,8438,679597,679679
7477,191,8438,1273447,1273638
8336,193,8438,1280736,1280929
8584,228,8438,1386116,1386344
9776,147,8438,1079889,1080036
2061,87,8439,715110,715197
3559,255,8439,1439280,1439535
6734,139,8439,1037856,1037995
7207,68,8439,575858,575926
7698,77,8439,643301,643378
1022,234,8440,1399997,1400231
1888,40,8440,348580,348620
4592,138,8440,1032455,1032593
3836,160,8441,1143772,1143932
1748,110,8442,868155,868265
2506,257,8442,1442298,1442555
2950,89,8442,729097,729186
7778,274,8442,1462829,1463103
7909,112,8442,880690,880802
4900,170,8443,1189094,1189264
5605,43,8443,374191,374234
2351,279,8444,1467310,1467589
5102,70,8444,591077,591147
3364,187,8445,1258525,1258712
5746,119,8446,923601,923720
6836,25,8446,215469,215494
7844,287,8446,1472653,1472940
8503,108,8446,855512,855620
9205,22,8446,187853,187875
2290,44,8447,391107,391151
7509,256,8447,1442299,1442555
8365,137,8447,1032459,1032596
9025,197,8447,1298368,1298565
2993,222,8448,1373620,1373842
3964,148,8448,1090086,1090234
7041,19,8448,169303,169322
9084,37,8448,331342,331379
9855,195,8448,1291421,1291616
8809,50,8449,441069,441119
4702,94,8450,770306,770400
7336,195,8450,1291421,1291616
9961,145,8450,1074767,1074912
1200,37,8451,331346,331383
5180,57,8451,497770,497827
5272,60,8451,521547,521607
5597,69,8451,591086,591155
7008,60,8451,521550,521610
7420,283,8451,1470929,1471212
2416,4,8452,25572,25576
3508,120,8452,935607,935727
6773,160,8452,1148454,1148614
9688,201,8452,1311851,1312052
2776,242,8453,1418540,1418782
4443,259,8453,1446558,1446817
4492,181,8453,1239068,1239249
3553,157,8454,1134326,1134483
5415,118,8454,923613,923731
6072,280,8454,1468870,1469150
6481,218,8454,1363051,1363269
7841,103,8454,829866,829969
8437,246,8454,1425977,1426223
9554,52,8454,457448,457500
1531,52,8455,457449,457501
1569,280,8455,1468871,1469151
2114,167,8455,1180283,1180450
2357,260,8455,1447898,1448158
5592,205,8455,1324831,1325036
7136,57,8455,497788,497845
8482,296,8455,1476179,1476475
2025,99,8456,803739,803838
3116,280,8456,1468873,1469153
4878,230,8456,1393204,1393434
4077,144,8457,1069608,1069752
6112,165,8457,1171353,1171518
3849,173,8458,1206299,1206472
3971,1,8458,5754,5755
5668,179,8458,1231090,1231269
7959,73,8458,621172,621245
1492,149,8459,1095143,1095292
3797,137,8459,1032477,1032614
6442,297,8459,1476345,1476642
6825,187,8459,1262319,1262506
7586,122,8459,947527,947649
8513,273,8459,1462823,1463096
2306,102,8460,823392,823494
3233,203,8460,1318425,1318628
3574,52,8460,457468,457520
3855,10,8460,84044,84054
5303,198,8460,1301789,1301987
5735,112,8460,886943,887055
6034,128,8460,982392,982520
6636,22,8460,197128,197150
6887,102,8460,823398,823500
2439,123,8461,953438,953561
2874,288,8461,1473601,1473889
3140,86,8461,715155,715241
4198,258,8461,1445187,1445445
5726,71,8461,606232,606303
9798,29,8461,260824,260853
2854,166,8462,1175840,1176006
5268,44,8462,391156,391200
5878,97,8462,790510,790607
7939,163,8463,1162290,1162453
9707,260,8463,1447897,1448157
1657,160,8464,1148471,1148631
5598,28,8464,251836,251864
6138,116,8464,911519,911635
6360,6,8464,45246,45252
6440,7,8464,55002,55009
6665,181,8464,1239076,1239257
6685,22,8464,197142,197164
8964,62,8464,537260,537322
9550,194,8464,1287914,1288108
9773,140,8464,1048613,1048753
1636,217,8465,1360324,1360541
3234,259,8465,1446557,1446816
6394,296,8465,1476172,1476468
7481,122,8465,947540,947662
9178,116,8465,911527,911643
2198,66,8466,568251,568317
3637,80,8466,672456,672536
3781,95,8466,777114,777209
8548,22,8466,197153,197175
1698,74,8467,628619,628693
3724,169,8467,1189110,1189279
5338,72,8467,613738,613810
5341,73,8467,621199,621272
5358,88,8467,729148,729236
2251,113,8468,893139,893252
2274,218,8468,1363052,1363270
4549,289,8468,1474043,1474332
4893,230,8468,1393202,1393432
6405,111,8468,880734,880845
7048,248,8468,1429486,1429734
7097,63,8468,545071,545134
7254,46,8468,407973,408019
7679,153,8468,1115017,1115170
9743,270,8468,1459778,1460048
3094,217,8469,1360329,1360546
4316,82,8469,686845,686927
5195,158,8469,1139098,1139256
6371,59,8469,513703,513762
7035,10,8469,84089,84099
8811,227,8469,1386116,1386343
9954,24,8469,215556,215580
2206,112,8470,886963,887075
2793,157,8470,1134350,1134507
4734,162,8470,1157731,1157893
5164,195,8470,1291433,1291628
5871,291,8470,1474807,1475098
6653,232,8470,1397766,1397998
7382,265,8470,1454180,1454445
7527,51,8470,449352,449403
8247,82,8471,686854,686936
8317,258,8471,1445186,1445444
9629,121,8471,941615,941736
9639,185,8471,1254710,1254895
4183,64,8472,552842,552906
6030,79,8472,665241,665320
9544,265,8472,1454180,1454445
2089,248,8473,1429488,1429736
3569,51,8473,449359,449410
4849,3,8473,15780,15783
4911,83,8473,693986,694069
6046,279,8473,1468097,1468376
2474,275,8474,1464700,1464975
4850,125,8474,965158,965283
7375,80,8474,672482,672562
8919,171,8474,1197790,1197961
2020,177,8475,1222970,1223147
2185,208,8475,1334221,1334429
4283,116,8475,911546,911662
7371,200,8475,1308535,1308735
7471,26,8475,233803,233829
4654,87,8476,722186,722273
5340,29,8476,260878,260907
6675,177,8476,1222973,1223150
3021,183,8477,1246956,1247139
3056,245,8477,1424164,1424409
4257,193,8477,1284360,1284553
4926,93,8477,763577,763670
6236,38,8477,340101,340139
3896,100,8478,810371,810471
4016,138,8478,1037904,1038042
4092,237,8478,1408533,1408770
7283,22,8478,197203,197225
8188,45,8478,399627,399672
9754,222,8478,1373624,1373846
9457,5,8479,35524,35529
1898,94,8480,770375,770469
2864,264,8480,1452962,1453226
3402,34,8481,305246,305280
4902,154,8481,1119912,1120066
5153,292,8481,1475128,1475420
7415,144,8481,1069641,1069785
8412,63,8481,545106,545169
9011,34,8481,305252,305286
1508,149,8482,1095173,1095322
3711,280,8482,1468855,1469135
4995,15,8482,131876,131891
7327,60,8482,521643,521703
8465,75,8482,636041,636116
8766,123,8482,953471,953594
9657,118,8482,923666,923784
1077,188,8483,1266063,1266251
3395,143,8483,1064447,1064590
7707,93,8483,763588,763681
1167,203,8484,1318431,1318634
2815,251,8484,1434525,1434776
4440,84,8484,701101,701185
5353,114,8484,899343,899457
7195,78,8484,658003,658081
3309,139,8485,1043285,1043424
3490,16,8485,141332,141348
9822,108,8485,861921,862029
2305,29,8486,260905,260934
6879,259,8486,1446549,1446808
7379,239,8486,1412619,1412858
7428,280,8486,1468853,1469133
7723,161,8486,1153133,1153294
9386,159,8486,1143815,1143974
4100,207,8487,1331140,1331347
4137,65,8487,560605,560670
7498,238,8487,1410596,1410834
9089,80,8487,672511,672591
9869,15,8487,131898,131913
4680,6,8488,45340,45346
5068,18,8488,160125,160143
6251,234,8488,1402175,1402409
7226,267,8488,1456507,1456774
7255,236,8488,1406442,1406678
8326,12,8488,103360,103372
8728,295,8488,1475932,1476227
6762,88,8489,729196,729284
7014,175,8489,1214702,1214877
7714,126,8489,970973,971099
7773,299,8489,1476572,1476871
9866,181,8489,1239097,1239278
2532,146,8490,1079946,1080092
4731,120,8490,935677,935797
5466,222,8490,1373627,1373849
9440,294,8490,1475693,1475987
2715,122,8491,947580,947702
5642,96,8491,783889,783985
5847,69,8491,591201,591270
7739,91,8491,749939,750030
1635,181,8492,1239098,1239279
2644,250,8492,1432892,1433142
2651,95,8492,777168,777263
4234,272,8492,1461814,1462086
6624,94,8492,770405,770499
7094,141,8492,1053972,1054113
2219,42,8493,374343,374385
4852,270,8493,1459765,1460035
8666,139,8493,1043301,1043440
9098,161,8493,1153143,1153304
3662,82,8494,686907,686989
5367,298,8494,1476452,1476750
6269,245,8494,1424163,1424408
6413,144,8494,1069659,1069803
6683,180,8494,1235124,1235304
1658,39,8495,348745,348784
1859,107,8495,855608,855715
2515,192,8495,1280762,1280954
3381,168,8495,1184744,1184912
7548,60,8495,521688,521748
8965,276,8495,1465584,1465860
1921,280,8496,1468849,1469129
3353,40,8496,357311,357351
4015,254,8496,1439267,1439521
6591,222,8496,1373632,1373854
8036,37,8496,331505,331542
2163,102,8497,823471,823573
2287,211,8497,1343220,1343431
9310,245,8497,1424165,1424410
9650,277,8497,1466442,1466719
2433,245,8498,1424167,1424412
3084,275,8498,1464688,1464963
8462,219,8498,1365767,1365986
3706,59,8499,513788,513847
3752,211,8499,1343225,1343436
6981,271,8499,1460802,1461073
8500,169,8499,1189147,1189316
1196,108,8500,861954,862062
6609,144,8500,1069671,1069815
7689,212,8500,1346169,1346381
8182,229,8500,1390884,1391113
9543,209,8500,1337255,1337464
1133,253,8501,1437718,1437971
1150,96,8501,783915,784011
1214,300,8501,1476634,1476934
1289,255,8501,1440782,1441037
2459,80,8501,672555,672635
4704,134,8501,1016104,1016238
4923,230,8501,1393213,1393443
5818,155,8501,1124799,1124954
6013,29,8501,260968,260997
6192,144,8501,1069680,1069824
9619,289,8501,1474019,1474308
5984,274,8502,1463748,1464022
6290,299,8502,1476562,1476861
6305,143,8502,1064486,1064629
7636,99,8502,803848,803947
8587,104,8502,836432,836536
2743,182,8503,1243060,1243242
6563,157,8503,1134396,1134553
6620,12,8503,103421,103433
6692,18,8503,160189,160207
8731,286,8503,1472613,1472899
8943,21,8503,188062,188083
6908,282,8504,1470254,1470536
7292,35,8504,314094,314129
2505,7,8505,55163,55170
3223,145,8505,1074846,1074991
4442,103,8505,829978,830081
4796,196,8505,1294955,1295151
6718,252,8505,1436125,1436377
5687,140,8506,1048681,1048821
6846,85,8506,708245,708330
1126,205,8507,1324857,1325062
3607,87,8507,722265,722352
4969,253,8507,1437721,1437974
6674,168,8507,1184764,1184932
7612,280,8507,1468845,1469125
8738,237,8507,1408542,1408779
1366,263,8508,1451721,1451984
3011,138,8508,1037960,1038098
4370,156,8508,1129614,1129770
7302,118,8508,923724,923842
7700,240,8508,1414643,1414883
9333,213,8508,1349083,1349296
6114,1,8509,5959,5960
7492,44,8509,391309,391353
7843,113,8509,893229,893342
8488,175,8509,1214730,1214905
9522,77,8509,650802,650879
1587,15,8510,131982,131997
1774,188,8510,1266091,1266279
4176,184,8510,1250883,1251067
5159,94,8510,770457,770551
5406,144,8510,1069695,1069839
8979,134,8510,1016126,1016260
9228,272,8510,1461810,1462082
9254,126,8510,971024,971150
3871,219,8511,1365774,1365993
4593,38,8511,340212,340250
7511,132,8511,1005043,1005175
9793,175,8511,1214734,1214909
4265,87,8512,722284,722371
4653,75,8512,636136,636211
5759,297,8512,1476298,1476595
5856,212,8512,1346179,1346391
6918,170,8512,1193528,1193698
7311,234,8512,1402187,1402421
7946,79,8512,665357,665436
8123,156,8512,1129624,1129780
8290,219,8512,1365777,1365996
1950,42,8513,374417,374459
8138,288,8513,1473563,1473851
3224,215,8514,1354793,1355008
8692,241,8514,1416617,1416858
9078,144,8514,1069705,1069849
3773,77,8515,650820,650897
3777,124,8515,959407,959531
4825,83,8515,694100,694183
7096,191,8515,1277152,1277343
8155,91,8515,750010,750101
4990,226,8516,1383701,1383927
6364,245,8516,1424168,1424413
8143,243,8516,1420464,1420707
9423,259,8516,1446545,1446804
9766,211,8516,1343242,1343453
2618,211,8517,1343243,1343454
4426,281,8517,1469554,1469835
4913,207,8517,1331172,1331379
6110,143,8517,1064515,1064658
3535,167,8518,1180358,1180525
6542,300,8518,1476619,1476919
1842,209,8519,1337271,1337480
3060,236,8519,1406452,1406688
3145,31,8519,278894,278925
4273,183,8519,1247000,1247183
5006,294,8519,1475671,1475965
6335,38,8519,340242,340280
9290,128,8519,982502,982630
4627,23,8520,206551,206574
6436,195,8520,1291474,1291669
6786,279,8520,1468071,1468350
7999,296,8520,1476125,1476421
8136,19,8520,169567,169586
9236,207,8520,1331177,1331384
5058,209,8521,1337275,1337484
6358,140,8521,1048715,1048855
8297,169,8521,1189182,1189351
1550,292,8522,1475099,1475391
2429,242,8522,1418545,1418787
3306,170,8522,1193546,1193716
3995,141,8522,1054037,1054178
4673,155,8522,1124837,1124992
6092,297,8522,1476291,1476588
7786,163,8522,1162371,1162534
1059,45,8523,399769,399814
3106,46,8523,408148,408194
4423,13,8523,113052,113065
5791,214,8523,1351971,1352185
9724,173,8523,1206374,1206547
1459,28,8524,252053,252081
2059,287,8524,1473089,1473376
2354,239,8524,1412630,1412869
6332,25,8524,224878,224903
7976,26,8524,233974,234000
9346,47,8524,416505,416552
1523,271,8525,1460796,1461067
2694,135,8525,1021666,1021801
5266,284,8525,1471501,1471785
6312,267,8525,1456503,1456770
6389,153,8525,1115109,1115262
7106,13,8525,113065,113078
7180,158,8525,1139181,1139339
8904,90,8525,743163,743253
3925,288,8526,1473557,1473845
3262,168,8527,1184797,1184965
5171,272,8527,1461807,1462079
5720,184,8527,1250906,1251090
9199,12,8527,103514,103526
6349,113,8528,893278,893391
3705,205,8529,1324879,1325084
4545,123,8529,953575,953698
5693,23,8529,206582,206605
6017,158,8529,1139184,1139342
6088,202,8529,1315204,1315406
2750,114,8530,899450,899564
3029,261,8530,1449193,1449454
3046,257,8530,1443743,1444000
3204,129,8530,988203,988332
4326,291,8530,1474762,1475053
4401,161,8530,1153205,1153366
4948,276,8530,1465572,1465848
7507,240,8530,1414648,1414888
8698,47,8530,416525,416572
2587,7,8531,55265,55272
7250,99,8531,803922,804021
9545,12,8531,103528,103540
2962,274,8532,1463738,1464012
3421,255,8532,1440782,1441037
3747,259,8532,1446548,1446807
3894,128,8532,982532,982660
9526,148,8532,1090215,1090363
1536,260,8533,1447881,1448141
5486,121,8533,941745,941866
6086,107,8533,855709,855816
6227,156,8533,1129660,1129816
2603,219,8534,1365788,1366007
4674,213,8534,1349098,1349311
1796,94,8535,770522,770616
3003,36,8535,322926,322962
5975,256,8535,1442284,1442540
9985,182,8535,1243097,1243279
1826,129,8536,988213,988342
2753,202,8536,1315211,1315413
3235,131,8536,999504,999635
3568,54,8536,473950,474004
6045,98,8536,797313,797411
1625,154,8537,1120001,1120155
4382,122,8537,947687,947809
5312,95,8537,777290,777385
6545,139,8537,1043391,1043530
7182,96,8537,784014,784110
9477,175,8537,1214764,1214939
2683,26,8538,234015,234041
5747,120,8538,935789,935909
7215,146,8538,1080028,1080174
1048,39,8539,348888,348927
2141,186,8539,1258598,1258784
2281,1,8539,6072,6073
3023,94,8539,770535,770629
6038,293,8539,1475388,1475681
7819,209,8539,1337283,1337492
8742,84,8539,701260,701344
1583,26,8540,234023,234049
2233,25,8540,224928,224953
4012,140,8540,1048745,1048885
3331,176,8541,1218920,1219096
3588,231,8541,1395520,1395751
3655,175,8541,1214767,1214942
5396,147,8541,1085140,1085287
6418,269,8541,1458693,1458962
1861,192,8542,1280806,1280998
3776,164,8542,1166933,1167097
9611,62,8542,537496,537558
3124,66,8543,568476,568542
2227,242,8544,1418543,1418785
3719,118,8544,923802,923920
6328,254,8544,1439261,1439515
6746,259,8544,1446541,1446800
9484,117,8544,917768,917885
2332,20,8545,178930,178950
3433,71,8545,606468,606539
7346,7,8545,55309,55316
8865,150,8545,1100296,1100446
2845,243,8546,1420463,1420706
4332,78,8546,658175,658253
4548,122,8546,947699,947821
5792,210,8546,1340275,1340485
7107,145,8546,1074912,1075057
8196,4,8546,25932,25936
4125,20,8547,178937,178957
6715,3,8548,16049,16052
7822,146,8548,1080036,1080182
1479,187,8549,1262384,1262571
1552,41,8549,366011,366052
4060,43,8549,382967,383010
4935,10,8549,84370,84380
7879,237,8549,1408542,1408779
1915,65,8550,560781,560846
2700,92,8550,756938,757030
5983,291,8550,1474745,1475036
2039,235,8551,1404337,1404572
2757,228,8551,1388534,1388762
3110,278,8551,1467247,1467525
6807,213,8551,1349096,1349309
6906,140,8551,1048758,1048898
8050,190,8551,1273521,1273711
8299,227,8551,1386135,1386362
2125,126,8552,971099,971225
3190,156,8552,1129672,1129828
3436,286,8552,1472578,1472864
5660,27,8552,243116,243143
1597,29,8553,261121,261150
2104,226,8553,1383709,1383935
1239,215,8554,1354802,1355017
5839,37,8554,331675,331712
6075,66,8554,568496,568562
6188,158,8554,1139204,1139362
8118,56,8554,490079,490135
1674,59,8555,513942,514001
2079,129,8555,988236,988365
2387,17,8555,150973,150990
6100,138,8555,1038036,1038174
9243,213,8555,1349098,1349311
9740,3,8555,16076,16079
3006,67,8556,576160,576227
5935,224,8556,1378741,1378965
2116,245,8557,1424159,1424404
3988,134,8557,1016200,1016334
6806,31,8557,278997,279028
7090,281,8557,1469528,1469809
7278,213,8557,1349101,1349314
2702,297,8558,1476257,1476554
5350,220,8558,1368439,1368659
6005,160,8558,1148582,1148742
6525,261,8559,1449176,1449437
6703,190,8559,1273527,1273717
3758,187,8560,1262395,1262582
4162,32,8560,287870,287902
7071,13,8560,113160,113173
3899,207,8561,1331189,1331396
5200,168,8561,1184820,1184988
6264,24,8561,215846,215870
6295,178,8561,1227120,1227298
7411,96,8561,784050,784146
7748,180,8561,1235186,1235366
9944,4,8561,25973,25977
2371,46,8562,408238,408284
3035,54,8562,474004,474058
5745,91,8562,750108,750199
5923,96,8562,784052,784148
7493,216,8562,1357587,1357803
9592,230,8562,1393215,1393445
5075,160,8563,1148588,1148748
5902,17,8563,150996,151013
6261,232,8563,1397773,1398005
8640,61,8563,529715,529776
9929,138,8563,1038049,1038187
1858,17,8564,151000,151017
4388,213,8564,1349102,1349315
7172,120,8564,935826,935946
2538,212,8565,1346195,1346407
4231,235,8565,1404331,1404566
4658,278,8565,1467238,1467516
5351,37,8565,331705,331742
7206,35,8565,314268,314303
7629,184,8565,1250926,1251110
9425,104,8565,836559,836663
2347,250,8566,1432878,1433128
4218,77,8566,650936,651013
7405,5,8566,35830,35835
7772,151,8566,1105293,1105444
3545,292,8567,1475059,1475351
4678,279,8567,1468039,1468318
6429,231,8567,1395516,1395747
6534,191,8567,1277185,1277376
8375,100,8567,810563,810663
8396,87,8567,722409,722496
8885,73,8567,621465,621538
3653,104,8568,836564,836668
5289,109,8568,868404,868513
6510,28,8568,252175,252203
7056,19,8568,169712,169731
7658,270,8568,1459732,1460002
8325,177,8568,1223057,1223234
9163,192,8568,1280818,1281010
9571,214,8568,1351978,1352192
9574,161,8568,1153238,1153399
1073,198,8569,1301854,1302052
1854,20,8569,179005,179025
3356,94,8569,770591,770685
3247,66,8570,568536,568602
2325,207,8571,1331194,1331401
4067,77,8571,650950,651027
6957,91,8571,750131,750222
7579,39,8571,348969,349008
7823,237,8571,1408534,1408771
8480,189,8571,1269839,1270028
8483,240,8571,1414632,1414872
8722,62,8571,537562,537624
4096,104,8572,836573,836677
7571,89,8572,736339,736428
9780,240,8572,1414633,1414873
1177,93,8573,763796,763889
5117,200,8573,1308592,1308792
7865,228,8573,1388532,1388760
9227,107,8573,855772,855879
1911,96,8574,784078,784174
2067,5,8574,35861,35866
2484,124,8574,959505,959629
4355,162,8574,1157847,1158009
4663,65,8574,560845,560910
5385,37,8574,331739,331776
9255,244,8574,1422314,1422558
9840,163,8574,1162415,1162578
1228,247,8575,1427729,1427976
1270,143,8575,1064592,1064735
1440,113,8575,893358,893471
2629,36,8575,323039,323075
5194,219,8575,1365786,1366005
5293,52,8575,457805,457857
1920,277,8576,1466393,1466670
1952,63,8576,545367,545430
4157,212,8576,1346202,1346414
4193,84,8576,701334,701418
5014,113,8576,893362,893475
5542,191,8576,1277193,1277384
6650,12,8576,103676,103688
8859,266,8576,1455309,1455575
1745,8,8577,65129,65137
1776,185,8577,1254791,1254976
5112,27,8577,243199,243226
6447,258,8577,1445148,1445406
6847,67,8577,576220,576287
6951,256,8577,1442260,1442516
7620,179,8577,1231198,1231377
2979,103,8578,830131,830234
3061,99,8578,804009,804108
7740,125,8578,965344,965469
7821,96,8578,784096,784192
1567,185,8579,1254793,1254978
5559,83,8579,694252,694335
5572,195,8579,1291503,1291698
6969,24,8579,215921,215945
7219,199,8579,1305240,1305439
7274,98,8579,797393,797491
7318,106,8579,849407,849513
8000,61,8579,529775,529836
8320,137,8579,1032675,1032812
8373,138,8579,1038076,1038214
8701,135,8579,1021744,1021879
9894,180,8579,1235207,1235387
1201,202,8580,1315223,1315425
1554,151,8580,1105316,1105467
2499,195,8580,1291506,1291701
4131,294,8580,1475615,1475909
7105,18,8580,160455,160473
8790,108,8580,862127,862235
2084,18,8581,160457,160475
4112,290,8581,1474354,1474644
4260,257,8581,1443717,1443974
4677,35,8581,314338,314373
5135,7,8581,55448,55455
8453,278,8582,1467227,1467505
1870,199,8583,1305243,1305442
2311,186,8583,1258630,1258816
3299,264,8583,1452918,1453182
5579,111,8583,880970,881081
6354,293,8583,1475348,1475641
7941,27,8583,243228,243255
8639,284,8583,1471455,1471739
9871,9,8583,74852,74861
1329,90,8584,743295,743385
2078,255,8584,1440759,1441014
2292,83,8584,694273,694356
6784,39,8584,349024,349063
7603,242,8584,1418534,1418776
8558,294,8584,1475613,1475907
2031,27,8585,243235,243262
2136,295,8585,1475846,1476141
7159,70,8585,599023,599093
9151,51,8585,449687,449738
9941,193,8585,1284435,1284628
3125,168,8586,1184855,1185023
4920,2,8586,6251,6253
8709,28,8586,252248,252276
2438,256,8587,1442261,1442517
3636,169,8587,1189244,1189413
3774,227,8587,1386137,1386364
8449,232,8587,1397778,1398010
1373,83,8588,694280,694363
1429,210,8588,1340292,1340502
2368,232,8588,1397779,1398011
2986,149,8589,1095326,1095475
4814,135,8589,1021762,1021897
7129,63,8589,545412,545475
7151,33,8589,296803,296836
9721,161,8589,1153267,1153428
2056,93,8590,763844,763937
4518,189,8590,1269857,1270046
7095,111,8590,880983,881094
7931,167,8590,1180434,1180601
1931,124,8591,959541,959665
2654,260,8591,1447847,1448107
3816,111,8591,880987,881098
8988,147,8591,1085204,1085351
9081,148,8591,1090285,1090433
2539,70,8592,599039,599109
4302,12,8592,103738,103750
6325,115,8592,905677,905792
8883,287,8592,1473034,1473321
2418,188,8593,1266151,1266339
5837,157,8593,1134506,1134663
6876,3,8593,16227,16230
7683,172,8593,1202183,1202355
3958,277,8594,1466385,1466662
5193,72,8594,614081,614153
6177,154,8594,1120066,1120220
1031,53,8595,466001,466054
3317,114,8595,899564,899678
5589,285,8595,1472013,1472298
6152,215,8595,1354809,1355024
9002,263,8595,1451679,1451942
9043,117,8595,917854,917971
1756,199,8596,1305250,1305449
4356,150,8596,1100361,1100511
4936,185,8596,1254810,1254995
9383,170,8596,1193612,1193782
3812,1,8597,6285,6286
4106,193,8597,1284437,1284630
4959,32,8597,288001,288033
1397,102,8598,823692,823794
7128,19,8598,169822,169841
8058,21,8598,188371,188392
8700,130,8598,993966,994096
3372,237,8599,1408533,1408770
5373,20,8599,179111,179131
5762,84,8599,701392,701476
8585,143,8599,1064629,1064772
1790,166,8600,1175987,1176153
7322,63,8600,545438,545501
8257,228,8600,1388533,1388761
8616,262,8600,1450423,1450685
9047,112,8600,887223,887335
9391,95,8600,777421,777516
9623,286,8600,1472540,1472826
1860,191,8601,1277207,1277398
5718,42,8601,374666,374708
6930,277,8601,1466382,1466659
7337,226,8601,1383711,1383937
9009,25,8601,225123,225148
9161,105,8601,843063,843168
1908,180,8602,1235225,1235405
3505,85,8602,708478,708563
3622,103,8602,830185,830288
3671,37,8602,331832,331869
4117,250,8602,1432870,1433120
8520,187,8602,1262428,1262615
8803,55,8602,482202,482257
9257,3,8602,16264,16267
3399,205,8603,1324902,1325107
3659,136,8603,1027259,1027395
1919,48,8604,425024,425072
8827,58,8604,506166,506224
1995,249,8605,1431179,1431428
4532,215,8605,1354810,1355025
1909,41,8606,366179,366220
4932,175,8606,1214821,1214996
7257,96,8606,784155,784251
8868,213,8606,1349111,1349324
9099,58,8606,506171,506229
9601,35,8606,314408,314443
9777,43,8606,383137,383180
9832,13,8606,113337,113350
1581,50,8607,441533,441583
1833,299,8607,1476460,1476759
6496,28,8607,252310,252338
6890,278,8607,1467212,1467490
7593,257,8607,1443709,1443966
9442,125,8607,965392,965517
3004,300,8608,1476531,1476831
7569,134,8608,1016281,1016415
9449,290,8608,1474334,1474624
9760,275,8608,1464626,1464901
1588,69,8609,591512,591581
2345,253,8609,1437692,1437945
2774,46,8609,408388,408434
2914,189,8609,1269867,1270056
3566,34,8609,305657,305691
7801,179,8609,1231226,1231405
8470,163,8609,1162458,1162621
9293,5,8609,36006,36011
4574,250,8610,1432871,1433121
6350,247,8610,1427729,1427976
7948,227,8610,1386139,1386366
8559,248,8610,1429461,1429709
9032,193,8610,1284448,1284641
2942,191,8611,1277218,1277409
5665,198,8611,1301876,1302074
6299,132,8611,1005207,1005339
8407,174,8611,1210649,1210823
8609,17,8611,151184,151201
2648,141,8612,1054161,1054302
2773,89,8612,736440,736529
7681,8,8612,65264,65272
8234,125,8612,965407,965532
4775,210,8613,1340297,1340507
9858,148,8613,1090314,1090462
1781,33,8614,296877,296910
4758,229,8614,1390890,1391119
7968,187,8614,1262439,1262626
2243,182,8615,1243154,1243336
3456,127,8615,976946,977073
5040,111,8615,881033,881144
6001,8,8615,65272,65280
1310,119,8616,929932,930051
5148,283,8616,1470809,1471092
5628,176,8616,1218987,1219163
6215,164,8616,1167008,1167172
7733,249,8616,1431179,1431428
8740,135,8616,1021803,1021938
9448,9,8616,74963,74972
3028,119,8617,929938,930057
3396,230,8617,1393216,1393446
4379,292,8617,1475017,1475309
4594,129,8617,988341,988470
1516,117,8618,917896,918013
1813,228,8618,1388537,1388765
2419,244,8618,1422311,1422555
3769,288,8618,1473481,1473769
4906,155,8618,1124950,1125105
4937,199,8618,1305261,1305460
5383,64,8618,553240,553304
5796,194,8618,1288010,1288204
1243,256,8619,1442248,1442504
9373,266,8619,1455288,1455554
4205,270,8620,1459703,1459973
5826,48,8620,425071,425119
7951,196,8620,1295019,1295215
8647,190,8620,1273571,1273761
1434,103,8621,830228,830331
1537,286,8621,1472526,1472812
1852,54,8621,474183,474237
1990,21,8621,188451,188472
3290,1,8621,6377,6378
3435,31,8621,279211,279242
3477,49,8621,433336,433385
3815,186,8621,1258663,1258849
5306,188,8621,1266175,1266363
6856,295,8621,1475814,1476109
7488,4,8621,26213,26217
9529,61,8621,529889,529950
3152,203,8622,1318506,1318709
3608,284,8622,1471430,1471714
4715,245,8622,1424150,1424395
6245,238,8622,1410595,1410833
2749,232,8623,1397780,1398012
4617,36,8623,323194,323230
4927,52,8623,457947,457999
5754,70,8623,599118,599188
9005,270,8623,1459705,1459975
1360,85,8624,708532,708617
1962,133,8624,1010785,1010918
3510,173,8624,1206471,1206644
7911,36,8624,323201,323237
8374,204,8624,1321717,1321921
8429,281,8624,1469483,1469764
9368,259,8624,1446506,1446765
2182,195,8625,1291535,1291730
3772,185,8625,1254843,1255028
9972,300,8625,1476516,1476816
4528,25,8626,225210,225235
6320,174,8626,1210671,1210845
6975,197,8626,1298470,1298667
7102,223,8626,1376216,1376439
8261,273,8626,1462732,1463005
8683,16,8626,141833,141849
3926,148,8627,1090343,1090491
4294,63,8627,545515,545578
6843,210,8627,1340308,1340518
7030,48,8627,425100,425148
2678,70,8628,599131,599201
5495,263,8628,1451667,1451930
5849,71,8628,606675,606746
7232,257,8628,1443707,1443964
7894,70,8628,599136,599206
8250,84,8628,701469,701553
8447,298,8628,1476326,1476624
3202,135,8629,1021831,1021966
6574,60,8629,522063,522123
6905,164,8629,1167035,1167199
9157,227,8629,1386148,1386375
2573,173,8630,1206482,1206655
6179,46,8630,408460,408506
7820,253,8630,1437690,1437943
8120,70,8630,599143,599213
8580,54,8630,474217,474271
1227,229,8631,1390899,1391128
1981,235,8631,1404336,1404571
3297,210,8631,1340313,1340523
3425,32,8631,288120,288152
3991,27,8631,243393,243420
4199,274,8631,1463677,1463951
5388,142,8631,1059451,1059593
5422,275,8631,1464614,1464889
1618,236,8632,1406449,1406685
1624,14,8632,122941,122955
8115,36,8632,323232,323268
2373,92,8633,757132,757224
3391,197,8633,1298479,1298676
3915,52,8633,457981,458033
7711,153,8633,1115247,1115400
8433,53,8633,466116,466169
9831,2,8633,6434,6436
3898,255,8634,1440747,1441002
4164,85,8634,708557,708642
5580,139,8634,1043536,1043675
7376,123,8634,953761,953884
7660,99,8634,804138,804237
8176,21,8634,188510,188531
2016,288,8635,1473469,1473757
5483,209,8635,1337320,1337529
8708,275,8635,1464613,1464888
1318,287,8636,1473001,1473288
1835,209,8636,1337323,1337532
3806,267,8636,1456445,1456712
4886,95,8636,777507,777602
7061,292,8636,1475003,1475295
9114,87,8636,722583,722670
2254,173,8637,1206493,1206666
2486,127,8637,976996,977123
2901,202,8637,1315258,1315460
3528,116,8637,911866,911982
3910,287,8637,1473003,1473290
7164,162,8637,1157940,1158102
7363,23,8637,206952,206975
8385,214,8637,1352003,1352217
8818,141,8637,1054212,1054353
9046,172,8637,1202246,1202418
9542,28,8637,252429,252457
1647,55,8638,482308,482363
3157,4,8639,26286,26290
8583,65,8639,561028,561093
3130,227,8640,1386152,1386379
4895,32,8640,288149,288181
9393,73,8640,621656,621729
3220,68,8641,584008,584076
4194,169,8641,1189309,1189478
6911,3,8641,16413,16416
8201,144,8641,1069890,1070034
8901,285,8641,1471983,1472268
9520,220,8641,1368459,1368679
1225,100,8642,810729,810829
1824,278,8642,1467195,1467473
4070,267,8642,1456445,1456712
5208,34,8642,305770,305804
8199,99,8642,804156,804255
5943,300,8643,1476500,1476800
8880,277,8643,1466362,1466639
6623,248,8644,1429462,1429710
7353,189,8644,1269905,1270094
7577,61,8644,529953,530014
1096,204,8645,1321733,1321937
4214,117,8645,917953,918070
6079,266,8645,1455286,1455552
2435,260,8646,1447834,1448094
3968,38,8646,340618,340656
9112,123,8646,953780,953903
1917,251,8647,1434495,1434746
3501,44,8647,391714,391758
4860,65,8647,561043,561108
5840,118,8647,923987,924105
7261,119,8647,929999,930118
3960,271,8648,1460729,1461000
5035,240,8648,1414637,1414877
6775,200,8648,1308636,1308836
2159,172,8649,1202252,1202424
5661,11,8649,94350,94361
7915,231,8649,1395526,1395757
8976,210,8649,1340322,1340532
1460,202,8650,1315265,1315467
1506,135,8650,1021863,1021998
3606,70,8650,599188,599258
4253,296,8650,1476004,1476300
6719,245,8650,1424153,1424398
8346,207,8650,1331235,1331442
4861,42,8651,374820,374862
5841,292,8652,1474991,1475283
6867,94,8652,770777,770871
7368,219,8652,1365811,1366030
8359,213,8652,1349137,1349350
8697,257,8652,1443704,1443961
1761,21,8653,188562,188583
4321,11,8653,94363,94374
5366,165,8653,1171579,1171744
5773,167,8653,1180512,1180679
1998,287,8654,1472991,1473278
9200,116,8654,911893,912009
6710,197,8655,1298496,1298693
6722,24,8655,216171,216195
8538,82,8655,687306,687388
9320,155,8655,1125004,1125159
1437,125,8656,965483,965608
5130,91,8656,750328,750419
5440,237,8656,1408540,1408777
5915,177,8656,1223148,1223325
8893,24,8656,216178,216202
1090,219,8657,1365811,1366030
1221,65,8657,561066,561131
7557,140,8657,1048916,1049056
1086,93,8658,763991,764084
2135,37,8658,331997,332034
3831,114,8658,899687,899801
3944,191,8658,1277258,1277449
5828,293,8658,1475284,1475577
1097,140,8659,1048918,1049058
5027,192,8659,1280884,1281076
8878,93,8659,763997,764090
2989,253,8660,1437684,1437937
3166,38,8660,340652,340690
5280,52,8660,458047,458099
5347,165,8660,1171584,1171749
6103,81,8660,680136,680217
6599,204,8660,1321739,1321943
6671,163,8660,1162527,1162690
7546,187,8660,1262485,1262672
7876,169,8660,1189329,1189498
8253,19,8660,170040,170059
1181,32,8661,288206,288238
1462,276,8661,1465490,1465766
3400,290,8661,1474292,1474582
3432,61,8661,529994,530055
5859,62,8661,537808,537870
7033,169,8661,1189332,1189501
9193,214,8661,1352007,1352221
2395,201,8662,1311968,1312169
4657,125,8662,965498,965623
8782,43,8662,383307,383350
9249,125,8662,965500,965625
9602,98,8662,797573,797671
1108,62,8663,537814,537876
2134,26,8663,234422,234448
5327,161,8663,1153362,1153523
8307,106,8663,849579,849685
9106,238,8663,1410594,1410832
5558,298,8664,1476293,1476591
1275,256,8665,1442241,1442497
4746,81,8665,680150,680231
6084,264,8665,1452887,1453151
6626,3,8665,16491,16494
7804,172,8665,1202267,1202439
7981,296,8665,1475992,1476288
1362,286,8666,1472498,1472784
3387,140,8666,1048933,1049073
3499,64,8666,553362,553426
3540,39,8666,349267,349306
5893,110,8666,874893,875003
9082,110,8666,874895,875005
1438,210,8667,1340326,1340536
2173,285,8667,1471968,1472253
5098,131,8667,999710,999841
6824,20,8667,179351,179371
7065,96,8667,784292,784388
7348,294,8667,1475542,1475836
8213,108,8667,862301,862409
8452,13,8667,113557,113570
9958,201,8667,1311974,1312175
1111,205,8668,1324938,1325143
1399,47,8668,416916,416963
3282,175,8668,1214892,1215067
7201,98,8668,797589,797687
2252,298,8669,1476290,1476588
3063,262,8669,1450405,1450667
3450,257,8669,1443701,1443958
4329,241,8669,1416605,1416846
6532,220,8669,1368466,1368686
9222,154,8669,1120174,1120328
2204,274,8670,1463662,1463936
5241,172,8670,1202278,1202450
5772,277,8670,1466348,1466625
8156,81,8670,680173,680254
1385,279,8671,1467975,1468254
6550,257,8671,1443704,1443961
7674,283,8671,1470780,1471063
8409,264,8671,1452892,1453156
1478,35,8672,314620,314655
2388,295,8672,1475772,1476067
3657,188,8672,1266227,1266415
5104,43,8672,383343,383386
5245,75,8672,636535,636610
8278,243,8672,1420454,1420697
1862,141,8673,1054260,1054401
2240,47,8673,416934,416981
7193,6,8673,46020,46026
8861,60,8673,522184,522244
2217,57,8674,498411,498468
8163,59,8674,514278,514337
9135,158,8674,1139365,1139523
6130,44,8675,391797,391841
7160,210,8675,1340335,1340545
8710,167,8675,1180538,1180705
9872,151,8675,1105451,1105602
3652,23,8676,207071,207094
7439,32,8676,288261,288293
8413,118,8676,924040,924158
9018,4,8676,26412,26416
9561,95,8676,777589,777684
1795,113,8677,893558,893671
3362,214,8677,1352014,1352228
4398,141,8677,1054263,1054404
6779,52,8677,458104,458156
8489,58,8677,506369,506427
9835,143,8677,1064746,1064889
1996,257,8678,1443702,1443959
4553,178,8678,1227236,1227414
4897,38,8678,340720,340758
6633,93,8678,764045,764138
9620,249,8678,1431180,1431429
4237,18,8679,160794,160812
7373,167,8679,1180540,1180707
9751,121,8679,941995,942116
2190,89,8680,736593,736682
3380,12,8680,104048,104060
5939,111,8680,881162,881273
8100,87,8680,722677,722764
2118,197,8681,1298509,1298706
1973,192,8682,1280898,1281090
2394,38,8682,340727,340765
5838,247,8682,1427725,1427972
1637,267,8683,1456426,1456693
2377,268,8683,1457534,1457802
4222,67,8683,576488,576555
5213,45,8683,400225,400270
1292,14,8684,123107,123121
3691,165,8684,1171610,1171775
6465,275,8684,1464589,1464864
6984,17,8684,151429,151446
2561,31,8685,279412,279443
2589,162,8685,1157987,1158149
5669,59,8686,514296,514355
5393,70,8687,599265,599335
4026,205,8688,1324941,1325146
6508,160,8688,1148742,1148902
7115,205,8688,1324943,1325148
9492,194,8688,1288057,1288251
9646,73,8688,621754,621827
2265,82,8689,687372,687454
3949,244,8689,1422310,1422554
5577,176,8689,1219053,1219229
9900,113,8689,893570,893683
3341,144,8690,1069944,1070088
3734,238,8690,1410595,1410833
5715,60,8691,522208,522268
6794,241,8691,1416600,1416841
8729,118,8691,924052,924170
9960,8,8691,65530,65538
5937,109,8692,868637,868746
6662,216,8692,1357614,1357830
6831,67,8692,576500,576567
8956,190,8692,1273620,1273810
9908,230,8692,1393226,1393456
1179,195,8693,1291573,1291768
1539,209,8693,1337336,1337545
1957,44,8693,391834,391878
3987,202,8693,1315279,1315481
3018,195,8694,1291576,1291771
3731,275,8694,1464581,1464856
4524,182,8694,1243223,1243405
5028,22,8694,197908,197930
6334,113,8694,893580,893693
1389,281,8695,1469435,1469716
2130,237,8695,1408538,1408775
3326,138,8695,1038245,1038383
4733,126,8695,971327,971453
5221,244,8695,1422308,1422552
5710,44,8695,391844,391888
1867,232,8696,1397783,1398015
3598,64,8696,553425,553489
3867,73,8696,621773,621846
4395,137,8696,1032847,1032984
5235,165,8696,1171621,1171786
7321,168,8696,1184969,1185137
9827,256,8696,1442233,1442489
3256,149,8697,1095465,1095614
4076,160,8697,1148757,1148917
9185,255,8697,1440731,1440986
1887,207,8698,1331244,1331451
2051,102,8698,823888,823990
2107,109,8698,868657,868766
4035,232,8698,1397785,1398017
5392,139,8698,1043622,1043761
6854,48,8698,425289,425337
7178,159,8698,1144079,1144238
9101,118,8698,924073,924191
9828,105,8698,843253,843358
3333,43,8699,383411,383454
3340,272,8699,1461708,1461980
4770,60,8699,522240,522300
9733,81,8699,680226,680307
1694,160,8700,1148760,1148920
1969,258,8700,1445105,1445363
2775,238,8700,1410595,1410833
4330,195,8700,1291584,1291779
5477,100,8700,810839,810939
5861,50,8700,441797,441847
7520,17,8700,151482,151499
8479,31,8700,279464,279495
8896,50,8702,441797,441847
1418,290,8703,1474257,1474547
1551,257,8703,1443687,1443944
1578,227,8703,1386156,1386383
1901,171,8703,1198018,1198189
8618,69,8703,591739,591808
3378,238,8704,1410595,1410833
5113,58,8704,506428,506486
6474,37,8704,332136,332173
8245,65,8704,561175,561240
8815,37,8704,332139,332176
5036,17,8705,151491,151508
5825,236,8705,1406447,1406683
9109,20,8705,179463,179483
1557,14,8706,123173,123187
2308,221,8706,1371077,1371298
4669,207,8706,1331248,1331455
6696,250,8706,1432850,1433100
1173,88,8707,729693,729781
1541,182,8707,1243232,1243414
2221,106,8707,849651,849757
2423,56,8707,490489,490545
3654,99,8707,804269,804368
3770,114,8707,899763,899877
6512,47,8707,417015,417062
8272,51,8707,450013,450064
1984,297,8708,1476116,1476413
2178,170,8708,1193722,1193892
2879,285,8708,1471934,1472219
3315,81,8708,680241,680322
4252,157,8708,1134647,1134804
5109,226,8708,1383730,1383956
8029,228,8708,1388551,1388779
3796,75,8709,636601,636676
4399,49,8709,433576,433625
5432,89,8709,736643,736732
5504,163,8709,1162574,1162737
7184,76,8709,643952,644028
7390,261,8709,1449112,1449373
8003,231,8709,1395526,1395757
8219,257,8709,1443686,1443943
8723,119,8709,930094,930213
8930,185,8709,1254905,1255090
9815,112,8709,887425,887537
3105,7,8710,55896,55903
3703,115,8710,905886,906001
5508,232,8710,1397787,1398019
7011,105,8710,843275,843380
8018,65,8710,561200,561265
8966,4,8710,26530,26534
9604,216,8710,1357625,1357841
1070,202,8711,1315292,1315494
1498,299,8712,1476360,1476659
3924,126,8712,971355,971481
3928,273,8712,1462684,1462957
5800,204,8712,1321762,1321966
1407,163,8714,1162581,1162744
2128,111,8714,881215,881326
2129,197,8714,1298524,1298721
6186,298,8714,1476248,1476546
6368,122,8714,947976,948098
8463,86,8714,715743,715829
4038,276,8715,1465455,1465731
4187,168,8715,1184988,1185156
4867,297,8715,1476113,1476410
5201,111,8715,881222,881333
6423,67,8715,576568,576635
7197,125,8715,965575,965700
2563,115,8716,905897,906012
2906,127,8716,977103,977230
3085,224,8716,1378767,1378991
5330,43,8716,383469,383512
6249,237,8716,1408538,1408775
1482,32,8717,288383,288415
3133,299,8717,1476357,1476656
3853,126,8717,971364,971490
5632,195,8717,1291597,1291792
7936,120,8717,936087,936207
7950,149,8718,1095493,1095642
8613,82,8718,687447,687529
6322,256,8719,1442226,1442482
3681,228,8720,1388553,1388781
5441,117,8720,918071,918188
5744,144,8720,1069985,1070129
7038,35,8720,314760,314795
7243,286,8720,1472455,1472741
5817,297,8721,1476110,1476407
6214,123,8721,953889,954012
6399,197,8721,1298529,1298726
6823,109,8721,868704,868813
3666,255,8722,1440725,1440980
4151,204,8722,1321765,1321969
5485,63,8722,545750,545813
5617,195,8722,1291601,1291796
6444,242,8722,1418519,1418761
9901,40,8722,357984,358024
2401,227,8723,1386161,1386388
5394,31,8723,279535,279566
7167,210,8723,1340343,1340553
8392,64,8724,553502,553566
1284,247,8725,1427710,1427957
1881,47,8725,417068,417115
2249,21,8725,188790,188811
2309,196,8725,1295084,1295280
6553,124,8725,959756,959880
7462,3,8725,16695,16698
9181,26,8725,234613,234639
9580,174,8725,1210751,1210925
6211,53,8726,466353,466406
2722,132,8727,1005372,1005504
3405,227,8727,1386160,1386387
4083,289,8727,1473837,1474126
4335,19,8727,170251,170270
4862,43,8727,383493,383536
1411,298,8728,1476237,1476535
2966,158,8728,1139415,1139573
8997,152,8728,1110445,1110597
2162,211,8729,1343302,1343513
1611,67,8730,576592,576659
1697,5,8730,36412,36417
3601,143,8730,1064802,1064945
4056,238,8730,1410590,1410828
6736,199,8730,1305321,1305520
9155,17,8730,151574,151591
1291,98,8731,797700,797798
1559,71,8731,606901,606972
1892,94,8731,770929,771023
4069,182,8731,1243251,1243433
3639,159,8732,1144109,1144268
4305,30,8732,270633,270663
5480,54,8732,474471,474525
6544,10,8732,85002,85012
7047,165,8732,1171651,1171816
7958,193,8732,1284526,1284719
8339,193,8732,1284528,1284721
8801,257,8732,1443675,1443932
1890,16,8733,142175,142191
2959,67,8733,576603,576670
3626,65,8733,561247,561312
6647,294,8733,1475487,1475781
7646,138,8733,1038295,1038433
8484,1,8733,6770,6771
1840,44,8734,391954,391998
2895,154,8734,1120236,1120390
2933,113,8734,893650,893763
4191,199,8734,1305321,1305520
4270,16,8734,142184,142200
6101,202,8734,1315297,1315499
7276,15,8734,132743,132758
2327,212,8735,1346241,1346453
3638,157,8735,1134676,1134833
3823,66,8735,568946,569012
4607,64,8735,553528,553592
5074,185,8735,1254921,1255106
5829,300,8735,1476410,1476710
5918,66,8735,568950,569016
1509,150,8736,1100536,1100686
1605,29,8736,261703,261732
1880,294,8736,1475487,1475781
3002,14,8736,123283,123297
7453,294,8736,1475489,1475783
8810,31,8736,279573,279604
9848,9,8736,75378,75387
3466,224,8737,1378767,1378991
5552,109,8737,868730,868839
8473,13,8737,113784,113797
8685,223,8737,1376229,1376452
1026,142,8738,1059580,1059722
1355,293,8738,1475222,1475515
4810,139,8738,1043673,1043812
5124,283,8738,1470732,1471015
7204,233,8738,1399997,1400230
8006,177,8738,1223209,1223386
8651,242,8738,1418515,1418757
9988,43,8738,383531,383574
4826,58,8739,506523,506581
5734,300,8739,1476408,1476708
7177,224,8739,1378772,1378996
7458,285,8739,1471919,1472204
7887,10,8739,85042,85052
8288,4,8739,26631,26635
9473,168,8739,1185013,1185181
9962,189,8739,1269969,1270158
1443,67,8740,576626,576693
3875,295,8740,1475715,1476010
4577,224,8740,1378775,1378999
4724,207,8740,1331265,1331472
4868,162,8740,1158048,1158210
8749,43,8740,383542,383585
9382,246,8740,1425928,1426174
1390,205,8741,1324968,1325173
1729,263,8741,1451619,1451882
2201,299,8741,1476337,1476636
3735,53,8741,466404,466457
5959,184,8741,1251079,1251263
2411,137,8742,1032921,1033058
5123,171,8742,1198060,1198231
6841,143,8742,1064833,1064976
1471,231,8743,1395527,1395758
1874,218,8743,1363122,1363340
3434,44,8743,391993,392037
5702,282,8743,1470093,1470375
5756,220,8743,1368479,1368699
6955,27,8743,243744,243771
7514,139,8743,1043694,1043833
2303,212,8744,1346255,1346467
2680,249,8744,1431157,1431406
4505,189,8744,1269979,1270168
5061,254,8744,1439202,1439456
5229,113,8744,893686,893799
6414,207,8744,1331273,1331480
6577,11,8744,94685,94696
9599,54,8744,474523,474577
3136,175,8745,1214960,1215135
3933,221,8745,1371092,1371313
4269,210,8745,1340357,1340567
7122,175,8745,1214964,1215139
8152,288,8745,1473389,1473677
8191,213,8745,1349162,1349375
8455,76,8746,644047,644123
1747,41,8747,366607,366648
2232,74,8747,629315,629389
5276,281,8747,1469408,1469689
9934,19,8747,170330,170349
4955,291,8748,1474586,1474877
6004,216,8748,1357638,1357854
6963,159,8748,1144147,1144306
2075,38,8749,340929,340967
2218,220,8749,1368481,1368701
3847,156,8749,1129926,1130082
4146,243,8749,1420432,1420675
5869,76,8749,644053,644129
2330,163,8750,1162630,1162793
2598,230,8750,1393231,1393461
3236,96,8750,784462,784558
3344,291,8750,1474586,1474877
7067,146,8750,1080319,1080465
8950,107,8750,856130,856237
9765,192,8750,1280954,1281146
1480,94,8751,770988,771082
6740,94,8751,770990,771084
7401,146,8751,1080321,1080467
3811,230,8752,1393232,1393462
6654,78,8752,658655,658733
9568,12,8752,104295,104307
1222,6,8753,46294,46300
4071,23,8753,207314,207337
5384,27,8753,243774,243801
8591,20,8753,179630,179650
2362,23,8754,207316,207339
2391,36,8754,323592,323628
3851,216,8754,1357639,1357855
4007,30,8754,270715,270745
4771,192,8754,1280954,1281146
5808,83,8754,694651,694734
6558,30,8754,270719,270749
1174,161,8755,1153463,1153624
2002,129,8755,988558,988687
4144,71,8755,606970,607041
4490,231,8755,1395525,1395756
7010,155,8755,1125128,1125283
7046,161,8755,1153466,1153627
1268,197,8756,1298554,1298751
2207,140,8756,1049062,1049202
3467,137,8756,1032949,1033086
5855,205,8756,1324979,1325184
1071,168,8757,1185036,1185204
4129,272,8757,1461680,1461952
5262,17,8758,151679,151696
7408,30,8758,270729,270759
9341,102,8758,824014,824116
1372,136,8759,1027496,1027632
4963,267,8759,1456386,1456653
7543,259,8759,1446451,1446710
7983,121,8759,942125,942246
9690,168,8759,1185039,1185207
1903,10,8760,85117,85127
2344,116,8760,912074,912190
2627,120,8760,936166,936286
3076,33,8760,297328,297361
3251,146,8760,1080328,1080474
4517,5,8760,36543,36548
5978,92,8760,757400,757492
2385,162,8761,1158070,1158232
2791,45,8761,400442,400487
6070,129,8761,988569,988698
7020,299,8761,1476319,1476618
7627,248,8761,1429429,1429677
8051,118,8761,924187,924305
8291,47,8761,417177,417224
8934,14,8761,123381,123395
3323,160,8762,1148834,1148994
3694,53,8762,466460,466513
7058,114,8762,899876,899990
7203,1,8762,6894,6895
6230,37,8763,332320,332357
7757,40,8763,358104,358144
5570,82,8764,687546,687628
6649,37,8764,332323,332360
7002,217,8764,1360395,1360612
7558,65,8764,561334,561399
9745,244,8764,1422290,1422534
3592,229,8765,1390901,1391130
6082,218,8765,1363123,1363341
8526,169,8765,1189422,1189591
9513,223,8765,1376234,1376457
1752,71,8766,606994,607065
2984,100,8766,810970,811070
3645,82,8766,687553,687635
3656,58,8766,506598,506656
4028,57,8766,498647,498704
7965,297,8766,1476072,1476369
3196,267,8767,1456382,1456649
4696,94,8767,771016,771110
5307,152,8767,1110501,1110653
7615,36,8767,323636,323672
7782,164,8767,1167174,1167338
7927,78,8767,658687,658765
8626,169,8767,1189425,1189594
9143,176,8767,1219120,1219296
2797,260,8768,1447776,1448036
7349,199,8768,1305346,1305545
1195,26,8769,234761,234787
1619,289,8769,1473810,1474099
1997,36,8769,323643,323679
3900,95,8769,777773,777868
5020,16,8769,142317,142333
5214,17,8769,151723,151740
5760,69,8769,591903,591972
8653,248,8769,1429427,1429675
1739,169,8770,1189429,1189598
6948,106,8770,849783,849889
1143,195,8771,1291629,1291824
1349,106,8771,849785,849891
1395,177,8771,1223235,1223412
2579,10,8771,85164,85174
2964,284,8771,1471329,1471613
4709,300,8771,1476378,1476678
6062,113,8771,893731,893844
7447,250,8771,1432831,1433081
8189,78,8771,658701,658779
9225,223,8771,1376238,1376461
1246,148,8772,1090528,1090676
5421,116,8772,912096,912212
5575,125,8772,965673,965798
7533,88,8772,729850,729938
8144,21,8772,188961,188982
2244,272,8773,1461671,1461943
3057,276,8773,1465425,1465701
9302,7,8773,56131,56138
1640,299,8774,1476309,1476608
1682,122,8774,948081,948203
2382,213,8774,1349167,1349380
2920,110,8774,875095,875205
3946,140,8775,1049084,1049224
9128,175,8775,1214979,1215154
9582,211,8775,1343322,1343533
6573,279,8776,1467907,1468186
9586,120,8776,936192,936312
1028,142,8777,1059642,1059784
3680,293,8777,1475192,1475485
3745,141,8777,1054397,1054538
4156,250,8777,1432832,1433082
4767,274,8777,1463600,1463874
6990,206,8777,1328144,1328350
4327,112,8778,887558,887670
5260,26,8778,234792,234818
6704,94,8778,771047,771141
8282,216,8778,1357644,1357860
8649,279,8778,1467908,1468187
2621,201,8779,1312026,1312227
6027,147,8779,1085454,1085601
6275,50,8779,442019,442069
1484,227,8780,1386162,1386389
1507,129,8780,988598,988727
1563,30,8780,270803,270833
4619,12,8780,104394,104406
9354,143,8780,1064884,1065027
1628,206,8781,1328145,1328351
3687,260,8781,1447775,1448035
6689,101,8781,817550,817651
7790,284,8781,1471324,1471608
9367,6,8781,46402,46408
2029,12,8782,104399,104411
2848,95,8782,777805,777900
5070,90,8782,743723,743813
5352,133,8782,1011023,1011156
8761,172,8782,1202367,1202539
5136,139,8783,1043748,1043887
7137,90,8783,743727,743817
9326,248,8783,1429428,1429676
4366,22,8784,198210,198232
5848,226,8784,1383734,1383960
6292,240,8784,1414614,1414854
7638,262,8784,1450349,1450611
7867,221,8784,1371095,1371316
9771,39,8784,349615,349654
9936,271,8784,1460658,1460929
3873,51,8785,450234,450285
7377,183,8785,1247210,1247393
8217,94,8785,771064,771158
8432,295,8785,1475677,1475972
2824,253,8786,1437647,1437900
3238,166,8786,1176189,1176355
3725,90,8786,743737,743827
4027,198,8786,1301976,1302174
5403,11,8786,94832,94843
5960,201,8786,1312033,1312234
7626,19,8786,170462,170481
8012,109,8786,868837,868946
1296,153,8787,1115432,1115585
3520,3,8787,16938,16941
8632,266,8787,1455216,1455482
9186,26,8787,234824,234850
3908,200,8788,1308705,1308905
3178,291,8789,1474555,1474846
3414,19,8789,170467,170486
7619,195,8789,1291647,1291842
9716,116,8789,912128,912244
4526,53,8790,466534,466587
4821,125,8790,965701,965826
6367,77,8791,651471,651548
6941,186,8791,1258790,1258976
7181,204,8791,1321797,1322001
7732,169,8791,1189452,1189621
8146,84,8791,701825,701909
4023,257,8792,1443657,1443914
4540,79,8792,666007,666086
8954,207,8792,1331285,1331492
9937,115,8792,906039,906154
2410,258,8793,1445068,1445326
4620,137,8793,1032997,1033134
4930,144,8793,1070087,1070231
5259,53,8793,466546,466599
7260,79,8793,666013,666092
7496,224,8793,1378776,1379000
3298,198,8794,1301979,1302177
3890,119,8794,930243,930362
1610,130,8795,994270,994400
2997,272,8795,1461660,1461932
1081,80,8796,673249,673329
1341,285,8796,1471877,1472162
3129,130,8796,994273,994403
4368,159,8796,1144191,1144350
7279,270,8796,1459618,1459888
8227,71,8796,607077,607148
8450,203,8796,1318589,1318792
8844,246,8796,1425918,1426164
1160,104,8797,837025,837129
2396,159,8797,1144195,1144354
5064,134,8797,1016572,1016706
1396,36,8798,323726,323762
3259,230,8798,1393227,1393457
3989,40,8798,358205,358245
9170,54,8798,474661,474715
9694,170,8798,1193806,1193976
2324,95,8799,777838,777933
3907,29,8799,261906,261935
4013,249,8799,1431141,1431390
4412,182,8799,1243308,1243490
9637,171,8799,1198106,1198277
9790,185,8799,1254972,1255157
5761,212,8800,1346267,1346479
6699,106,8801,849846,849952
8303,136,8801,1027554,1027690
8547,51,8801,450278,450329
6175,57,8802,498739,498796
7406,297,8802,1476040,1476337
7604,25,8802,225768,225793
7977,171,8802,1198108,1198279
8552,136,8802,1027557,1027693
9086,275,8802,1464518,1464793
9131,271,8802,1460648,1460919
9732,33,8802,297459,297492
6516,17,8803,151830,151847
7343,70,8803,599554,599624
1510,208,8804,1334346,1334554
2729,41,8804,366761,366802
3156,267,8804,1456367,1456634
5069,24,8804,216651,216675
6557,3,8804,16991,16994
1613,199,8805,1305364,1305563
2804,6,8805,46477,46483
4485,48,8805,425585,425633
4904,98,8805,797857,797955
6401,226,8805,1383734,1383960
9995,168,8805,1185080,1185248
6329,237,8806,1408525,1408762
8107,40,8806,358226,358266
9223,178,8806,1227329,1227507
9298,79,8806,666040,666119
2828,199,8807,1305366,1305565
3413,137,8807,1033014,1033151
4939,281,8807,1469364,1469645
5370,73,8807,622044,622117
6518,169,8807,1189467,1189636
6682,116,8807,912158,912274
6785,36,8807,323757,323793
8355,276,8807,1465403,1465679
9271,208,8807,1334350,1334558
1912,161,8808,1153518,1153679
4058,251,8808,1434444,1434695
4881,231,8808,1395521,1395752
5424,166,8808,1176213,1176379
6039,209,8808,1337376,1337585
6730,37,8808,332459,332496
7672,151,8808,1105610,1105761
7854,6,8808,46500,46506
9171,147,8808,1085493,1085640
9281,276,8808,1465404,1465680
3368,35,8809,315035,315070
4839,138,8809,1038418,1038556
6253,179,8809,1231391,1231570
8160,197,8809,1298584,1298781
1436,46,8810,408961,409007
1582,107,8810,856241,856348
1928,36,8810,323772,323808
1972,3,8810,17023,17026
2528,208,8810,1334353,1334561
2958,189,8810,1270019,1270208
4153,241,8810,1416579,1416820
4184,78,8810,658800,658878
5610,185,8810,1254984,1255169
5655,227,8810,1386163,1386390
8022,37,8810,332473,332510
8372,121,8810,942216,942337
9435,195,8810,1291662,1291857
3100,218,8811,1363132,1363350
5363,256,8811,1442193,1442449
6197,68,8811,584427,584495
7483,119,8811,930284,930403
9244,104,8811,837065,837169
9424,230,8811,1393229,1393459
9652,198,8811,1301994,1302192
2857,47,8812,417328,417375
3718,286,8812,1472388,1472674
5771,291,8812,1474535,1474826
8780,35,8812,315059,315094
9432,199,8812,1305378,1305577
5921,75,8813,636867,636942
9303,93,8813,764336,764429
9325,291,8813,1474536,1474827
2969,109,8814,868894,869003
4516,263,8814,1451587,1451850
6400,247,8814,1427693,1427940
1379,46,8815,408984,409030
3000,31,8815,279834,279865
3338,229,8815,1390905,1391134
4172,130,8815,994316,994446
7767,133,8815,1011083,1011216
8978,243,8815,1420421,1420664
1212,69,8816,592033,592102
4227,241,8816,1416582,1416823
5593,138,8816,1038434,1038572
6680,28,8816,252993,253021
8969,98,8816,797897,797995
8464,135,8817,1022116,1022251
8753,146,8817,1080405,1080551
1819,249,8818,1431137,1431386
6688,125,8818,965757,965882
6993,217,8818,1360411,1360628
8161,242,8818,1418505,1418747
8999,183,8818,1247242,1247425
9916,129,8818,988671,988800
1256,115,8819,906100,906215
6965,294,8819,1475417,1475711
8067,127,8819,977284,977411
1330,84,8820,701899,701983
1593,183,8820,1247243,1247426
1940,222,8820,1373685,1373907
6178,41,8820,366825,366866
8082,292,8820,1474854,1475146
8937,95,8820,777899,777994
1652,290,8821,1474170,1474460
5807,63,8821,546020,546083
7670,101,8821,817640,817741
8641,25,8821,225852,225877
8882,165,8821,1171759,1171924
8993,180,8821,1235414,1235594
1011,161,8822,1153543,1153704
2132,41,8822,366833,366874
3384,98,8822,797912,798010
6015,256,8822,1442191,1442447
9557,183,8822,1247247,1247430
9998,25,8822,225860,225885
1732,12,8823,104555,104567
2115,34,8823,306329,306363
2239,260,8823,1447758,1448018
6604,81,8823,680524,680605
1007,292,8824,1474852,1475144
1885,271,8824,1460638,1460909
4499,39,8824,349744,349783
4700,250,8824,1432822,1433072
5782,75,8824,636899,636974
5974,252,8824,1436036,1436288
7601,35,8824,315100,315135
3940,208,8825,1334366,1334574
4529,8,8825,66030,66038
5556,185,8825,1255000,1255185
7512,22,8825,198367,198389
7621,252,8825,1436037,1436289
8046,183,8825,1247254,1247437
2203,16,8826,142524,142540
2825,129,8826,988684,988813
3449,40,8826,358304,358344
3891,139,8826,1043816,1043955
4408,75,8826,636906,636981
6833,208,8826,1334368,1334576
8903,245,8826,1424117,1424362
1688,76,8827,644253,644329
4449,182,8827,1243342,1243524
8715,143,8827,1064955,1065098
5488,220,8828,1368493,1368713
2581,96,8829,784631,784727
4539,269,8829,1458541,1458810
6878,159,8829,1144243,1144402
9417,38,8829,341176,341214
9537,229,8829,1390909,1391138
2610,102,8830,824167,824269
6555,294,8830,1475408,1475702
7967,281,8830,1469351,1469632
8280,169,8830,1189502,1189671
9145,13,8830,114128,114141
2434,6,8831,46593,46599
4684,215,8831,1354873,1355088
5356,154,8831,1120371,1120525
5546,22,8831,198386,198408
6853,249,8831,1431139,1431388
7882,276,8831,1465392,1465668
8262,294,8831,1475409,1475703
5564,245,8832,1424119,1424364
6721,295,8832,1475633,1475928
7554,176,8832,1219189,1219365
7644,56,8832,490844,490900
2608,106,8833,849923,850029
2771,277,8833,1466243,1466520
1137,260,8834,1447758,1448018
1326,240,8834,1414619,1414859
2299,281,8834,1469351,1469632
2921,246,8834,1425918,1426164
3700,134,8834,1016644,1016778
4290,5,8834,36826,36831
4582,199,8834,1305397,1305596
7473,141,8834,1054489,1054630
3534,19,8835,170639,170658
5707,252,8835,1436038,1436290
7892,92,8835,757579,757671
9538,242,8835,1418514,1418756
9630,26,8835,234993,235019
2241,104,8836,837118,837222
4458,280,8836,1468628,1468908
5176,189,8836,1270048,1270237
6303,50,8836,442188,442238
4229,147,8837,1085539,1085686
4537,238,8837,1410592,1410830
6357,243,8837,1420427,1420670
6717,32,8837,288771,288803
1944,178,8838,1227375,1227553
3199,187,8838,1262617,1262804
3215,32,8838,288774,288806
3311,95,8838,777942,778037
4031,236,8838,1406447,1406683
4887,121,8838,942274,942395
6157,100,8838,811137,811237
7070,112,8838,887685,887797
7132,192,8838,1281015,1281207
8928,111,8838,881474,881585
9668,293,8838,1475139,1475432
1475,106,8839,849942,850048
6421,296,8839,1475836,1476132
7998,24,8839,216795,216819
9647,82,8839,687746,687828
9956,23,8839,207623,207646
5190,141,8840,1054498,1054639
5390,179,8841,1231433,1231612
5777,225,8841,1381289,1381514
7921,234,8841,1402184,1402418
2471,245,8842,1424120,1424365
6180,137,8842,1033085,1033222
7296,126,8842,971587,971713
3261,92,8843,757599,757691
3723,211,8843,1343351,1343562
7277,128,8843,983033,983161
8837,32,8843,288792,288824
3160,232,8844,1397787,1398019
5531,55,8844,482857,482912
6634,216,8844,1357669,1357885
7092,278,8844,1467067,1467345
7495,2,8844,7206,7208
9119,163,8844,1162737,1162900
1777,166,8845,1176264,1176430
2077,231,8845,1395534,1395765
4912,182,8845,1243362,1243544
6276,168,8845,1185139,1185307
6769,137,8845,1033093,1033230
7072,106,8845,849957,850063
7361,275,8845,1464498,1464773
5090,289,8846,1473752,1474041
7378,243,8846,1420426,1420669
8204,220,8846,1368508,1368728
1237,171,8847,1198170,1198341
2907,246,8847,1425914,1426160
5018,298,8847,1476126,1476424
6621,293,8847,1475134,1475427
7826,136,8847,1027648,1027784
8296,263,8847,1451577,1451840
9679,120,8847,936339,936459
1105,56,8848,490892,490948
4113,12,8848,104650,104662
4947,202,8848,1315371,1315573
7069,212,8848,1346299,1346511
8047,9,8848,75801,75810
8920,80,8848,673399,673479
8053,192,8849,1281026,1281218
8757,34,8849,306415,306449
9945,100,8849,811167,811267
4784,145,8850,1075330,1075475
5616,233,8850,1400003,1400236
8125,235,8850,1404335,1404570
9856,40,8850,358380,358420
4783,217,8851,1360432,1360649
7358,11,8851,95073,95084
8002,288,8851,1473310,1473598
1217,78,8852,658914,658992
3161,28,8852,253110,253138
3972,222,8852,1373703,1373925
4139,59,8852,514752,514811
5536,200,8852,1308749,1308949
3525,157,8853,1134839,1134996
8496,46,8853,409098,409144
1600,15,8854,133174,133189
2900,296,8854,1475824,1476120
4043,11,8854,95082,95093
5369,275,8854,1464496,1464771
6309,206,8854,1328190,1328396
7196,300,8854,1476297,1476597
9768,297,8854,1475992,1476289
1623,50,8855,442240,442290
2010,27,8855,244114,244141
2310,164,8855,1167289,1167453
9808,53,8855,466729,466782
9955,120,8855,936350,936470
2916,47,8856,417454,417501
5794,76,8856,644328,644404
2472,102,8857,824228,824330
2779,286,8857,1472363,1472649
4118,168,8857,1185153,1185321
6278,218,8857,1363158,1363376
6288,53,8857,466735,466788
9292,66,8857,569283,569349
1091,41,8858,366937,366978
2489,243,8858,1420426,1420669
2844,64,8858,553866,553930
2957,31,8858,279976,280007
5094,112,8858,887721,887833
8246,234,8858,1402186,1402420
3792,285,8859,1471837,1472122
5446,81,8859,680610,680691
6735,232,8859,1397793,1398025
6754,188,8859,1266362,1266550
7460,132,8859,1005606,1005738
8794,77,8859,651656,651733
6567,163,8860,1162759,1162922
8233,299,8860,1476226,1476525
1617,50,8861,442258,442308
3051,29,8861,262123,262152
5277,278,8861,1467062,1467340
8094,86,8861,716087,716173
1532,167,8862,1180732,1180899
6263,54,8862,474845,474899
8185,260,8862,1447751,1448011
3642,11,8863,95113,95124
3668,203,8863,1318633,1318836
7555,150,8863,1100715,1100865
7975,266,8863,1455186,1455452
9369,58,8863,506866,506924
2289,239,8864,1412601,1412840
4739,270,8864,1459590,1459860
7076,13,8864,114243,114256
7200,53,8864,466754,466807
8439,203,8864,1318637,1318840
9315,79,8864,666194,666273
6189,291,8865,1474500,1474791
7073,78,8865,658939,659017
7591,18,8865,161424,161442
7969,100,8865,811191,811291
9461,186,8865,1258858,1259044
2194,71,8866,607262,607333
8576,109,8866,868996,869105
1263,23,8867,207704,207727
1809,10,8867,85512,85522
2302,245,8867,1424117,1424362
3173,166,8867,1176290,1176456
4325,100,8867,811195,811295
5046,177,8867,1223335,1223512
1351,7,8868,56474,56481
2293,196,8868,1295181,1295377
2690,211,8868,1343364,1343575
3976,55,8868,482920,482975
6962,78,8868,658947,659025
2789,256,8869,1442180,1442436
5003,288,8869,1473299,1473587
7485,179,8869,1231460,1231639
8110,219,8869,1365860,1366079
4020,90,8870,743929,744019
4307,193,8870,1284632,1284825
5016,52,8870,458635,458687
6415,46,8870,409148,409194
9146,49,8870,434041,434090
1152,42,8871,375464,375506
3551,47,8871,417497,417544
4466,97,8871,791379,791476
5050,54,8871,474868,474922
6982,153,8871,1115546,1115699
8751,258,8871,1445044,1445302
9402,105,8872,843602,843707
5608,204,8873,1321843,1322047
7538,37,8873,332665,332702
1333,11,8874,95148,95159
1336,199,8874,1305418,1305617
3064,190,8874,1273756,1273946
5434,243,8874,1420423,1420666
7179,268,8874,1457439,1457707
6370,122,8875,948257,948379
2085,41,8876,366984,367025
4072,29,8876,262162,262191
6257,81,8876,680636,680717
7108,160,8876,1148972,1149132
8873,91,8876,750807,750898
9796,144,8876,1070206,1070350
1691,10,8877,85542,85552
3472,2,8877,7317,7319
4216,112,8877,887742,887854
5843,107,8877,856367,856474
2214,273,8878,1462596,1462869
2458,4,8878,27142,27146
3526,288,8878,1473292,1473580
3901,32,8878,288891,288923
5548,125,8878,965853,965978
7189,246,8878,1425907,1426153
7632,32,8878,288895,288927
9717,274,8878,1463545,1463819
2151,34,8879,306494,306528
3509,96,8879,784731,784827
4546,4,8879,27151,27155
8394,153,8879,1115551,1115704
9482,220,8879,1368511,1368731
9942,200,8879,1308758,1308958
5530,283,8880,1470636,1470919
8145,234,8880,1402185,1402419
8787,191,8880,1277413,1277604
9240,147,8880,1085593,1085740
1192,288,8881,1473291,1473579
1634,202,8881,1315383,1315585
4263,23,8881,207749,207772
5463,132,8881,1005631,1005763
5866,148,8881,1090671,1090819
7118,95,8881,778027,778122
7883,252,8881,1436025,1436277
9100,182,8881,1243392,1243574
2133,37,8882,332690,332727
2508,126,8882,971645,971771
2796,14,8882,123802,123816
9130,224,8882,1378799,1379023
1369,189,8883,1270080,1270269
2831,125,8883,965868,965993
3113,81,8883,680660,680741
3885,207,8883,1331331,1331538
8952,243,8883,1420424,1420667
9781,265,8883,1453996,1454261
9882,247,8883,1427681,1427928
2533,87,8884,723130,723217
2948,256,8884,1442176,1442432
5615,244,8884,1422282,1422526
5719,43,8884,383962,384005
8550,97,8884,791409,791506
2317,283,8885,1470634,1470917
2682,276,8885,1465365,1465641
5122,28,8885,253216,253244
3514,214,8886,1352076,1352290
3732,87,8886,723136,723223
4760,46,8886,409190,409236
6679,28,8886,253220,253248
1983,273,8887,1462595,1462868
2466,53,8887,466810,466863
2495,30,8887,271150,271180
4000,38,8887,341345,341383
5231,177,8887,1223355,1223532
5845,4,8887,27188,27192
6480,31,8887,280065,280096
7440,19,8887,170816,170835
7610,175,8887,1215096,1215271
1925,166,8888,1176312,1176478
2224,33,8888,297737,297770
4009,79,8888,666245,666324
4996,102,8888,824281,824383
5402,271,8888,1460610,1460881
6799,220,8888,1368518,1368738
2048,41,8889,367027,367068
7312,103,8889,830758,830861
9037,154,8889,1120444,1120598
6475,187,8890,1262656,1262843
5047,189,8891,1270086,1270275
5973,245,8891,1424113,1424358
7761,246,8891,1425907,1426153
8461,95,8891,778048,778143
3518,2,8892,7378,7380
4397,136,8892,1027701,1027837
5273,273,8892,1462592,1462865
1960,91,8893,750845,750936
4640,182,8893,1243401,1243583
5177,207,8893,1331337,1331544
2839,244,8894,1422281,1422525
6316,60,8894,522746,522806
6980,261,8894,1449037,1449298
9755,200,8894,1308769,1308969
1754,21,8895,189369,189390
1907,126,8895,971663,971789
3921,209,8895,1337417,1337626
7806,140,8895,1049258,1049398
1392,287,8896,1472810,1473097
3967,274,8896,1463534,1463808
4555,286,8896,1472332,1472618
4636,285,8896,1471809,1472094
5139,4,8896,27215,27219
7997,18,8896,161524,161542
8551,297,8896,1475953,1476250
4387,165,8897,1171847,1172012
6875,161,8897,1153635,1153796
9142,243,8897,1420430,1420673
2112,252,8898,1436023,1436275
3246,241,8898,1416590,1416831
9006,59,8898,514855,514914
9642,161,8898,1153639,1153800
1075,88,8899,730134,730222
1327,286,8899,1472332,1472618
3647,87,8899,723163,723250
5876,129,8899,988798,988927
8026,187,8899,1262667,1262854
8682,28,8899,253259,253287
9136,300,8899,1476254,1476554
9156,155,8899,1125308,1125463
9514,43,8899,384002,384045
9845,79,8899,666275,666354
2154,129,8900,988802,988931
2301,104,8900,837235,837339
2450,283,8901,1470626,1470909
2955,208,8901,1334405,1334613
3919,103,8901,830783,830886
5528,131,8901,1000073,1000204
8356,281,8901,1469311,1469592
1350,259,8902,1446405,1446664
1712,108,8902,862745,862853
3716,186,8902,1258887,1259073
5005,87,8902,723176,723263
5042,47,8902,417581,417628
7240,6,8902,46848,46854
7842,292,8902,1474789,1475081
8369,20,8902,180141,180161
8594,30,8902,271201,271231
1591,125,8903,965904,966029
2790,22,8903,198623,198645
4804,16,8903,142785,142801
6802,25,8903,226119,226144
5360,96,8904,784786,784882
8028,124,8904,960069,960193
9180,259,8904,1446406,1446665
9747,297,8904,1475948,1476245
1452,37,8905,332757,332794
2247,283,8905,1470626,1470909
6686,18,8905,161559,161577
6766,14,8905,123885,123899
6881,42,8905,375557,375599
6971,213,8905,1349216,1349429
9501,257,8905,1443627,1443884
2122,126,8906,971685,971811
3488,242,8906,1418516,1418758
3493,186,8906,1258892,1259078
3624,265,8906,1453992,1454257
6811,88,8906,730157,730245
7141,123,8906,954216,954339
9233,254,8906,1439158,1439412
9413,231,8906,1395550,1395781
9853,173,8906,1206742,1206915
5738,209,8907,1337430,1337639
7578,253,8907,1437619,1437872
9971,48,8907,425883,425931
1927,122,8908,948321,948443
2562,228,8908,1388581,1388809
3198,138,8908,1038569,1038707
3287,39,8908,349992,350031
3458,127,8908,977429,977556
6701,156,8908,1130121,1130277
9052,1,8908,7450,7451
1346,169,8909,1189586,1189755
2716,79,8909,666304,666383
4552,291,8909,1474462,1474753
4670,219,8909,1365875,1366094
1251,184,8910,1251217,1251401
2390,213,8910,1349222,1349435
3273,72,8910,614854,614926
3793,91,8910,750893,750984
3829,212,8910,1346322,1346534
6384,18,8910,161586,161604
6585,201,8910,1312108,1312309
8741,179,8910,1231503,1231682
7491,124,8911,960090,960214
8546,222,8911,1373716,1373938
8660,113,8911,893999,894112
9964,5,8911,37110,37115
1704,183,8912,1247332,1247515
5387,244,8912,1422286,1422530
4390,232,8913,1397800,1398032
5265,202,8913,1315408,1315610
9994,180,8913,1235506,1235686
2053,31,8914,280148,280179
4203,285,8914,1471799,1472084
9495,117,8914,918432,918549
1525,165,8915,1171872,1172037
4034,216,8915,1357694,1357910
4086,18,8915,161598,161616
4275,30,8915,271242,271272
4527,65,8915,561733,561798
4718,220,8915,1368527,1368747
6074,39,8915,350014,350053
8154,126,8915,971708,971834
1938,97,8916,791476,791573
3902,127,8916,977442,977569
5775,108,8916,862780,862888
6272,52,8916,458758,458810
6842,155,8916,1125332,1125487
8114,83,8916,695036,695119
8758,143,8916,1065081,1065224
8775,218,8916,1363175,1363393
9380,109,8916,869093,869202
9515,215,8916,1354910,1355125
9970,249,8916,1431124,1431373
1948,203,8917,1318665,1318868
3139,87,8917,723221,723308
3764,205,8917,1325062,1325267
3984,246,8917,1425907,1426153
4487,92,8917,757762,757854
8383,296,8917,1475769,1476065
1493,82,8918,687927,688009
1540,156,8918,1130138,1130294
4807,195,8918,1291744,1291939
5210,14,8918,123946,123960
6119,1,8918,7494,7495
3664,108,8919,862791,862899
3838,39,8919,350034,350073
6113,163,8919,1162828,1162991
8260,27,8919,244332,244359
1260,239,8920,1412604,1412843
5295,45,8920,400911,400956
5906,21,8920,189470,189491
7624,248,8920,1429403,1429651
8382,34,8920,306635,306669
9412,252,8920,1436019,1436271
9556,284,8920,1471228,1471512
1555,93,8921,764576,764669
1936,55,8921,483064,483119
2676,101,8921,817846,817947
3044,44,8921,392515,392559
3693,217,8921,1360454,1360671
4498,242,8921,1418515,1418757
4975,64,8921,554034,554098
3422,44,8922,392519,392563
8689,195,8922,1291748,1291943
2568,47,8923,417647,417694
3278,113,8923,894020,894133
5970,192,8923,1281078,1281270
7970,284,8923,1471227,1471511
8945,257,8923,1443617,1443874
3521,51,8924,450629,450680
4074,79,8924,666347,666426
6163,85,8924,709217,709302
1633,184,8925,1251232,1251416
5910,257,8925,1443617,1443874
5930,167,8925,1180802,1180969
7230,239,8925,1412608,1412847
8459,264,8925,1452772,1453036
8691,162,8925,1158273,1158435
9593,221,8925,1371133,1371354
9648,128,8925,983165,983293
9938,194,8925,1288229,1288423
9992,23,8925,207917,207940
2577,111,8926,881634,881745
4766,220,8926,1368532,1368752
7779,31,8926,280203,280234
4204,44,8927,392536,392580
6080,89,8927,737149,737238
3945,34,8928,306661,306695
6209,62,8928,538506,538568
7168,15,8928,133444,133459
1353,254,8929,1439145,1439399
2381,279,8929,1467812,1468091
4623,8,8929,66412,66420
6632,198,8929,1302076,1302274
8940,84,8929,702156,702240
9427,55,8929,483086,483141
1999,57,8930,499090,499147
5054,269,8930,1458497,1458766
9541,77,8930,651829,651906
3138,288,8931,1473249,1473537
7314,193,8931,1284677,1284870
2049,9,8932,76100,76109
4242,221,8932,1371132,1371353
4438,228,8932,1388580,1388808
5379,88,8932,730218,730306
6102,253,8932,1437608,1437861
6342,298,8932,1476046,1476344
7576,218,8932,1363184,1363402
9334,233,8932,1400012,1400245
2004,228,8933,1388584,1388812
2805,181,8933,1239496,1239677
8582,253,8933,1437610,1437863
9846,79,8933,666370,666449
2258,139,8934,1043975,1044114
7770,150,8934,1100812,1100962
9251,216,8934,1357707,1357923
1047,258,8935,1445020,1445278
5216,135,8935,1022299,1022434
7497,8,8935,66433,66441
1206,158,8936,1139682,1139840
1965,266,8936,1455150,1455416
2812,2,8936,7554,7556
7995,164,8936,1167380,1167544
8840,235,8936,1404340,1404575
9134,277,8936,1466183,1466460
1202,222,8937,1373722,1373944
1504,25,8937,226238,226263
4840,173,8937,1206778,1206951
5057,172,8937,1202536,1202708
5886,112,8937,887866,887978
3248,114,8938,900201,900315
4506,76,8938,644532,644608
6051,130,8938,994512,994642
4079,208,8940,1334429,1334637
4795,279,8940,1467805,1468084
7183,36,8940,324175,324211
8752,89,8940,737171,737260
1900,283,8941,1470599,1470882
4054,214,8941,1352101,1352315
6428,175,8941,1215153,1215328
6611,139,8941,1043986,1044125
9736,29,8941,262381,262410
2915,104,8942,837322,837426
3095,149,8942,1095795,1095944
7766,284,8942,1471212,1471496
9014,196,8942,1295233,1295429
9210,32,8942,289101,289133
2140,127,8943,977487,977614
2646,274,8943,1463511,1463785
3024,222,8943,1373722,1373944
4337,243,8943,1420427,1420670
6107,52,8943,458834,458886
6515,132,8943,1005731,1005863
7598,247,8943,1427674,1427921
8086,15,8943,133491,133506
8814,196,8943,1295238,1295434
1151,297,8944,1475911,1476208
1596,130,8944,994524,994654
4400,17,8944,152336,152353
5271,250,8944,1432799,1433049
5666,240,8944,1414623,1414863
7808,283,8944,1470600,1470883
7878,280,8944,1468562,1468842
9783,168,8944,1185252,1185420
1404,200,8945,1308812,1309012
5249,222,8945,1373729,1373951
5625,54,8945,475073,475127
5758,198,8945,1302094,1302292
5258,259,8946,1446388,1446647
6171,247,8946,1427678,1427925
6427,133,8946,1011292,1011425
6514,3,8946,17540,17543
8842,121,8946,942467,942588
3150,295,8947,1475532,1475827
6742,198,8947,1302097,1302295
2572,137,8948,1033244,1033381
4372,48,8948,426003,426051
6142,263,8948,1451536,1451799
4977,231,8949,1395554,1395785
6513,246,8949,1425908,1426154
6872,59,8949,515001,515060
7055,17,8949,152354,152371
7162,294,8949,1475307,1475601
8134,89,8949,737200,737289
1215,40,8950,358672,358712
2512,242,8950,1418518,1418760
4962,96,8950,784895,784991
4979,163,8950,1162871,1163034
7985,249,8950,1431121,1431370
8387,249,8950,1431123,1431372
1646,263,8951,1451536,1451799
3676,287,8951,1472768,1473055
4360,293,8951,1475044,1475337
5582,66,8951,569523,569589
6135,143,8951,1065140,1065283
3966,99,8952,804795,804894
4782,285,8952,1471771,1472056
8348,33,8952,297945,297978
1500,240,8953,1414631,1414871
3557,63,8953,546362,546425
4240,223,8953,1376287,1376510
5549,102,8953,824425,824527
6935,164,8953,1167408,1167572
7722,72,8953,614970,615042
7971,118,8953,924541,924659
9304,109,8953,869170,869279
1782,32,8954,289146,289178
2146,249,8954,1431125,1431374
2269,214,8954,1352118,1352332
6106,46,8954,409394,409440
6181,14,8954,124073,124087
6882,238,8954,1410605,1410843
9761,230,8954,1393268,1393498
2865,89,8955,737217,737306
3495,51,8955,450721,450772
3712,24,8955,217179,217203
4095,51,8955,450723,450774
4391,140,8955,1049357,1049497
5365,121,8955,942484,942605
6314,256,8955,1442159,1442415
7394,29,8955,262441,262470
1956,32,8956,289157,289189
3737,72,8956,614979,615051
3430,172,8957,1202560,1202732
5785,50,8957,442529,442579
6375,242,8957,1418521,1418763
7053,191,8957,1277487,1277678
8004,157,8957,1134974,1135131
2665,41,8958,367242,367283
3115,149,8958,1095825,1095974
4737,208,8958,1334449,1334657
6133,254,8958,1439141,1439395
7354,116,8958,912451,912567
1039,112,8959,887913,888025
1187,205,8959,1325094,1325299
2662,131,8959,1000174,1000305
6832,113,8959,894096,894209
8624,296,8959,1475731,1476027
1015,185,8960,1255127,1255312
3749,46,8960,409414,409460
3561,134,8961,1016838,1016972
8033,85,8961,709306,709391
9752,91,8961,751011,751102
9124,90,8962,744138,744228
1074,100,8963,811392,811492
1811,253,8963,1437603,1437856
2961,255,8963,1440649,1440904
3794,21,8963,189615,189636
4675,251,8963,1434414,1434665
5021,19,8963,171081,171100
8968,256,8963,1442154,1442410
1388,158,8964,1139720,1139878
2062,160,8964,1149088,1149248
3036,174,8964,1210994,1211168
3357,229,8964,1390944,1391173
5711,240,8964,1414631,1414871
7057,1,8964,7662,7663
2602,55,8965,483183,483238
3929,151,8965,1105827,1105978
4972,231,8965,1395561,1395792
5255,32,8965,289185,289217
5511,48,8965,426057,426105
8298,135,8965,1022350,1022485
8406,47,8965,417774,417821
1371,204,8966,1321905,1322109
2150,274,8966,1463499,1463773
2821,92,8966,757867,757959
4373,78,8966,659196,659274
4971,70,8966,599986,600056
7239,223,8966,1376291,1376514
1490,166,8967,1176407,1176573
2467,34,8968,306784,306818
4614,179,8968,1231560,1231739
7827,15,8968,133583,133598
1282,156,8969,1130204,1130360
2913,161,8969,1153729,1153890
6792,66,8969,569567,569633
3895,2,8970,7677,7679
4140,144,8970,1070343,1070487
4751,47,8970,417783,417830
5234,3,8970,17624,17627
5395,28,8970,253501,253529
9168,30,8970,271427,271457
1305,218,8971,1363200,1363418
1857,218,8971,1363202,1363420
3596,174,8971,1210998,1211172
4456,223,8971,1376288,1376511
5917,76,8971,644612,644688
6057,192,8971,1281119,1281311
9806,154,8971,1120560,1120714
1530,160,8972,1149097,1149257
4318,250,8972,1432791,1433041
4604,243,8972,1420427,1420670
6453,203,8972,1318702,1318905
7344,18,8972,161804,161822
1855,152,8973,1110780,1110932
2005,39,8973,350196,350235
2626,65,8973,561886,561951
3016,288,8973,1473215,1473503
4776,34,8973,306802,306836
9023,65,8973,561889,561954
1821,80,8974,673684,673764
2093,174,8974,1211003,1211177
4453,295,8974,1475508,1475803
7506,295,8974,1475510,1475805
9165,280,8974,1468543,1468823
2013,11,8975,95521,95532
4050,128,8975,983249,983377
4417,210,8975,1340457,1340667
5574,231,8975,1395560,1395791
5667,149,8975,1095851,1096000
6176,214,8975,1352124,1352338
6242,150,8975,1100874,1101024
7564,48,8975,426088,426136
8203,244,8975,1422281,1422525
1572,39,8976,350211,350250
2521,113,8976,894127,894240
2849,235,8976,1404347,1404582
4036,157,8976,1134997,1135154
8327,171,8976,1198308,1198479
3689,277,8977,1466160,1466437
3825,292,8977,1474726,1475018
5091,283,8977,1470579,1470862
6035,68,8977,584857,584925
6900,157,8977,1135002,1135159
6036,55,8978,483223,483278
7045,289,8978,1473644,1473933
2943,125,8979,966046,966171
6765,119,8979,930592,930711
7508,288,8979,1473215,1473503
9471,166,8979,1176422,1176588
1934,121,8980,942528,942649
3239,123,8980,954355,954478
3787,61,8980,530832,530893
5196,85,8980,709351,709436
2139,232,8981,1397810,1398042
2981,93,8981,764705,764798
3376,165,8981,1171949,1172114
4427,247,8981,1427673,1427920
6768,203,8981,1318711,1318914
8606,283,8981,1470579,1470862
3930,90,8982,744186,744276
4486,183,8982,1247398,1247581
7025,282,8982,1469934,1470216
8845,161,8982,1153750,1153911
1391,125,8983,966054,966179
8005,197,8983,1298713,1298910
9076,96,8983,784970,785066
9253,132,8983,1005804,1005936
1386,151,8984,1105857,1106008
2248,211,8984,1343422,1343633
2734,155,8984,1125429,1125584
3677,277,8984,1466161,1466438
5013,177,8984,1223454,1223631
9056,27,8984,244553,244580
2518,1,8985,7741,7742
3789,299,8985,1476104,1476403
8633,234,8986,1402201,1402435
8876,269,8986,1458473,1458742
2380,37,8987,333021,333058
5673,170,8987,1194016,1194186
8069,70,8987,600037,600107
2231,20,8988,180437,180457
2480,205,8988,1325105,1325310
2856,299,8988,1476103,1476402
3077,116,8988,912507,912623
3101,131,8988,1000223,1000354
4138,7,8988,56915,56922
6897,180,8988,1235575,1235755
8471,285,8988,1471746,1472031
8944,80,8988,673728,673808
1338,245,8989,1424109,1424354
5386,220,8989,1368558,1368778
6443,95,8989,778270,778365
6659,276,8989,1465310,1465586
6140,54,8990,475198,475252
6540,79,8990,666510,666589
7125,127,8990,977578,977705
8249,293,8990,1475012,1475305
3109,165,8991,1171962,1172127
3617,88,8991,730362,730450
9665,137,8991,1033313,1033450
2609,79,8992,666515,666594
5697,281,8992,1469255,1469536
4728,151,8993,1105868,1106019
6584,298,8993,1475989,1476287
7860,108,8993,862940,863048
7944,181,8993,1239545,1239726
2322,158,8995,1139756,1139914
2361,29,8995,262558,262587
4460,75,8995,637325,637400
6724,63,8995,546473,546536
1689,134,8996,1016890,1017024
3807,263,8996,1451518,1451781
5119,181,8996,1239545,1239726
9332,278,8996,1466982,1467260
1945,232,8997,1397812,1398044
3913,36,8997,324351,324387
4347,278,8997,1466983,1467261
4915,57,8997,499271,499328
7051,99,8997,804885,804984
9019,47,8997,417864,417911
2992,149,8998,1095880,1096029
3529,127,8998,977587,977714
4310,16,8998,143117,143133
8540,22,8998,198945,198967
3144,244,8999,1422280,1422524
3195,68,8999,584905,584973
4132,46,8999,409521,409567
5786,202,8999,1315460,1315662
6628,283,8999,1470568,1470851
1883,236,9000,1406455,1406691
3582,27,9000,244591,244618
4740,84,9000,702317,702401
7247,106,9000,850251,850357
7326,225,9000,1381323,1381548
9704,159,9000,1144454,1144613
4224,144,9001,1070390,1070534
5493,230,9001,1393270,1393500
8425,207,9001,1331401,1331608
1604,233,9002,1400019,1400252
2485,234,9002,1402201,1402435
3184,40,9002,358828,358868
3218,127,9002,977596,977723
3650,111,9002,881780,881891
3798,125,9002,966085,966210
7903,162,9002,1158357,1158519
9805,182,9002,1243501,1243683
3423,126,9003,971861,971987
8128,235,9003,1404346,1404581
2174,300,9004,1476151,1476451
3313,129,9004,988975,989104
6976,247,9004,1427668,1427915
7717,30,9004,271535,271565
1299,134,9005,1016905,1017039
2617,145,9005,1075543,1075688
2672,160,9005,1149133,1149293
2881,290,9005,1474021,1474311
3482,73,9005,622555,622628
5087,151,9005,1105883,1106034
7964,164,9005,1167455,1167619
8693,183,9005,1247410,1247593
5010,187,9006,1262751,1262938
5202,83,9007,695249,695332
6416,66,9007,569666,569732
7759,126,9007,971871,971997
8655,140,9007,1049430,1049570
1134,293,9008,1474998,1475291
4271,277,9008,1466151,1466428
4611,268,9008,1457380,1457648
5002,192,9008,1281141,1281333
5801,247,9008,1427670,1427917
7834,235,9008,1404350,1404585
1314,236,9009,1406455,1406691
1564,290,9009,1474020,1474310
3147,29,9009,262608,262637
4122,227,9009,1386216,1386443
5987,43,9010,384335,384378
6069,159,9010,1144469,1144628
2379,73,9011,622568,622641
2400,97,9011,791678,791775
2541,60,9011,523068,523128
5690,72,9011,615112,615184
7881,195,9011,1291808,1292003
8673,121,9011,942586,942707
5133,118,9012,924647,924765
6403,119,9012,930652,930771
1933,160,9013,1149141,1149301
2126,142,9013,1059985,1060127
4822,96,9013,785029,785125
6687,112,9013,888017,888129
6839,129,9013,988991,989120
7526,81,9013,680977,681058
8225,281,9013,1469242,1469523
9362,278,9013,1466975,1467253
9680,20,9013,180524,180544
1463,52,9014,459035,459087
6631,274,9014,1463482,1463756
6973,65,9014,562000,562065
8248,249,9014,1431109,1431358
4647,65,9015,562002,562067
6237,162,9015,1158368,1158530
8285,215,9015,1354952,1355167
2643,125,9016,966110,966235
4749,252,9016,1435995,1436247
7018,229,9016,1390952,1391181
8900,49,9016,434451,434500
1930,221,9017,1371164,1371385
2745,216,9017,1357739,1357955
4601,84,9017,702361,702445
6987,136,9017,1027896,1028032
7541,72,9017,615131,615203
8122,54,9017,475275,475329
8137,150,9017,1100925,1101075
1815,111,9018,881815,881926
4200,55,9018,483333,483388
8974,47,9018,417930,417977
3037,285,9019,1471723,1472008
5481,212,9019,1346371,1346583
5965,99,9019,804933,805032
7194,207,9019,1331410,1331617
1315,15,9020,133755,133770
2829,128,9020,983319,983447
7161,24,9020,217388,217412
8389,181,9020,1239564,1239745
8414,94,9020,771579,771673
1717,235,9021,1404347,1404582
1792,56,9021,491346,491402
2564,158,9021,1139784,1139942
8079,233,9021,1400021,1400254
5298,81,9022,680995,681076
6378,126,9022,971893,972019
8062,212,9022,1346372,1346584
8316,35,9022,315705,315740
9045,73,9022,622598,622671
9499,222,9022,1373748,1373970
1416,236,9023,1406450,1406686
4954,44,9023,392818,392862
5304,206,9023,1328274,1328480
5309,24,9023,217402,217426
5540,233,9023,1400022,1400255
9060,10,9023,86072,86082
2403,31,9024,280505,280536
2550,22,9024,199035,199057
4931,155,9024,1125469,1125624
5835,39,9024,350354,350393
5981,142,9024,1060000,1060142
6460,215,9024,1354955,1355170
7668,73,9024,622605,622678
1424,282,9025,1469904,1470186
4392,271,9025,1460543,1460814
6238,43,9025,384386,384429
7957,48,9025,426229,426277
8111,171,9025,1198344,1198515
8638,179,9025,1231603,1231782
9569,55,9025,483355,483410
9912,290,9025,1474006,1474296
9913,162,9025,1158382,1158544
5751,271,9026,1460545,1460816
6664,72,9026,615155,615227
7917,26,9026,235626,235652
1110,149,9027,1095918,1096067
1423,205,9027,1325124,1325329
8549,253,9027,1437582,1437835
8929,282,9027,1469905,1470187
9437,238,9027,1410594,1410832
2478,175,9028,1215229,1215404
3527,245,9028,1424100,1424345
8562,3,9028,17834,17837
8678,108,9028,863011,863119
8718,285,9028,1471717,1472002
9065,134,9028,1016947,1017081
9183,47,9028,417965,418012
4051,223,9029,1376304,1376527
4834,110,9029,875594,875704
6661,131,9030,1000285,1000416
7551,246,9030,1425892,1426138
2535,247,9031,1427663,1427910
8831,29,9031,262682,262711
3050,98,9032,798346,798444
4233,296,9032,1475664,1475960
7186,176,9032,1219375,1219551
8595,174,9032,1211053,1211227
1753,207,9033,1331418,1331625
7562,91,9033,751164,751255
9640,113,9033,894233,894346
1012,264,9034,1452725,1452989
6601,128,9034,983344,983472
6672,247,9034,1427664,1427911
8207,130,9034,994669,994799
9034,214,9034,1352144,1352358
1033,251,9035,1434390,1434641
3388,126,9035,971920,972046
5285,151,9036,1105918,1106069
7297,98,9036,798357,798455
9208,135,9037,1022450,1022585
3090,152,9038,1110852,1111004
3394,22,9038,199075,199097
4929,285,9038,1471710,1471995
5335,213,9038,1349276,1349489
6042,97,9038,791734,791831
7080,197,9038,1298740,1298937
7952,19,9038,171328,171347
8805,67,9038,577399,577466
8971,170,9038,1194057,1194227
1276,244,9039,1422272,1422516
2339,16,9039,143256,143272
9681,26,9039,235657,235683
9801,45,9039,401256,401301
1520,198,9040,1302145,1302343
2649,213,9040,1349277,1349490
4596,182,9040,1243526,1243708
6164,187,9040,1262774,1262961
8342,39,9040,350400,350439
9050,216,9040,1357742,1357958
9722,117,9040,918666,918783
9951,169,9040,1189718,1189887
2431,21,9041,189871,189892
2487,203,9041,1318737,1318940
3071,107,9041,856703,856810
5168,127,9041,977661,977788
6523,269,9041,1458446,1458715
2778,132,9042,1005886,1006018
3920,142,9042,1060026,1060168
7431,83,9042,695331,695414
8851,1,9042,7934,7935
2852,17,9043,152672,152689
2885,280,9043,1468501,1468781
3962,284,9043,1471140,1471424
4210,288,9043,1473163,1473451
1433,197,9044,1298745,1298942
4343,74,9044,630055,630129
7338,71,9044,607711,607782
7784,135,9044,1022464,1022599
8777,133,9044,1011438,1011571
9583,20,9044,180627,180647
6235,26,9045,235677,235703
6431,197,9045,1298746,1298943
9686,53,9045,467249,467302
1084,281,9046,1469220,1469501
2376,139,9046,1044136,1044275
5526,210,9046,1340482,1340692
5563,57,9046,499402,499459
9148,152,9046,1110866,1111018
9436,168,9046,1185342,1185510
1363,281,9047,1469221,1469502
2976,162,9047,1158403,1158565
3565,93,9047,764847,764940
7304,31,9047,280576,280607
8556,13,9047,114888,114901
9001,254,9047,1439107,1439361
2594,53,9048,467258,467311
5883,118,9048,924712,924830
7795,246,9048,1425889,1426135
8235,103,9048,831089,831192
9530,178,9048,1227561,1227739
1258,140,9049,1049485,1049625
2076,273,9049,1462514,1462787
7117,295,9049,1475442,1475737
8322,288,9049,1473160,1473448
7005,123,9050,954477,954600
7980,185,9050,1255180,1255365
3578,295,9051,1475442,1475737
4145,86,9051,716518,716604
4818,247,9051,1427662,1427909
5179,213,9051,1349282,1349495
5183,202,9051,1315489,1315691
5491,150,9051,1100969,1101119
6206,87,9051,723524,723611
7121,8,9051,66840,66848
9644,279,9051,1467744,1468023
1751,5,9052,37607,37612
2620,295,9052,1475443,1475738
5400,39,9052,350440,350479
6373,105,9052,843969,844074
8747,159,9052,1144514,1144673
9415,206,9052,1328289,1328495
3165,298,9053,1475932,1476230
3818,202,9053,1315493,1315695
4258,152,9053,1110881,1111033
8748,121,9053,942664,942785
5239,89,9054,737436,737525
6077,94,9054,771656,771750
9811,101,9054,818119,818220
1987,269,9055,1458446,1458715
3586,285,9055,1471701,1471986
4148,12,9055,105372,105384
6365,182,9055,1243542,1243724
8220,33,9055,298264,298297
3310,169,9056,1189733,1189902
7715,216,9056,1357746,1357962
8281,13,9056,114919,114932
9658,19,9056,171393,171412
5489,250,9057,1432770,1433020
3439,86,9058,716536,716622
4961,243,9058,1420420,1420663
5033,210,9058,1340489,1340699
6910,155,9058,1125511,1125666
8890,88,9058,730509,730597
3407,155,9059,1125512,1125667
8668,59,9059,515293,515352
1736,201,9060,1312192,1312393
1231,210,9061,1340488,1340698
3187,71,9061,607751,607822
4048,122,9061,948593,948715
6398,277,9061,1466122,1466399
6641,278,9061,1466948,1467226
7961,236,9061,1406453,1406689
9898,139,9061,1044163,1044302
7085,123,9062,954496,954619
7574,170,9062,1194079,1194249
1032,208,9063,1334484,1334692
6530,219,9063,1365912,1366131
9496,202,9063,1315497,1315699
1266,178,9064,1227575,1227753
2030,72,9064,615243,615315
5704,143,9064,1065288,1065431
6323,62,9064,538860,538922
7282,233,9064,1400023,1400256
7364,272,9064,1461528,1461800
9462,268,9064,1457357,1457625
2788,212,9065,1346386,1346598
3717,107,9065,856750,856857
4918,289,9065,1473573,1473862
2965,214,9066,1352147,1352361
5908,171,9066,1198383,1198554
1183,155,9067,1125523,1125678
2055,271,9067,1460527,1460798
3572,69,9067,592669,592738
6972,193,9067,1284770,1284963
7135,62,9067,538871,538933
1421,132,9068,1005929,1006061
2027,177,9068,1223517,1223694
6619,156,9068,1130318,1130474
9336,69,9068,592674,592743
9616,138,9068,1038807,1038945
1544,202,9069,1315500,1315702
3579,173,9069,1206892,1207065
4288,62,9069,538878,538940
2625,193,9070,1284770,1284963
5543,17,9070,152755,152772
6605,269,9070,1458439,1458708
6771,298,9071,1475916,1476214
7500,172,9071,1202654,1202826
8347,65,9071,562142,562207
8629,153,9071,1115802,1115955
1784,225,9072,1381326,1381551
2470,230,9072,1393271,1393501
2875,165,9072,1172036,1172201
3999,51,9072,451041,451092
4609,51,9072,451043,451094
6850,134,9072,1017011,1017145
7208,91,9072,751250,751341
7607,223,9072,1376303,1376526
9126,194,9072,1288323,1288517
9421,298,9072,1475917,1476215
9598,62,9072,538891,538953
2707,11,9074,95847,95858
3120,136,9074,1027979,1028115
3389,128,9074,983413,983541
4645,20,9074,180715,180735
7563,70,9074,600250,600320
7703,198,9074,1302165,1302363
7899,118,9074,924764,924882
8273,245,9074,1424092,1424337
8796,246,9074,1425885,1426131
2392,26,9075,235769,235795
5218,276,9075,1465263,1465539
5723,56,9075,491492,491548
8410,208,9075,1334491,1334699
2580,83,9076,695408,695491
3240,82,9076,688289,688371
3451,242,9076,1418503,1418745
6763,1,9076,8048,8049
7404,290,9076,1473964,1474254
9192,98,9076,798442,798540
1778,33,9077,298324,298357
3648,52,9077,459209,459261
4535,108,9077,863102,863210
6522,26,9077,235780,235806
9397,262,9077,1450233,1450495
5561,274,9078,1463446,1463720
6451,203,9078,1318754,1318957
9939,234,9078,1402200,1402434
2611,90,9079,744392,744482
2389,73,9080,622732,622805
4171,49,9080,434625,434674
8852,253,9080,1437565,1437818
9596,160,9080,1149214,1149374
3008,133,9081,1011494,1011627
6551,101,9081,818165,818266
9420,256,9081,1442110,1442366
9466,111,9081,881930,882041
2468,279,9082,1467722,1468001
5088,25,9082,226699,226724
6111,206,9082,1328299,1328505
6426,298,9082,1475909,1476207
2427,73,9083,622740,622813
4846,10,9083,86265,86275
6560,146,9083,1080768,1080914
9352,249,9083,1431089,1431338
6412,229,9084,1390953,1391182
7954,252,9084,1435973,1436225
2460,249,9085,1431090,1431339
2736,120,9085,936751,936871
4743,202,9085,1315511,1315713
5452,250,9085,1432762,1433012
7974,113,9085,894328,894441
7982,91,9085,751276,751367
8505,243,9085,1420418,1420661
9676,277,9085,1466107,1466384
4385,73,9086,622751,622824
5783,133,9086,1011504,1011637
6300,185,9086,1255210,1255395
8017,159,9086,1144551,1144710
4533,76,9087,644884,644960
7176,126,9087,972005,972131
3277,104,9088,837615,837719
7544,228,9088,1388606,1388834
8109,49,9088,434649,434698
8707,70,9088,600286,600356
9375,139,9088,1044198,1044337
2924,217,9089,1360500,1360717
3729,30,9089,271788,271818
4141,81,9089,681148,681229
6808,30,9089,271791,271821
7395,72,9089,615304,615376
9608,239,9089,1412599,1412838
1357,202,9090,1315514,1315716
1474,200,9090,1308891,1309091
4298,145,9090,1075652,1075797
7100,109,9090,869427,869536
1148,108,9091,863125,863233
2586,172,9091,1202671,1202843
3293,144,9091,1070506,1070650
5167,204,9091,1321957,1322161
5900,99,9091,805078,805177
7374,50,9091,442901,442951
7396,104,9091,837626,837730
1850,195,9092,1291857,1292052
2832,179,9092,1231653,1231832
4934,54,9092,475475,475529
5670,28,9092,253881,253909
6250,126,9092,972014,972140
2481,95,9093,778481,778576
3856,265,9093,1453903,1454168
4483,49,9093,434669,434718
5497,296,9093,1475609,1475905
6085,10,9093,86306,86316
6681,116,9093,912694,912810
6966,214,9093,1352153,1352367
7340,151,9093,1105990,1106141
4087,171,9094,1198408,1198579
5187,160,9094,1149228,1149388
6622,224,9094,1378835,1379059
7016,125,9094,966244,966369
7518,116,9094,912701,912817
7463,163,9095,1163009,1163172
8730,300,9095,1476062,1476362
4806,40,9096,359106,359146
6851,190,9096,1273916,1274106
8774,299,9096,1475999,1476298
2869,243,9097,1420413,1420656
4005,15,9097,134009,134024
6262,20,9097,180793,180813
6726,244,9097,1422263,1422507
6809,88,9097,730594,730682
2329,135,9098,1022542,1022677
6774,206,9098,1328304,1328510
9282,105,9098,844055,844160
6049,248,9099,1429360,1429608
8813,57,9099,499544,499601
9553,202,9099,1315518,1315720
3563,186,9100,1259033,1259219
3644,45,9100,401431,401476
4968,279,9100,1467710,1467989
8140,44,9100,393037,393081
8791,54,9100,475496,475550
1977,125,9101,966251,966376
2782,298,9101,1475894,1476192
9976,219,9101,1365918,1366137
1916,118,9102,924805,924923
2464,254,9102,1439086,1439340
6065,97,9102,791867,791964
8705,172,9102,1202682,1202854
2696,275,9103,1464357,1464632
2803,245,9103,1424088,1424333
4093,28,9103,253913,253941
4933,185,9103,1255221,1255406
5343,234,9103,1402200,1402434
8266,141,9103,1054863,1055004
9371,203,9103,1318765,1318968
9394,43,9103,384611,384654
2794,166,9104,1176535,1176701
3878,206,9104,1328308,1328514
4710,242,9104,1418502,1418744
6145,113,9104,894367,894480
8975,277,9104,1466095,1466372
9270,206,9104,1328312,1328518
1027,221,9105,1371173,1371394
1765,207,9106,1331441,1331648
8171,225,9106,1381332,1381557
8894,125,9106,966266,966391
3417,75,9107,637587,637662
4061,88,9107,730616,730704
5413,146,9107,1080800,1080946
6956,271,9107,1460504,1460775
7708,80,9107,674000,674080
7725,173,9107,1206927,1207100
7888,216,9107,1357756,1357972
9388,150,9107,1101041,1101191
4361,268,9108,1457334,1457602
5712,23,9108,208497,208520
6579,197,9108,1298789,1298986
8995,34,9108,307208,307242
9123,289,9108,1473540,1473829
1843,280,9109,1468457,1468737
3250,115,9109,906635,906750
5038,176,9109,1219442,1219618
5166,260,9109,1447650,1447910
7345,211,9109,1343461,1343672
9463,38,9109,342021,342059
9789,93,9109,764985,765078
1197,114,9110,900526,900640
2295,219,9110,1365924,1366143
5189,62,9110,538992,539054
9289,36,9110,324697,324733
1004,231,9111,1395565,1395796
4732,109,9111,869474,869583
9772,283,9111,1470485,1470768
3914,106,9112,850477,850583
5105,5,9112,37807,37812
5623,92,9112,758181,758273
6488,260,9112,1447650,1447910
7315,242,9112,1418504,1418746
9919,274,9112,1463427,1463701
2847,166,9113,1176551,1176717
2998,122,9113,948687,948809
3300,124,9113,960441,960565
8175,229,9113,1390957,1391186
3670,12,9115,105562,105574
3641,158,9116,1139891,1140049
9036,249,9116,1431080,1431329
2060,227,9117,1386218,1386445
2187,123,9117,954587,954710
4085,232,9117,1397813,1398045
5092,249,9117,1431081,1431330
5739,291,9117,1474284,1474575
7043,266,9117,1455071,1455337
1974,121,9118,942769,942890
2282,10,9118,86383,86393
2721,296,9118,1475589,1475885
6942,269,9118,1458415,1458684
8311,248,9118,1429362,1429610
4705,47,9119,418209,418256
5288,174,9119,1211129,1211303
6538,18,9119,162276,162294
6974,46,9119,409864,409910
9653,89,9119,737577,737666
3674,101,9120,818249,818350
4966,266,9121,1455071,1455337
5455,275,9121,1464347,1464622
6479,241,9121,1416578,1416819
2313,252,9122,1435961,1436213
2691,154,9122,1120737,1120891
3998,157,9122,1135159,1135316
6156,152,9122,1110964,1111116
2430,34,9123,307243,307277
7402,287,9123,1472634,1472921
7501,192,9123,1281221,1281413
8565,195,9123,1291883,1292078
5274,230,9124,1393279,1393509
7869,233,9124,1400027,1400260
8838,164,9124,1167576,1167740
2442,121,9125,942781,942902
2667,140,9125,1049592,1049732
5909,205,9125,1325169,1325374
6298,66,9125,569962,570028
7258,201,9125,1312235,1312436
7729,91,9125,751368,751459
1056,157,9126,1135165,1135322
7764,88,9126,730661,730749
9095,88,9126,730663,730751
9632,264,9126,1452687,1452951
2180,283,9127,1470474,1470757
8989,285,9127,1471644,1471929
9330,97,9127,791922,792019
1639,147,9128,1085929,1086076
5337,16,9128,143536,143552
7720,299,9128,1475969,1476268
2220,295,9129,1475378,1475673
3176,84,9129,702613,702697
9905,178,9129,1227631,1227809
2902,260,9130,1447647,1447907
3730,171,9130,1198446,1198617
9881,179,9130,1231687,1231866
2453,19,9131,171612,171631
2554,279,9131,1467692,1467971
3496,112,9131,888232,888344
3937,93,9131,765023,765116
5290,295,9131,1475378,1475673
3593,260,9132,1447649,1447909
4082,170,9132,1194151,1194321
4853,275,9132,1464345,1464620
6274,288,9132,1473097,1473385
7289,155,9132,1125604,1125759
8032,217,9133,1360517,1360734
1255,208,9134,1334515,1334723
2234,258,9134,1444950,1445208
2763,59,9134,515484,515543
3001,25,9134,226853,226878
3301,129,9134,989178,989307
7960,22,9134,199369,199391
9057,2,9134,8230,8232
2558,236,9135,1406453,1406689
2692,262,9135,1450211,1450473
3285,248,9135,1429364,1429612
3799,226,9135,1383803,1384029
4299,185,9135,1255253,1255438
8141,181,9135,1239659,1239840
2280,222,9136,1373771,1373993
4634,206,9136,1328334,1328540
4769,46,9136,409907,409953
5474,201,9136,1312246,1312447
6210,59,9136,515494,515553
8121,286,9136,1472149,1472435
8720,114,9136,900574,900688
4898,260,9137,1447650,1447910
6006,197,9137,1298814,1299011
9546,292,9137,1474590,1474882
1277,203,9138,1318793,1318996
1546,3,9138,18185,18188
1980,193,9138,1284828,1285021
2196,9,9138,76791,76800
2294,293,9138,1474886,1475179
2850,120,9138,936851,936971
2873,244,9138,1422268,1422512
3743,154,9138,1120769,1120923
8713,242,9138,1418511,1418753
8783,242,9138,1418513,1418755
9053,206,9138,1328341,1328547
1065,20,9139,180920,180940
1961,128,9139,983519,983647
2095,122,9139,948737,948859
2970,215,9139,1354992,1355207
4011,292,9139,1474591,1474883
4622,226,9139,1383809,1384035
1829,292,9140,1474592,1474884
1899,35,9140,316048,316083
5217,75,9140,637676,637751
6343,195,9140,1291907,1292102
9876,255,9140,1440593,1440848
9957,219,9140,1365946,1366165
1937,192,9141,1281249,1281441
3019,69,9141,592863,592932
4068,29,9141,263009,263038
4584,127,9141,977830,977957
4713,279,9141,1467691,1467970
5806,125,9141,966334,966459
9291,271,9141,1460494,1460765
1430,182,9142,1243625,1243807
1923,3,9142,18212,18215
4550,177,9142,1223598,1223775
8468,167,9142,1181033,1181200
9610,93,9142,765064,765157
9857,108,9142,863244,863352
5342,163,9143,1163081,1163244
5459,62,9143,539080,539142
9917,37,9143,333483,333520
1685,291,9144,1474267,1474558
8802,180,9144,1235708,1235888
6858,161,9145,1153929,1154090
1146,125,9146,966339,966464
7774,93,9146,765068,765161
3427,264,9147,1452684,1452948
5431,187,9147,1262862,1263049
9758,150,9147,1101104,1101254
3045,5,9148,37915,37920
4045,202,9148,1315556,1315758
5873,131,9148,1000471,1000602
8501,129,9148,989209,989338
4621,8,9149,67148,67156
5820,15,9149,134168,134183
5979,60,9149,523426,523486
6747,278,9149,1466893,1467171
7713,295,9149,1475362,1475657
8259,242,9149,1418513,1418755
8690,116,9149,912808,912924
8795,56,9149,491689,491745
1037,40,9150,359256,359296
6020,59,9150,515535,515594
6994,160,9150,1149304,1149464
9355,283,9150,1470465,1470748
1180,73,9151,622913,622986
3345,20,9151,180958,180978
4279,249,9151,1431084,1431333
4407,108,9151,863255,863363
6162,226,9151,1383810,1384036
7316,32,9151,289741,289773
8080,227,9151,1386234,1386461
1348,65,9152,562350,562415
4430,151,9152,1106077,1106228
5805,255,9152,1440590,1440845
1325,101,9153,818322,818423
1529,237,9153,1408539,1408776
3865,5,9153,37939,37944
4798,78,9153,659634,659712
5412,223,9153,1376330,1376553
6289,289,9153,1473508,1473797
7366,272,9153,1461484,1461756
2360,292,9154,1474581,1474873
9672,49,9154,434835,434884
1191,285,9155,1471631,1471916
1787,243,9155,1420419,1420662
4130,54,9155,475645,475699
2355,274,9156,1463410,1463684
3757,11,9156,96113,96124
4420,71,9156,607987,608058
7099,268,9156,1457321,1457589
5877,291,9157,1474258,1474549
7355,177,9157,1223608,1223785
8442,296,9157,1475553,1475849
9756,220,9157,1368601,1368821
4965,258,9158,1444950,1445208
5467,164,9158,1167624,1167788
9272,181,9158,1239688,1239869
9697,119,9158,930916,931035
1157,64,9159,554637,554701
9113,271,9159,1460489,1460760
2483,53,9160,467558,467611
5004,142,9160,1060196,1060338
1016,90,9161,744573,744663
1345,54,9161,475656,475710
2316,24,9161,217816,217840
5499,144,9161,1070612,1070756
5529,236,9161,1406463,1406699
6255,107,9161,856940,857047
6725,121,9161,942851,942972
9645,254,9161,1439084,1439338
1408,199,9162,1305605,1305804
2328,165,9162,1172139,1172304
3923,250,9162,1432752,1433002
7173,27,9162,245085,245112
9041,40,9162,359293,359333
9712,16,9162,143650,143666
9888,172,9162,1202755,1202927
3532,222,9163,1373785,1374007
4472,40,9163,359296,359336
5283,38,9163,342167,342205
5545,130,9163,994873,995003
9446,263,9163,1451456,1451719
1170,173,9164,1206991,1207164
3672,175,9164,1215357,1215532
5297,299,9165,1475934,1476233
6528,129,9165,989235,989364
1125,266,9166,1455059,1455325
4589,242,9166,1418517,1418759
5326,175,9166,1215360,1215535
5454,127,9166,977867,977994
8448,100,9166,811810,811910
8984,1,9166,8346,8347
9886,120,9166,936905,937025
2175,213,9167,1349328,1349541
3419,138,9167,1038953,1039091
3658,140,9167,1049661,1049801
5644,176,9167,1219502,1219678
7769,200,9167,1308947,1309147
3175,246,9168,1425880,1426126
4692,268,9168,1457315,1457583
6600,142,9168,1060210,1060352
6829,82,9168,688506,688588
1740,193,9169,1284851,1285044
1825,271,9169,1460482,1460753
5256,49,9169,434875,434924
9839,65,9169,562393,562458
5566,218,9170,1363259,1363477
7221,20,9170,181018,181038
8789,279,9170,1467673,1467952
9940,169,9170,1189860,1190029
5515,111,9171,882108,882219
5934,192,9171,1281265,1281457
6844,65,9171,562398,562463
7089,154,9171,1120812,1120966
7765,248,9171,1429364,1429612
9485,65,9171,562402,562467
2106,283,9173,1470450,1470733
2536,231,9173,1395583,1395814
6234,254,9173,1439081,1439335
6804,81,9173,681348,681429
2731,17,9174,153081,153098
7649,194,9174,1288400,1288594
8771,210,9174,1340541,1340751
3821,223,9175,1376336,1376559
9162,245,9175,1424090,1424335
3360,113,9176,894503,894616
7918,118,9176,924946,925064
9493,37,9176,333566,333603
2956,87,9177,723799,723886
5955,226,9177,1383816,1384042
7978,62,9177,539152,539214
5812,183,9178,1247545,1247728
4152,291,9179,1474240,1474531
5553,192,9179,1281269,1281461
5620,169,9179,1189866,1190035
7833,11,9179,96178,96189
9924,46,9179,410022,410068
1728,218,9180,1363260,1363478
6346,189,9180,1270306,1270495
6348,177,9180,1223624,1223801
9226,144,9180,1070637,1070781
3339,154,9181,1120820,1120974
2148,210,9182,1340540,1340750
2363,134,9182,1017171,1017305
2681,218,9182,1363260,1363478
3104,69,9182,592945,593014
4301,256,9182,1442081,1442337
4512,64,9182,554688,554752
4534,290,9182,1473881,1474171
5663,148,9182,1091083,1091231
8571,72,9182,615524,615596
8973,96,9182,785380,785476
9024,76,9182,645106,645182
9211,63,9182,546947,547010
9216,130,9182,994902,995032
5368,68,9183,585360,585428
6602,40,9183,359349,359389
8415,32,9183,289829,289861
9306,115,9183,906769,906884
1763,153,9184,1115944,1116097
7306,178,9184,1227683,1227861
9051,84,9184,702734,702818
1184,289,9185,1473484,1473773
1320,213,9185,1349330,1349543
1380,17,9185,153114,153131
2817,106,9185,850618,850724
7678,93,9185,765141,765234
8536,78,9185,659700,659778
9141,198,9185,1302238,1302436
9301,99,9185,805271,805370
1831,272,9186,1461464,1461736
2393,98,9186,798664,798762
2530,37,9186,333599,333636
3548,88,9186,730793,730881
5292,298,9186,1475813,1476111
6570,107,9186,856986,857093
9738,28,9186,254161,254189
1267,114,9187,900664,900778
1352,283,9187,1470442,1470725
3072,163,9187,1163121,1163284
4676,66,9187,570116,570182
4892,36,9187,324912,324948
5679,183,9187,1247552,1247735
5790,204,9187,1322011,1322215
7461,71,9187,608062,608133
8570,292,9187,1474553,1474845
2633,214,9188,1352193,1352407
6470,136,9188,1028147,1028283
7267,184,9188,1251436,1251620
7731,170,9188,1194217,1194387
2465,25,9189,227029,227054
3852,250,9189,1432743,1432993
6914,60,9189,523534,523594
9621,228,9189,1388621,1388849
2988,40,9190,359375,359415
2336,81,9191,681384,681465
3055,114,9191,900673,900787
3354,227,9191,1386235,1386462
3759,159,9191,1144677,1144836
9027,156,9191,1130469,1130625
9154,48,9191,426685,426733
3438,18,9192,162503,162521
6173,138,9192,1038986,1039124
6580,127,9192,977905,978032
6723,11,9192,96235,96246
9823,185,9192,1255295,1255480
2967,72,9193,615554,615626
5964,205,9193,1325201,1325406
3620,195,9194,1291927,1292122
4010,210,9194,1340543,1340753
5032,55,9194,483796,483851
5583,232,9194,1397821,1398053
7922,227,9194,1386235,1386462
9122,99,9194,805291,805390
9536,112,9194,888356,888468
5870,31,9195,281011,281042
1607,156,9196,1130472,1130628
2712,214,9196,1352192,1352406
3649,154,9196,1120838,1120992
4406,107,9196,857006,857113
5067,79,9196,666983,667062
6737,163,9196,1163130,1163293
2177,240,9197,1414610,1414850
2469,210,9197,1340546,1340756
5630,17,9197,153162,153179
5779,193,9197,1284863,1285056
6308,252,9197,1435944,1436196
8765,124,9197,960580,960704
9841,218,9197,1363261,1363479
9852,279,9197,1467655,1467934
3241,157,9198,1135256,1135413
6028,144,9198,1070664,1070808
6916,140,9198,1049705,1049845
7367,95,9198,778708,778803
8915,72,9198,615575,615647
9150,107,9198,857017,857124
1102,271,9199,1460464,1460735
4950,215,9199,1355005,1355220
9039,162,9199,1158576,1158738
1447,29,9200,263184,263213
6598,206,9200,1328362,1328568
7139,45,9200,401712,401757
7675,68,9200,585413,585481
9189,190,9200,1273998,1274188
2922,52,9201,459543,459595
3126,17,9201,153180,153197
4525,24,9201,217949,217973
8329,145,9201,1075808,1075953
9490,268,9201,1457296,1457564
9643,25,9201,227072,227097
2668,102,9202,824920,825022
5912,76,9202,645158,645234
7236,219,9202,1365949,1366168
8440,109,9202,869645,869754
8820,189,9202,1270320,1270509
1250,146,9203,1080934,1081080
4503,147,9203,1086034,1086181
9184,123,9203,954737,954860
2202,230,9204,1393280,1393510
4133,135,9204,1022705,1022840
5733,261,9204,1448913,1449174
6018,43,9204,384893,384936
6268,185,9204,1255306,1255491
6385,201,9204,1312278,1312479
8344,184,9204,1251449,1251633
8411,50,9204,443211,443261
8490,136,9204,1028176,1028312
5212,110,9205,875925,876035
6594,244,9205,1422252,1422496
8474,259,9205,1446289,1446548
2785,264,9206,1452655,1452919
7170,103,9206,831408,831511
7669,107,9206,857035,857142
7148,43,9207,384903,384946
7933,53,9207,467691,467744
8829,280,9207,1468392,1468672
9813,183,9207,1247570,1247753
3883,300,9208,1475951,1476251
4143,105,9208,844278,844383
5502,273,9208,1462426,1462699
5716,79,9208,667018,667097
5992,201,9208,1312282,1312483
6995,205,9208,1325210,1325415
8081,194,9208,1288417,1288611
9447,97,9208,792100,792197
1683,157,9209,1135270,1135427
2183,281,9209,1469109,1469390
3445,81,9209,681437,681518
4980,262,9209,1450182,1450444
6503,13,9209,115416,115429
7743,191,9209,1277656,1277847
9245,248,9209,1429351,1429599
1594,59,9210,515701,515760
2861,143,9210,1065498,1065641
3916,178,9210,1227712,1227890
5685,68,9210,585447,585515
5857,233,9210,1400029,1400262
6369,27,9210,245248,245275
7992,262,9210,1450183,1450445
2526,131,9211,1000570,1000701
2834,210,9211,1340554,1340764
3208,50,9211,443238,443288
3708,210,9211,1340556,1340766
4823,227,9211,1386238,1386465
5377,147,9211,1086054,1086201
6265,23,9211,208828,208851
7091,284,9211,1471018,1471302
9683,192,9211,1281294,1281486
9698,257,9211,1443518,1443775
2724,126,9212,972221,972347
2820,186,9212,1259131,1259317
5952,54,9212,475814,475868
6615,253,9212,1437532,1437785
9239,74,9212,630469,630543
1209,130,9213,994961,995091
3573,161,9213,1154005,1154166
5095,58,9213,507803,507861
5469,229,9213,1390968,1391197
1117,54,9214,475820,475874
1464,169,9214,1189907,1190076
7478,195,9214,1291946,1292141
9850,212,9214,1346441,1346653
1556,91,9215,751575,751666
2937,252,9215,1435943,1436195
7138,121,9215,942954,943075
8328,284,9215,1471016,1471300
8797,112,9215,888409,888521
3484,193,9216,1284882,1285075
4504,109,9216,869686,869795
6903,19,9216,171911,171930
1876,245,9217,1424078,1424323
4411,9,9217,77075,77084
7006,188,9217,1266630,1266818
9896,258,9217,1444922,1445180
4815,116,9218,912933,913049
5048,283,9218,1470417,1470700
5316,83,9218,695744,695827
2191,12,9219,105912,105924
5656,74,9219,630483,630557
7270,54,9219,475834,475888
8020,161,9219,1154012,1154173
9166,82,9219,688628,688710
9478,77,9219,652523,652600
6877,289,9220,1473454,1473743
1370,201,9221,1312291,1312492
4816,293,9221,1474810,1475103
5748,277,9221,1466026,1466303
6407,267,9221,1456180,1456447
7530,71,9221,608160,608231
8620,6,9221,47956,47962
1261,252,9222,1435945,1436197
1869,73,9222,623092,623165
2705,240,9222,1414615,1414855
6048,21,9222,190447,190468
6578,17,9222,153265,153282
7990,183,9222,1247593,1247776
8310,64,9222,554817,554881
8642,72,9222,615646,615718
9927,200,9222,1308975,1309175
4042,192,9223,1281303,1281495
4433,9,9223,77098,77107
4459,126,9223,972238,972364
6411,72,9223,615650,615722
6958,195,9223,1291953,1292148
1087,116,9224,912943,913059
3080,118,9224,925036,925154
3379,294,9224,1475062,1475356
5329,64,9224,554826,554890
6392,278,9225,1466845,1467123
7753,36,9225,325044,325080
2498,172,9226,1202818,1202990
6296,136,9226,1028211,1028347
6728,272,9226,1461442,1461714
7816,167,9226,1181116,1181283
6483,46,9227,410183,410229
1401,288,9228,1473023,1473311
2699,261,9228,1448909,1449170
3307,228,9228,1388623,1388851
4306,283,9228,1470413,1470696
6019,271,9228,1460452,1460723
7123,59,9228,515756,515815
9229,278,9228,1466846,1467124
9714,254,9228,1439065,1439319
5985,201,9229,1312300,1312501
6067,97,9229,792147,792244
6366,19,9229,171950,171969
8981,167,9229,1181123,1181290
9299,36,9229,325058,325094
1526,206,9230,1328378,1328584
1547,126,9230,972250,972376
2884,290,9230,1473840,1474130
5240,242,9230,1418510,1418752
5999,72,9230,615668,615740
7962,117,9230,919015,919132
7996,192,9230,1281313,1281505
1156,118,9231,925051,925169
1412,155,9231,1125737,1125892
3137,63,9231,547097,547160
5372,192,9231,1281314,1281506
7435,58,9231,507856,507914
4699,41,9232,368045,368086
4863,92,9232,758447,758539
5101,102,9232,824995,825097
2704,56,9233,491925,491981
3763,277,9233,1466022,1466299
6376,237,9233,1408537,1408774
7873,6,9233,48002,48008
3590,157,9234,1135307,1135464
6695,299,9234,1475868,1476167
3813,1,9235,8595,8596
4753,50,9235,443309,443359
5885,196,9235,1295420,1295616
6477,59,9235,515774,515833
6500,66,9235,570251,570317
9673,111,9235,882231,882342
9862,176,9235,1219569,1219745
2894,96,9236,785504,785600
3266,94,9236,772043,772137
3858,102,9236,825000,825102
4334,295,9236,1475282,1475577
4641,180,9236,1235785,1235965
6202,2,9236,8606,8608
8130,63,9236,547110,547173
3673,181,9237,1239753,1239934
4691,167,9237,1181130,1181297
5823,31,9237,281161,281192
6738,137,9237,1033670,1033807
7928,281,9237,1469094,1469375
8493,167,9237,1181133,1181300
9581,133,9237,1011743,1011876
9695,284,9237,1471003,1471287
5332,265,9238,1453848,1454113
4445,185,9239,1255341,1255526
7166,280,9239,1468377,1468657
1662,45,9240,401843,401888
4158,4,9240,28419,28423
6167,224,9240,1378867,1379091
9359,281,9240,1469094,1469375
9993,57,9240,499934,499991
1262,186,9241,1259152,1259338
2349,149,9241,1096205,1096354
3702,156,9241,1130539,1130695
4124,24,9241,218092,218116
5860,50,9241,443332,443382
3403,72,9242,615692,615764
5622,75,9242,637915,637990
6712,128,9242,983683,983811
8054,84,9242,702876,702960
8083,192,9242,1281316,1281508
3092,170,9243,1194272,1194442
3754,178,9243,1227744,1227922
4642,131,9243,1000620,1000751
4660,228,9243,1388625,1388853
7639,34,9243,307626,307660
4693,295,9244,1475276,1475571
7803,60,9244,523690,523750
1545,76,9245,645265,645341
3264,184,9245,1251485,1251669
3845,220,9245,1368607,1368827
5651,178,9245,1227748,1227926
6397,293,9245,1474792,1475085
6052,49,9246,435108,435157
8354,123,9246,954815,954938
1175,131,9247,1000624,1000755
2663,36,9247,325111,325147
4102,260,9247,1447613,1447873
5494,191,9247,1277682,1277873
5982,170,9247,1194279,1194449
7457,214,9247,1352207,1352421
8856,249,9247,1431066,1431315
9965,48,9247,426865,426913
6105,40,9248,359566,359606
6888,115,9248,906893,907008
2215,297,9249,1475624,1475921
3583,55,9249,483961,484016
2041,67,9250,577933,578000
3038,259,9250,1446281,1446540
3860,262,9250,1450171,1450433
4787,174,9250,1211261,1211435
9068,170,9250,1194284,1194454
9262,122,9250,948926,949048
9267,70,9250,600695,600765
1875,36,9251,325126,325162
9573,295,9251,1475272,1475567
1301,155,9252,1125759,1125914
1469,66,9252,570291,570357
2630,254,9252,1439059,1439313
2693,268,9252,1457276,1457544
3442,186,9252,1259158,1259344
6304,144,9252,1070744,1070888
7175,213,9252,1349348,1349561
1718,277,9253,1466014,1466291
2110,206,9253,1328384,1328590
2713,166,9253,1176710,1176876
5126,29,9253,263368,263397
5188,214,9253,1352211,1352425
7024,289,9253,1473432,1473721
7026,89,9253,737878,737967
8215,276,9253,1465163,1465439
1445,266,9254,1455021,1455287
5899,195,9254,1291969,1292164
5936,123,9254,954835,954958
4175,231,9255,1395580,1395811
6617,294,9255,1475038,1475332
6894,98,9255,798821,798919
1924,255,9256,1440564,1440819
6487,104,9256,837965,838069
8527,186,9256,1259167,1259353
2092,212,9257,1346455,1346667
3209,11,9257,96469,96480
4598,125,9257,966525,966650
4662,50,9257,443377,443427
6246,27,9257,245402,245429
6593,284,9257,1470991,1471275
7049,29,9257,263383,263412
3862,241,9258,1416577,1416818
4909,156,9258,1130563,1130719
6565,14,9258,125084,125098
8397,58,9258,507924,507982
3382,144,9259,1070756,1070900
5376,14,9259,125087,125101
1678,206,9260,1328389,1328595
9140,180,9260,1235805,1235985
1332,175,9261,1215450,1215625
3237,175,9261,1215452,1215627
5990,124,9261,960693,960817
6213,147,9261,1086121,1086268
6395,143,9261,1065574,1065717
7695,199,9261,1305649,1305848
8506,172,9261,1202855,1203027
2229,86,9262,716997,717083
3308,64,9262,554916,554980
7663,36,9262,325160,325196
2300,222,9263,1373791,1374013
6469,122,9263,948951,949073
1446,123,9264,954847,954970
4672,300,9264,1475897,1476197
5976,41,9264,368134,368175
6655,13,9264,115602,115615
8165,67,9264,577970,578037
8891,32,9264,290097,290129
2454,292,9265,1474488,1474780
9986,116,9265,913016,913132
6788,212,9266,1346453,1346665
6800,181,9266,1239772,1239953
8027,7,9266,57849,57856
2172,120,9267,937076,937196
4581,224,9267,1378865,1379089
7088,131,9267,1000654,1000785
9531,10,9267,86887,86897
1620,152,9268,1111155,1111307
5852,2,9268,8705,8707
9026,9,9268,77240,77249
2216,13,9269,115609,115622
6537,197,9269,1298875,1299072
7741,65,9269,562648,562713
8588,178,9269,1227763,1227941
1099,136,9270,1028268,1028404
3361,172,9270,1202856,1203028
5418,227,9270,1386239,1386466
3791,261,9271,1448894,1449155
4402,110,9271,876048,876158
6284,82,9271,688730,688812
6489,63,9271,547186,547249
6886,241,9271,1416569,1416810
7212,62,9271,539407,539469
3096,187,9272,1262940,1263127
4450,27,9272,245435,245462
5302,139,9272,1044465,1044604
3682,283,9273,1470383,1470666
6777,56,9273,492020,492076
9594,108,9273,863482,863590
9757,3,9273,18658,18661
1403,213,9274,1349346,1349559
2291,250,9274,1432723,1432973
2808,70,9274,600739,600809
4978,159,9274,1144770,1144929
5980,262,9274,1450160,1450422
7863,94,9274,772115,772209
3174,226,9275,1383816,1384042
6347,68,9275,585595,585663
6666,104,9275,837993,838097
8828,86,9275,717017,717103
9224,258,9275,1444907,1445165
9489,9,9275,77265,77274
9687,201,9275,1312310,1312511
2111,12,9276,106092,106104
4785,149,9276,1096242,1096391
4817,133,9276,1011791,1011924
7044,211,9276,1343514,1343725
9300,277,9276,1465999,1466276
8946,143,9277,1065587,1065730
9201,298,9277,1475727,1476025
1046,228,9278,1388621,1388849
1172,135,9278,1022814,1022949
3982,168,9278,1185583,1185751
4289,234,9278,1402199,1402433
4566,195,9278,1291976,1292171
5209,213,9278,1349352,1349565
5945,5,9278,38372,38377
7032,300,9278,1475885,1476185
1789,98,9279,798862,798960
5588,180,9279,1235815,1235995
8481,255,9279,1440553,1440808
1435,175,9280,1215465,1215640
5450,115,9280,906949,907064
6899,161,9280,1154078,1154239
8124,292,9280,1474477,1474769
8716,255,9280,1440555,1440810
2372,9,9281,77284,77293
2866,232,9281,1397820,1398052
5082,276,9281,1465146,1465422
6155,149,9281,1096256,1096405
6291,2,9281,8755,8757
8517,130,9281,995063,995193
3366,86,9282,717039,717125
5776,22,9282,199846,199868
6330,75,9282,638004,638079
7442,211,9282,1343521,1343732
7994,2,9282,8761,8763
9767,287,9282,1472516,1472803
3507,109,9283,869805,869914
3932,59,9283,515896,515955
6630,28,9283,254470,254498
6678,190,9283,1274052,1274242
8970,51,9283,451630,451681
9003,2,9283,8768,8770
1505,155,9284,1125796,1125951
2399,166,9284,1176738,1176904
4890,127,9284,978057,978184
3272,161,9285,1154083,1154244
5599,263,9286,1451399,1451662
1791,266,9287,1455001,1455267
3481,16,9287,144055,144071
4159,123,9287,954882,955005
4560,197,9287,1298885,1299082
5184,53,9287,467914,467967
5724,33,9287,298952,298985
5933,49,9287,435213,435262
6961,22,9287,199862,199884
7237,46,9287,410347,410393
3519,63,9288,547227,547290
1107,146,9289,1081046,1081192
1713,265,9289,1453822,1454087
3833,241,9289,1416568,1416809
6287,67,9289,578022,578089
6714,176,9289,1219606,1219782
9818,76,9289,645357,645433
1910,282,9290,1469723,1470005
2384,125,9290,966569,966694
4121,215,9290,1355018,1355233
7793,135,9290,1022833,1022968
1304,105,9291,844436,844541
3375,172,9291,1202874,1203046
3874,134,9291,1017335,1017469
4262,114,9291,900860,900974
4470,158,9291,1140097,1140255
4831,210,9291,1340576,1340786
8214,224,9291,1378867,1379091
2741,248,9292,1429337,1429585
3454,225,9292,1381358,1381583
4866,233,9292,1400025,1400258
5219,12,9292,106148,106160
7352,267,9292,1456146,1456413
7400,252,9292,1435930,1436182
8292,265,9292,1453823,1454088
8637,59,9292,515922,515981
9825,254,9292,1439049,1439303
1297,191,9293,1277709,1277900
5349,107,9293,857206,857313
5824,164,9293,1167767,1167931
7389,262,9293,1450155,1450417
7796,55,9294,484079,484134
8025,254,9294,1439050,1439304
9092,224,9294,1378875,1379099
9323,160,9294,1149469,1149629
1575,118,9295,925161,925279
1615,58,9295,508016,508074
2402,90,9295,744868,744958
6396,159,9295,1144801,1144960
6536,40,9295,359699,359739
8888,293,9295,1474750,1475043
8895,220,9295,1368617,1368837
2266,68,9296,585654,585722
3334,67,9296,578050,578117
4396,283,9296,1470367,1470650
5649,147,9296,1086166,1086313
9261,105,9296,844459,844564
2843,81,9297,681633,681714
3221,260,9297,1447595,1447855
3348,228,9297,1388628,1388856
3983,294,9297,1475001,1475295
4192,248,9297,1429344,1429592
4974,216,9297,1357811,1358027
5121,252,9297,1435935,1436187
7815,215,9297,1355033,1355248
1162,209,9298,1337592,1337801
1236,77,9298,652698,652775
2806,49,9298,435259,435308
5215,274,9298,1463326,1463600
5573,158,9298,1140120,1140278
1906,201,9299,1312332,1312533
3263,250,9299,1432726,1432976
5185,10,9299,87001,87011
6050,61,9299,531671,531732
8129,223,9299,1376352,1376575
1417,166,9300,1176761,1176927
3922,281,9300,1469054,1469335
8177,41,9300,368246,368287
8581,289,9300,1473395,1473684
8923,89,9300,737981,738070
5458,17,9301,153519,153536
5781,296,9301,1475419,1475715
1358,195,9302,1292000,1292195
1603,214,9302,1352228,1352442
2046,39,9302,351178,351217
3289,132,9302,1006296,1006428
5077,298,9302,1475705,1476003
3180,187,9303,1262975,1263162
3303,290,9303,1473785,1474075
6920,252,9303,1435937,1436189
9799,40,9303,359730,359770
4989,115,9304,907001,907116
7290,198,9304,1302303,1302501
9048,199,9304,1305677,1305876
9125,105,9304,844480,844585
2898,174,9305,1211316,1211490
4308,80,9306,674457,674537
1274,280,9307,1468335,1468615
2652,213,9307,1349370,1349583
3068,197,9307,1298909,1299106
5165,134,9307,1017371,1017505
8232,97,9307,792307,792404
9069,176,9307,1219634,1219810
1711,86,9308,717100,717186
5680,127,9308,978101,978228
6432,34,9308,307815,307849
7242,172,9308,1202903,1203075
1161,141,9309,1055164,1055305
2011,76,9309,645415,645491
2199,249,9309,1431058,1431307
3634,190,9309,1274077,1274267
4154,279,9309,1467587,1467866
8677,98,9309,798933,799031
8679,156,9309,1130626,1130782
8836,84,9309,703028,703112
9963,54,9309,476085,476139
2256,152,9310,1111217,1111369
7864,150,9310,1101315,1101465
8098,292,9310,1474453,1474745
8914,278,9310,1466799,1467077
1106,171,9311,1198636,1198807
2333,59,9311,515979,516038
3217,178,9311,1227805,1227983
7017,201,9311,1312337,1312538
8150,239,9311,1412596,1412835
3182,131,9312,1000736,1000867
4208,272,9312,1461401,1461673
7144,274,9312,1463323,1463597
7384,65,9312,562772,562837
9274,291,9312,1474131,1474422
2462,164,9313,1167797,1167961
5331,33,9313,299048,299081
6880,205,9313,1325258,1325463
4618,172,9314,1202911,1203083
4629,12,9314,106229,106241
5301,110,9314,876141,876251
9265,36,9314,325317,325353
9444,50,9314,443537,443587
1986,144,9315,1070836,1070980
2236,264,9315,1452616,1452880
3342,243,9315,1420401,1420644
8010,44,9315,393664,393708
9555,154,9315,1121001,1121155
1851,192,9316,1281363,1281555
2409,11,9316,96665,96676
3679,186,9316,1259210,1259396
4300,76,9316,645438,645514
5125,137,9316,1033791,1033928
5853,248,9316,1429345,1429593
2669,101,9317,818661,818762
4284,143,9317,1065658,1065801
4908,251,9317,1434329,1434580
7565,227,9317,1386252,1386479
2684,88,9318,731093,731181
3942,132,9318,1006325,1006457
3951,252,9318,1435932,1436184
4661,4,9318,28689,28693
6380,156,9318,1130639,1130795
6791,202,9318,1315631,1315833
8091,266,9318,1454990,1455256
8910,222,9318,1373808,1374030
9539,31,9318,281415,281446
1279,104,9319,838099,838203
1308,61,9319,531727,531788
2910,256,9319,1442042,1442298
4297,3,9319,18834,18837
4467,115,9319,907036,907151
6569,281,9319,1469043,1469324
7310,267,9319,1456138,1456405
8231,300,9319,1475846,1476146
5584,239,9320,1412602,1412841
9327,65,9320,562798,562863
6297,219,9321,1365982,1366201
6834,229,9321,1390977,1391206
8358,29,9321,263583,263612
1245,133,9322,1011880,1012013
5134,257,9322,1443488,1443745
5950,8,9322,67756,67764
6673,222,9322,1373813,1374035
7229,290,9322,1473771,1474061
7704,110,9322,876164,876274
2492,232,9323,1397831,1398063
3385,61,9323,531740,531801
3630,294,9323,1474980,1475274
4304,22,9323,199995,200017
5834,113,9323,894791,894904
1171,264,9324,1452615,1452879
2952,14,9324,125300,125314
9626,143,9324,1065673,1065816
1457,242,9325,1418504,1418746
1958,84,9325,703069,703153
4115,56,9325,492180,492236
4777,73,9325,623339,623412
5169,137,9325,1033808,1033945
1570,239,9326,1412603,1412842
2171,243,9326,1420404,1420647
2211,185,9326,1255413,1255598
5581,131,9326,1000767,1000898
8366,191,9326,1277745,1277936
9784,279,9326,1467578,1467857
2195,122,9327,949073,949195
3820,216,9327,1357827,1358043
4949,181,9327,1239833,1240014
4987,191,9327,1277748,1277939
6273,22,9327,200011,200033
6608,174,9327,1211345,1211519
8764,230,9327,1393298,1393528
3740,186,9328,1259228,1259414
6409,165,9328,1172331,1172496
6559,299,9328,1475779,1476078
1746,101,9329,818696,818797
1797,240,9329,1414615,1414855
3963,147,9329,1086225,1086372
9627,149,9329,1096335,1096484
2245,50,9330,443589,443639
5086,202,9330,1315644,1315846
5591,283,9330,1470346,1470629
3511,164,9331,1167824,1167988
6838,61,9331,531764,531825
8193,192,9331,1281380,1281572
9094,103,9331,831676,831779
9215,241,9331,1416577,1416818
3864,231,9333,1395586,1395817
7549,120,9333,937209,937329
7771,89,9333,738059,738148
8173,174,9333,1211350,1211524
9625,87,9333,724162,724249
2099,210,9334,1340608,1340818
3336,12,9334,106300,106312
5929,16,9334,144227,144243
1518,300,9335,1475832,1476132
4508,3,9335,18885,18888
7573,68,9335,585761,585829
3993,92,9336,758669,758761
4649,159,9337,1144857,1145016
8223,138,9337,1039208,1039346
9467,264,9337,1452608,1452872
3392,77,9338,652792,652869
5160,144,9338,1070869,1071013
5282,280,9338,1468315,1468595
6267,119,9338,931237,931356
6873,172,9338,1202937,1203109
7791,261,9338,1448874,1449135
8087,283,9338,1470341,1470624
1405,38,9339,342700,342738
3265,90,9339,744970,745060
3281,8,9339,67808,67816
7075,8,9339,67810,67818
7238,159,9339,1144862,1145021
2176,177,9340,1223769,1223946
4745,142,9340,1060460,1060602
4764,92,9340,758679,758771
7399,185,9340,1255420,1255605
1324,251,9341,1434325,1434576
1524,201,9341,1312355,1312556
7249,228,9341,1388639,1388867
7886,121,9341,943175,943296
8388,64,9341,555123,555187
8921,53,9341,468080,468133
5547,70,9342,600920,600990
6789,193,9342,1284955,1285148
8241,168,9342,1185660,1185828
8561,31,9342,281482,281513
9973,88,9342,731151,731239
2052,129,9343,989529,989658
2374,132,9344,1006365,1006497
4464,224,9344,1378886,1379110
5986,204,9344,1322078,1322282
6716,192,9344,1281383,1281575
7284,156,9344,1130672,1130828
9246,48,9344,427140,427188
1036,11,9345,96758,96769
6032,222,9345,1373814,1374036
9706,86,9345,717191,717277
3618,262,9346,1450135,1450397
5205,107,9346,857314,857421
6391,214,9346,1352240,1352454
1503,80,9347,674557,674637
3974,225,9347,1381372,1381597
6947,49,9347,435395,435444
8090,80,9347,674560,674640
8908,62,9347,539614,539676
9073,3,9347,18925,18928
1517,9,9348,77513,77522
6283,52,9348,459962,460014
6727,189,9348,1270424,1270613
7802,145,9348,1076015,1076160
7877,260,9348,1447577,1447837
9926,259,9348,1446247,1446506
5862,33,9349,299152,299185
7912,107,9349,857319,857426
7987,230,9349,1393292,1393522
2087,233,9350,1400030,1400263
2899,154,9350,1121042,1121196
5804,111,9350,882448,882559
5881,283,9350,1470331,1470614
7705,68,9350,585797,585865
8577,191,9350,1277757,1277948
1205,77,9351,652825,652902
3352,36,9351,325425,325461
7659,296,9351,1475375,1475671
9854,222,9351,1373818,1374040
2556,196,9352,1295482,1295678
3801,54,9352,476200,476254
6917,74,9352,630795,630869
7692,9,9352,77532,77541
8792,46,9352,410546,410592
8932,178,9352,1227842,1228020
9116,73,9352,623402,623475
2801,7,9353,58148,58155
4465,253,9353,1437497,1437750
5757,71,9353,608475,608546
6669,35,9353,316700,316735
9357,81,9353,681765,681846
1959,7,9354,58153,58160
2947,3,9354,18952,18955
3459,180,9354,1235881,1236061
3992,274,9354,1463296,1463570
5318,24,9354,218444,218468
5533,179,9354,1231886,1232065
8391,223,9354,1376360,1376583
8656,257,9354,1443475,1443732
1511,185,9355,1255432,1255617
3269,40,9355,359881,359921
3585,11,9355,96796,96807
6499,280,9355,1468303,1468583
7656,150,9355,1101376,1101526
2522,256,9356,1442030,1442286
4752,7,9356,58165,58172
5099,64,9356,555159,555223
5461,41,9356,368407,368448
5810,234,9356,1402203,1402437
9902,71,9356,608485,608556
2768,209,9357,1337614,1337823
5162,260,9357,1447574,1447834
5437,25,9357,227573,227598
7529,248,9357,1429337,1429585
8823,194,9357,1288507,1288701
8892,158,9357,1140193,1140351
1058,270,9358,1459340,1459610
2312,133,9358,1011935,1012068
5225,206,9358,1328433,1328639
6907,73,9358,623418,623491
7584,260,9358,1447576,1447836
7682,187,9358,1263019,1263206
2941,43,9359,385359,385402
3034,85,9359,710200,710285
6934,242,9359,1418496,1418738
8737,253,9359,1437500,1437753
1127,298,9360,1475652,1475950
1321,214,9360,1352250,1352464
3892,79,9360,667373,667452
8832,194,9360,1288513,1288707
1368,42,9361,376901,376943
2386,87,9361,724213,724300
3538,84,9361,703146,703230
4309,64,9361,555178,555242
6707,268,9361,1457216,1457484
7655,185,9361,1255445,1255630
9217,232,9361,1397831,1398063
1886,286,9362,1471976,1472262
2841,171,9362,1198697,1198868
4779,170,9362,1194408,1194578
5026,136,9362,1028425,1028561
5995,252,9362,1435924,1436176
1312,164,9363,1167860,1168024
1477,81,9363,681794,681875
3556,224,9363,1378894,1379118
8072,251,9363,1434323,1434574
9337,108,9363,863671,863779
5328,252,9364,1435924,1436176
3377,69,9365,593419,593488
5291,189,9365,1270444,1270633
6954,139,9365,1044618,1044757
7101,237,9365,1408534,1408771
8431,148,9365,1091338,1091486
8955,162,9365,1158776,1158938
5308,31,9366,281563,281594
1738,178,9367,1227862,1228040
3576,6,9367,48459,48465
5066,99,9367,805655,805754
5175,159,9367,1144899,1145058
8652,23,9367,209323,209346
9507,40,9367,359924,359964
1313,36,9368,325482,325518
1817,264,9368,1452589,1452853
1929,66,9368,570590,570656
2448,165,9368,1172370,1172535
3610,74,9368,630837,630911
6115,59,9368,516139,516198
9339,94,9368,772322,772416
5568,207,9369,1331553,1331760
7524,247,9370,1427615,1427862
8034,199,9371,1305708,1305907
1271,30,9372,272664,272694
4463,265,9372,1453781,1454046
7728,154,9372,1121074,1121228
9987,94,9372,772325,772419
1240,131,9373,1000835,1000966
3062,42,9373,376930,376972
3350,241,9373,1416568,1416809
3786,234,9373,1402205,1402439
4997,206,9373,1328439,1328645
7248,34,9373,308016,308050
1116,77,9374,652874,652951
2569,23,9374,209340,209363
1631,69,9375,593434,593503
3571,33,9375,299232,299265
5336,3,9375,19025,19028
1599,82,9376,688965,689047
5928,211,9376,1343556,1343767
2584,191,9377,1277771,1277962
2823,213,9377,1349389,1349602
2982,246,9377,1425843,1426089
4507,76,9377,645572,645648
5072,44,9377,393832,393876
9264,65,9377,562930,562995
9534,39,9377,351394,351433
1966,252,9378,1435914,1436166
2504,103,9378,831744,831847
2830,143,9378,1065740,1065883
8770,224,9378,1378891,1379115
3669,174,9379,1211384,1211558
4681,33,9379,299244,299277
4967,89,9379,738135,738224
7246,55,9380,484309,484364
7339,176,9380,1219695,1219871
8644,266,9380,1454949,1455215
9552,111,9380,882492,882603
1178,83,9381,696087,696170
7783,76,9381,645580,645656
9008,172,9381,1202973,1203145
3616,280,9382,1468280,1468560
5532,151,9382,1106368,1106519
5811,238,9382,1410578,1410816
1009,30,9383,272693,272723
1571,136,9383,1028442,1028578
3418,190,9383,1274122,1274312
3780,175,9383,1215559,1215734
2871,61,9384,531885,531946
3751,211,9384,1343557,1343768
8206,157,9384,1135482,1135639
1207,196,9385,1295493,1295689
2259,8,9385,67954,67962
2835,57,9385,500308,500365
3500,189,9385,1270447,1270636
5263,30,9385,272702,272732
8951,37,9385,334197,334234
2658,47,9386,418961,419008
4119,108,9386,863691,863799
4437,31,9386,281609,281640
5100,37,9386,334200,334237
2764,284,9387,1470885,1471169
6613,222,9387,1373818,1374040
7583,205,9387,1325281,1325486
8454,123,9387,955050,955173
9465,73,9387,623472,623545
7979,166,9388,1176846,1177012
1186,10,9389,87282,87292
4543,278,9389,1466740,1467018
5586,23,9389,209378,209401
7074,121,9389,943237,943358
1051,16,9390,144389,144405
1769,10,9390,87287,87297
2156,153,9390,1116203,1116356
2761,223,9390,1376358,1376581
3155,188,9390,1266739,1266927
7594,14,9390,125497,125511
8403,192,9390,1281401,1281593
2783,19,9391,172452,172471
5475,170,9391,1194420,1194590
1846,107,9392,857380,857487
4346,292,9392,1474379,1474671
7785,285,9392,1471441,1471726
1989,283,9393,1470296,1470579
9209,147,9393,1086291,1086438
9452,208,9393,1334607,1334815
1549,141,9394,1055278,1055419
3279,229,9394,1390969,1391198
5257,109,9394,869999,870108
6424,234,9394,1402196,1402430
7424,230,9394,1393288,1393518
8343,168,9394,1185704,1185872
8398,219,9394,1365989,1366208
8573,124,9394,960907,961031
9207,122,9394,949168,949290
1673,251,9395,1434304,1434555
6096,299,9395,1475715,1476014
1155,203,9396,1318898,1319101
1470,44,9396,393874,393918
6753,176,9396,1219706,1219882
7552,274,9396,1463266,1463540
9358,111,9396,882519,882630
1208,147,9397,1086300,1086447
3489,160,9397,1149581,1149741
5596,236,9397,1406440,1406676
6781,41,9397,368508,368549
7217,145,9397,1076078,1076223
9177,183,9397,1247720,1247903
3683,78,9398,660183,660261
4856,87,9398,724275,724362
5674,223,9398,1376362,1376585
7474,279,9398,1467524,1467803
8166,275,9398,1464184,1464459
8743,225,9398,1381373,1381598
2449,292,9399,1474375,1474667
3398,224,9399,1378891,1379115
7110,104,9399,838238,838342
7521,208,9399,1334617,1334825
1249,268,9400,1457191,1457459
1653,67,9400,578303,578370
2642,229,9400,1390975,1391204
5399,100,9400,812275,812375
6134,145,9400,1076087,1076232
6743,22,9400,200227,200249
7895,151,9400,1106395,1106546
8674,218,9400,1363306,1363524
9054,33,9400,299307,299340
3997,291,9401,1474053,1474344
5107,150,9401,1101432,1101582
3468,141,9402,1055301,1055442
4585,223,9402,1376368,1376591
5891,48,9402,427285,427333
6761,112,9402,888738,888850
4964,188,9403,1266754,1266942
6996,271,9403,1460351,1460622
7817,60,9403,524095,524155
8070,207,9403,1331563,1331770
1247,150,9404,1101435,1101585
3516,222,9404,1373826,1374048
3936,258,9404,1444856,1445114
7845,261,9404,1448837,1449098
5017,171,9405,1198728,1198899
8324,113,9405,894921,895034
2606,129,9406,989622,989751
4303,1,9406,9186,9187
2934,103,9407,831801,831904
4049,131,9407,1000882,1001013
4625,151,9407,1106400,1106551
6519,193,9407,1284986,1285179
2919,238,9408,1410570,1410808
6410,223,9408,1376368,1376591
6531,129,9408,989627,989756
8065,294,9408,1474902,1475196
1273,263,9409,1451340,1451603
2444,272,9411,1461335,1461607
2925,157,9411,1135510,1135667
3102,122,9411,949198,949320
3934,295,9411,1475125,1475420
5749,45,9411,402307,402352
7235,174,9411,1211410,1211584
8725,68,9411,585932,586000
9439,65,9411,563007,563072
9479,26,9411,236807,236833
9579,277,9411,1465911,1466188
6467,223,9412,1376371,1376594
2189,43,9413,385486,385529
2525,252,9413,1435903,1436155
7697,247,9413,1427600,1427847
9475,123,9413,955096,955219
5468,177,9414,1223825,1224002
2591,248,9415,1429317,1429565
5525,185,9415,1255472,1255657
5875,29,9415,263845,263874
6126,142,9415,1060556,1060698
9028,57,9415,500379,500436
4793,238,9416,1410572,1410810
1832,264,9417,1452562,1452826
1863,177,9417,1223828,1224005
5554,242,9417,1418479,1418721
9893,271,9417,1460343,1460614
5128,176,9418,1219726,1219902
5901,291,9418,1474040,1474331
7755,156,9418,1130750,1130906
8238,233,9418,1400027,1400260
9684,219,9418,1366002,1366221
2565,202,9419,1315675,1315877
5721,215,9419,1355062,1355277
7131,294,9419,1474894,1475188
8627,128,9419,983967,984095
1465,101,9420,818850,818951
1968,97,9420,792522,792619
4285,239,9420,1412582,1412821
8467,92,9420,758825,758917
9966,124,9420,960953,961077
1145,245,9421,1424044,1424289
1176,298,9421,1475594,1475892
7540,219,9421,1366005,1366224
7588,297,9421,1475464,1475761
8554,252,9421,1435903,1436155
8807,214,9421,1352266,1352480
4052,148,9422,1091401,1091549
6241,87,9422,724331,724418
6796,232,9422,1397826,1398058
7109,296,9422,1475310,1475606
8302,117,9422,919347,919464
8567,68,9422,585962,586030
3274,94,9423,772422,772516
3613,53,9423,468279,468332
6172,200,9423,1309070,1309270
6705,190,9423,1274154,1274344
6924,158,9423,1140263,1140421
8959,189,9423,1270480,1270669
9764,33,9423,299368,299401
2659,5,9424,38853,38858
4610,283,9424,1470277,1470560
9875,2,9424,9239,9241
1616,84,9425,703270,703354
7222,53,9425,468285,468338
9585,112,9425,888780,888892
9904,264,9425,1452563,1452827
3128,16,9426,144498,144514
6526,236,9426,1406444,1406680
6756,234,9426,1402202,1402436
8212,91,9426,752002,752093
9088,129,9426,989656,989785
5049,51,9427,452010,452061
4697,198,9429,1302361,1302559
9110,133,9429,1012029,1012162
5300,165,9430,1172422,1172587
7330,267,9430,1456071,1456338
2226,237,9431,1408519,1408756
2463,76,9431,645684,645760
3026,193,9431,1285002,1285195
8318,153,9431,1116255,1116408
1645,273,9432,1462295,1462568
5012,14,9432,125612,125626
5097,249,9432,1431023,1431272
5774,114,9432,901106,901220
6060,140,9432,1050038,1050178
6194,205,9432,1325306,1325511
6936,200,9432,1309072,1309272
8913,51,9432,452021,452072
9220,231,9432,1395580,1395811
2613,53,9433,468300,468353
3817,128,9433,983987,984115
4195,270,9433,1459294,1459564
5648,75,9433,638347,638422
8293,133,9433,1012039,1012172
9488,191,9433,1277808,1277999
1568,295,9434,1475107,1475402
6053,14,9434,125626,125640
7677,274,9434,1463244,1463518
8671,169,9434,1190126,1190295
9248,71,9434,608654,608725
9428,211,9434,1343580,1343791
1219,109,9435,870084,870193
1758,176,9435,1219747,1219923
3947,209,9435,1337640,1337849
8427,120,9435,937369,937489
1793,13,9436,116135,116148
2647,8,9436,68109,68117
4375,275,9436,1464160,1464435
7233,37,9436,334334,334371
9404,182,9437,1243849,1244031
2980,152,9438,1111368,1111520
3151,93,9438,765663,765756
5884,35,9438,316923,316958
6720,74,9438,630977,631051
7040,239,9438,1412580,1412819
7482,280,9438,1468242,1468522
8706,266,9438,1454925,1455191
9991,71,9438,608665,608736
7811,155,9440,1125983,1126138
2412,95,9441,779191,779286
3369,215,9441,1355067,1355282
8353,95,9441,779194,779289
5284,298,9442,1475575,1475873
7788,295,9442,1475102,1475397
7963,75,9442,638363,638438
9795,229,9442,1390980,1391209
1226,103,9443,831862,831965
2165,240,9443,1414588,1414828
3191,229,9443,1390982,1391211
3546,105,9443,844724,844829
3675,228,9443,1388641,1388869
6610,18,9443,163290,163308
6863,178,9443,1227914,1228092
8352,11,9443,97053,97064
3022,181,9444,1239913,1240094
6643,201,9444,1312400,1312601
6893,272,9444,1461319,1461591
8994,192,9444,1281442,1281634
9396,164,9444,1167935,1168099
9618,120,9444,937382,937502
1094,275,9445,1464156,1464431
4536,200,9445,1309081,1309281
7140,169,9445,1190139,1190308
7403,248,9445,1429312,1429560
8041,180,9445,1235955,1236135
8557,265,9445,1453748,1454013
5874,239,9446,1412583,1412822
7908,179,9446,1231961,1232140
9221,242,9446,1418477,1418719
2145,243,9447,1420372,1420615
5551,256,9447,1441993,1442249
9007,11,9447,97068,97079
3283,136,9448,1028540,1028676
6233,83,9448,696232,696315
7446,205,9448,1325317,1325522
8289,250,9448,1432684,1432934
2451,116,9449,913334,913450
3254,26,9449,236909,236935
8477,280,9449,1468235,1468515
3515,112,9450,888823,888935
8085,150,9450,1101495,1101645
1759,249,9451,1431020,1431269
4648,91,9451,752051,752142
3040,115,9452,907248,907363
3859,260,9452,1447533,1447793
4374,181,9452,1239923,1240104
7861,22,9452,200362,200384
8052,138,9452,1039366,1039504
8162,235,9452,1404337,1404572
8985,146,9452,1081275,1081421
3512,20,9453,181896,181916
7419,266,9453,1454917,1455183
1722,256,9454,1441991,1442247
2065,56,9454,492487,492543
3504,99,9454,805809,805908
6000,138,9454,1039370,1039508
4403,214,9455,1352274,1352488
5714,226,9455,1383840,1384066
8665,2,9455,9326,9328
2137,227,9456,1386263,1386490
3054,239,9456,1412584,1412823
5096,271,9456,1460322,1460593
5111,163,9456,1163419,1163582
5611,102,9456,825422,825524
5827,224,9456,1378906,1379130
8127,38,9456,343009,343047
8604,46,9456,410803,410849
6108,287,9457,1472372,1472659
6812,41,9457,368663,368704
9451,4,9457,29121,29125
4075,61,9458,532056,532117
6612,129,9458,989701,989830
6758,111,9458,882632,882743
7269,121,9458,943356,943477
9589,89,9458,738298,738387
1019,257,9459,1443430,1443687
3185,200,9459,1309091,1309291
4885,275,9459,1464146,1464421
9164,221,9459,1371253,1371474
3075,226,9460,1383843,1384069
4666,5,9460,38956,38961
7397,73,9460,623637,623710
8897,9,9460,77853,77862
5132,241,9461,1416550,1416791
7124,36,9461,325715,325751
1064,154,9462,1121169,1121323
4480,2,9462,9348,9350
6124,192,9462,1281455,1281647
1043,10,9463,87496,87506
4094,27,9463,245992,246019
4386,104,9463,838350,838454
4544,71,9463,608716,608787
8379,40,9463,360153,360193
9481,26,9463,236944,236970
2038,242,9464,1418473,1418715
2590,156,9464,1130800,1130956
7597,106,9464,851144,851250
1592,180,9465,1235966,1236146
6266,171,9465,1198781,1198952
7000,114,9465,901160,901274
9661,258,9465,1444831,1445089
1364,12,9466,106678,106690
7266,172,9466,1203049,1203221
7805,231,9466,1395581,1395812
1730,281,9467,1468927,1469208
9884,128,9467,984034,984162
2425,170,9468,1194495,1194665
3550,80,9468,674799,674879
2769,118,9469,925443,925561
3349,116,9469,913356,913472
4650,17,9469,154003,154020
5672,175,9469,1215631,1215806
6592,67,9469,578453,578520
7751,99,9469,805833,805932
2780,242,9470,1418471,1418713
3452,261,9470,1448806,1449067
6204,223,9470,1376385,1376608
6319,25,9470,227875,227900
7023,164,9470,1167957,1168121
9870,233,9470,1400028,1400261
1664,173,9471,1207270,1207443
3086,186,9471,1259314,1259500
4315,274,9471,1463218,1463492
9980,60,9471,524246,524306
3736,55,9472,484522,484577
5947,108,9472,863845,863953
6450,111,9472,882651,882762
8592,7,9472,58505,58512
9709,102,9472,825447,825549
5278,234,9473,1402198,1402432
7906,210,9473,1340647,1340857
9235,45,9473,402458,402503
9259,94,9473,772514,772608
9590,208,9473,1334646,1334854
2318,174,9474,1211465,1211639
3065,182,9474,1243870,1244052
4127,256,9474,1441981,1442237
4425,2,9474,9388,9390
6146,234,9474,1402200,1402434
6708,148,9474,1091462,1091610
6524,101,9475,818951,819052
8043,248,9475,1429301,1429549
9605,71,9475,608745,608816
2032,165,9476,1172469,1172634
4899,51,9476,452125,452176
8300,61,9476,532097,532158
9348,113,9476,895033,895146
3017,2,9478,9395,9397
3953,176,9478,1219775,1219951
4981,272,9478,1461293,1461565
6790,293,9478,1474588,1474881
7472,113,9478,895036,895149
1905,120,9479,937424,937544
4163,117,9479,919423,919540
6898,81,9479,682017,682098
3704,183,9480,1247773,1247956
3761,124,9480,961031,961155
3927,297,9480,1475408,1475705
6363,62,9480,539914,539976
6902,72,9480,616227,616299
8826,204,9480,1322131,1322335
9547,102,9480,825462,825564
4880,76,9481,645789,645865
8602,231,9481,1395580,1395811
2009,34,9482,308287,308321
3533,117,9482,919427,919544
3643,54,9482,476505,476559
4694,243,9482,1420359,1420602
5896,224,9482,1378904,1379128
7550,61,9482,532113,532174
9519,102,9482,825466,825568
2346,258,9483,1444821,1445079
2674,41,9483,368726,368767
3371,252,9483,1435877,1436129
4383,158,9483,1140318,1140476
5222,255,9483,1440477,1440732
8719,286,9483,1471874,1472160
4500,204,9484,1322136,1322340
6352,238,9484,1410568,1410806
1414,35,9485,317043,317078
2019,174,9485,1211475,1211649
4562,209,9485,1337655,1337864
5361,69,9486,593673,593742
6055,5,9486,39031,39036
6402,125,9486,966872,966997
1406,242,9487,1418468,1418710
3611,282,9487,1469570,1469852
4101,263,9487,1451301,1451564
4802,96,9487,785990,786086
5436,261,9487,1448798,1449059
7143,93,9487,765759,765852
1932,202,9488,1315706,1315908
5763,158,9488,1140326,1140484
8044,285,9488,1471364,1471649
9867,70,9488,601240,601310
9947,224,9488,1378910,1379134
5516,226,9489,1383844,1384070
5769,140,9489,1050107,1050247
8101,218,9490,1363330,1363548
9276,88,9491,731429,731517
1808,50,9492,443974,444024
2210,15,9492,135232,135247
3255,255,9492,1440475,1440730
5015,136,9492,1028585,1028721
5207,38,9492,343095,343133
5371,207,9492,1331596,1331803
6700,283,9492,1470219,1470502
7645,256,9492,1441975,1442231
8313,230,9492,1393297,1393527
8869,142,9492,1060650,1060792
5339,242,9493,1418471,1418713
6306,175,9493,1215653,1215828
7169,172,9493,1203075,1203247
8597,243,9493,1420361,1420604
2230,212,9494,1346529,1346741
4002,53,9494,468447,468500
5238,71,9494,608785,608856
5321,145,9494,1076199,1076344
5325,56,9494,492582,492638
6711,128,9494,984071,984199
7039,62,9494,539952,540014
9040,219,9494,1366023,1366242
3042,242,9495,1418472,1418714
8116,189,9495,1270521,1270710
9258,80,9495,674860,674940
9810,78,9495,660389,660467
1233,161,9496,1154310,1154471
2931,26,9496,237038,237064
3252,171,9496,1198811,1198982
3887,139,9496,1044780,1044919
4215,292,9496,1474291,1474583
4413,6,9496,48837,48843
4791,28,9496,255088,255116
6331,272,9496,1461284,1461556
7079,112,9496,888898,889010
7469,11,9496,97213,97224
9309,30,9496,273004,273034
9511,63,9496,547738,547801
1375,183,9497,1247792,1247975
2971,191,9497,1277844,1278035
5717,281,9497,1468906,1469187
6007,205,9497,1325337,1325542
9316,219,9497,1366026,1366245
9723,78,9497,660400,660478
4567,230,9498,1393299,1393529
5089,62,9498,539969,540031
5129,295,9498,1475049,1475344
6964,146,9498,1081329,1081475
5083,268,9499,1457134,1457402
8132,218,9499,1363338,1363556
8881,245,9499,1424025,1424270
6041,147,9500,1086431,1086578
7153,45,9500,402540,402585
2096,261,9501,1448793,1449054
2143,66,9501,570883,570949
2706,173,9501,1207303,1207476
4078,210,9501,1340662,1340872
9907,54,9501,476565,476619
3555,44,9502,394151,394195
4513,281,9502,1468904,1469185
7907,51,9502,452201,452252
1820,3,9503,19410,19413
3088,20,9503,182043,182063
5787,183,9503,1247800,1247983
7885,142,9503,1060671,1060813
8744,132,9503,1006588,1006720
8800,132,9503,1006590,1006722
4644,245,9504,1424024,1424269
5641,28,9504,255114,255142
8523,122,9504,949340,949462
1335,270,9505,1459250,1459520
2261,67,9505,578540,578607
5204,110,9505,876468,876578
5345,294,9505,1474818,1475112
8977,183,9505,1247803,1247986
9159,211,9505,1343604,1343815
2524,136,9506,1028615,1028751
7385,231,9506,1395585,1395816
7662,87,9506,724500,724587
9455,60,9506,524340,524400
1185,92,9507,758995,759087
2628,146,9507,1081337,1081483
6104,196,9507,1295564,1295760
1229,7,9508,58621,58628
2929,211,9508,1343604,1343815
5798,188,9508,1266823,1267011
2542,4,9509,29283,29287
4238,99,9509,805911,806010
6521,80,9509,674890,674970
7884,166,9509,1176968,1177134
8301,57,9509,500608,500665
8404,26,9509,237084,237110
8574,45,9509,402565,402610
9487,271,9509,1460288,1460559
1322,220,9510,1368662,1368882
1757,250,9510,1432661,1432911
2184,114,9510,901236,901350
7158,245,9510,1424024,1424269
9241,203,9510,1318958,1319161
8466,239,9511,1412577,1412816
8593,243,9511,1420359,1420602
8699,225,9511,1381391,1381616
9778,30,9511,273050,273080
1629,245,9512,1424024,1424269
7617,37,9512,334537,334574
9693,249,9512,1430998,1431247
2097,137,9513,1034058,1034195
6258,153,9513,1116350,1116503
7015,94,9513,772595,772689
1715,107,9514,857604,857711
3295,106,9514,851235,851341
4991,5,9514,39130,39135
1034,30,9515,273056,273086
4046,255,9515,1440466,1440721
8228,230,9515,1393301,1393531
8475,153,9515,1116352,1116505
9083,224,9515,1378916,1379140
1359,141,9516,1055443,1055584
2164,64,9516,555524,555588
2250,52,9516,460377,460429
2994,8,9516,68351,68359
3541,260,9516,1447497,1447757
9314,298,9516,1475503,1475801
9508,51,9516,452239,452290
1655,62,9517,540010,540072
2516,267,9517,1456019,1456286
4717,98,9517,799323,799421
6393,182,9517,1243908,1244090
8533,105,9517,844859,844964
9503,14,9517,125875,125889
4212,102,9518,825535,825637
8402,295,9518,1475032,1475327
8420,46,9518,410965,411011
1584,294,9519,1474808,1475102
2732,296,9519,1475218,1475514
4998,256,9519,1441966,1442222
6702,148,9519,1091514,1091662
8016,183,9519,1247816,1247999
3826,218,9520,1363345,1363563
3837,201,9520,1312442,1312643
6225,87,9520,724531,724618
6663,159,9520,1145051,1145210
8495,12,9520,106855,106867
1468,171,9521,1198838,1199009
1684,56,9521,492656,492712
6063,95,9521,779353,779448
9969,232,9521,1397826,1398058
1641,256,9522,1441965,1442221
2378,29,9522,264146,264175
4563,218,9522,1363347,1363565
5243,137,9522,1034074,1034211
7063,188,9522,1266836,1267024
7901,290,9522,1473601,1473891
9770,72,9522,616329,616401
1135,176,9523,1219821,1219997
3135,34,9523,308418,308452
3783,194,9523,1288597,1288791
4531,134,9523,1017680,1017814
8430,39,9523,351780,351819
9512,68,9523,586191,586259
1800,147,9524,1086460,1086607
3623,53,9524,468536,468589
5443,251,9524,1434264,1434515
8222,134,9524,1017683,1017817
9509,31,9524,281994,282025
9510,206,9524,1328501,1328707
1632,147,9525,1086463,1086610
2461,288,9525,1472781,1473069
3194,125,9525,966946,967071
6950,45,9525,402616,402661
4090,131,9526,1001053,1001184
1328,10,9527,87706,87716
1502,274,9527,1463181,1463455
4345,292,9527,1474268,1474560
4558,63,9527,547812,547875
7295,269,9527,1458190,1458459
9803,237,9527,1408518,1408755
1045,124,9528,961117,961241
1153,253,9528,1437433,1437686
1970,300,9528,1475641,1475941
5695,71,9528,608870,608941
5765,233,9528,1400033,1400266
7309,173,9528,1207331,1207504
9085,37,9528,334592,334629
2081,265,9529,1453700,1453965
2996,219,9529,1366038,1366257
3800,180,9529,1236022,1236202
4362,64,9529,555564,555628
5144,199,9529,1305794,1305993
5267,111,9529,882760,882871
5429,23,9529,209792,209815
5916,98,9529,799357,799455
1444,75,9530,638562,638637
3692,185,9530,1255557,1255742
5348,282,9530,1469542,1469824
2457,240,9531,1414583,1414823
2751,257,9531,1443399,1443656
4018,284,9531,1470774,1471058
6090,297,9531,1475361,1475658
6940,206,9531,1328511,1328717
6986,211,9531,1343623,1343834
8194,168,9531,1185852,1186020
4457,186,9532,1259366,1259552
6097,29,9532,264190,264219
6505,192,9533,1281501,1281693
8108,148,9533,1091540,1091688
4781,273,9534,1462230,1462503
7762,194,9534,1288609,1288803
9405,158,9534,1140389,1140547
9464,9,9534,78096,78105
2614,293,9535,1474542,1474835
2759,70,9535,601356,601426
3697,293,9535,1474544,1474837
4551,292,9535,1474266,1474558
5334,37,9535,334614,334651
8030,282,9535,1469544,1469826
1316,48,9536,427631,427679
2491,43,9536,385821,385864
6321,287,9536,1472312,1472599
8157,29,9536,264202,264231
9286,178,9536,1227999,1228177
8202,104,9537,838493,838597
9734,29,9537,264205,264234
1458,237,9538,1408523,1408760
3012,240,9538,1414587,1414827
3134,31,9538,282036,282067
5681,3,9538,19541,19544
8224,276,9538,1464974,1465250
8384,224,9538,1378929,1379153
3276,104,9539,838497,838601
3977,278,9539,1466641,1466919
6486,60,9539,524426,524486
7113,178,9539,1228003,1228181
9324,121,9539,943488,943609
9887,262,9539,1450043,1450305
4201,120,9540,937538,937658
7320,181,9540,1239997,1240178
8270,256,9540,1441969,1442225
1651,228,9541,1388659,1388887
5904,260,9541,1447498,1447758
6221,204,9541,1322178,1322382
9387,194,9541,1288619,1288813
9408,4,9541,29407,29411
9453,230,9541,1393315,1393545
4001,94,9542,772664,772758
6058,138,9542,1039495,1039633
7889,103,9542,832058,832161
8773,154,9542,1121271,1121425
8822,102,9542,825596,825698
1010,23,9543,209835,209858
1119,93,9543,765885,765978
2398,211,9543,1343629,1343840
4462,211,9543,1343631,1343842
5503,199,9543,1305808,1306007
6377,186,9543,1259380,1259566
7362,231,9543,1395596,1395827
8009,287,9543,1472307,1472594
8039,152,9543,1111506,1111658
9353,80,9543,674983,675063
3560,218,9544,1363362,1363580
4873,27,9544,246256,246283
6448,227,9544,1386281,1386508
8031,177,9544,1223954,1224131
8704,211,9544,1343636,1343847
4418,122,9545,949421,949543
4794,178,9546,1228015,1228193
6054,99,9546,806000,806099
8063,138,9546,1039506,1039644
9753,205,9546,1325371,1325576
3244,138,9547,1039508,1039646
4716,79,9547,667771,667850
7539,288,9547,1472767,1473055
3332,13,9548,116485,116498
3476,135,9548,1023221,1023356
6327,221,9548,1371275,1371496
9077,202,9548,1315752,1315954
4857,268,9549,1457113,1457381
5484,201,9549,1312467,1312668
6830,103,9549,832076,832179
7174,14,9549,125988,126002
1381,118,9550,925592,925710
1644,106,9550,851313,851419
1838,54,9550,476700,476754
5357,95,9550,779427,779522
5692,196,9550,1295601,1295797
5887,193,9550,1285086,1285279
6751,81,9550,682188,682269
8284,159,9550,1145098,1145257
9816,70,9550,601405,601475
2551,94,9551,772691,772785
4226,280,9551,1468166,1468446
6302,47,9551,419403,419450
6417,193,9551,1285088,1285281
1976,208,9552,1334687,1334895
4491,72,9552,616410,616482
4600,210,9552,1340688,1340898
8939,150,9552,1101624,1101774
5084,6,9553,49042,49048
8147,282,9553,1469531,1469813
8646,70,9553,601412,601482
1093,95,9554,779434,779529
2740,3,9554,19601,19604
3446,91,9554,752273,752364
8941,188,9554,1266869,1267057
1076,161,9555,1154386,1154547
1224,215,9555,1355107,1355322
1663,12,9555,106979,106991
3954,206,9555,1328521,1328727
4320,177,9555,1223963,1224140
5557,157,9555,1135685,1135842
6478,24,9555,219040,219064
1818,204,9556,1322183,1322387
2069,179,9556,1232057,1232236
2723,84,9556,703555,703639
6182,14,9556,126014,126028
6388,260,9556,1447490,1447750
7133,154,9556,1121293,1121447
9923,127,9556,978495,978622
1008,87,9557,724626,724713
5683,245,9557,1424021,1424266
5968,51,9557,452365,452416
7640,189,9557,1270575,1270764
9540,91,9557,752285,752376
9564,260,9557,1447491,1447751
1198,272,9558,1461252,1461524
2447,258,9558,1444798,1445056
4040,159,9558,1145110,1145269
4837,202,9558,1315757,1315959
3367,158,9559,1140426,1140584
4855,220,9559,1368679,1368899
5127,244,9559,1422195,1422439
2253,102,9560,825635,825737
3462,231,9560,1395592,1395823
4371,125,9560,967015,967140
4571,145,9560,1076307,1076452
6383,146,9560,1081427,1081573
4286,151,9561,1106598,1106749
9996,292,9561,1474242,1474534
7561,196,9562,1295608,1295804
9097,67,9562,578699,578766
5962,181,9563,1240020,1240201
6554,32,9563,290962,290994
7730,56,9563,492781,492837
8096,205,9563,1325374,1325579
9932,180,9563,1236061,1236241
2766,93,9564,765936,766029
4635,143,9564,1065995,1066138
8243,250,9564,1432652,1432902
1456,121,9565,943538,943659
2747,35,9565,317293,317328
2893,122,9565,949455,949577
3444,110,9565,876589,876699
4419,203,9565,1318990,1319193
5170,75,9565,638658,638733
8833,2,9565,9716,9718
3213,16,9566,144930,144946
5640,5,9566,39320,39325
5994,244,9566,1422192,1422436
8983,31,9566,282128,282159
9741,35,9566,317299,317334
2108,38,9567,343329,343367
5023,291,9567,1473916,1474207
6003,123,9567,955345,955468
7392,235,9567,1404330,1404565
8135,264,9567,1452490,1452754
9175,218,9567,1363361,1363579
2503,181,9568,1240025,1240206
4180,89,9568,738539,738628
5007,248,9568,1429282,1429530
5319,12,9568,107028,107040
5957,266,9568,1454855,1455121
6828,291,9568,1473917,1474208
8516,42,9568,377459,377501
5062,62,9569,540161,540223
6684,49,9569,435977,436026
7062,109,9569,870330,870439
8400,141,9569,1055534,1055675
8510,150,9569,1101648,1101798
1543,159,9570,1145120,1145279
9506,230,9570,1393310,1393540
2639,190,9571,1274254,1274444
3824,286,9571,1471809,1472095
6482,183,9571,1247868,1248051
7328,105,9571,844975,845080
7436,280,9571,1468153,1468433
3492,38,9572,343349,343387
4514,253,9572,1437424,1437677
9873,207,9572,1331638,1331845
1580,200,9573,1309158,1309358
3722,48,9573,427741,427789
6071,128,9573,984212,984340
8338,94,9573,772740,772834
3171,14,9574,126072,126086
5430,64,9574,555686,555750
6455,166,9574,1177049,1177215
8504,108,9574,864044,864152
9935,45,9574,402762,402807
1601,29,9575,264327,264356
4447,39,9575,351936,351975
6216,109,9575,870339,870448
6818,223,9575,1376405,1376628
7444,136,9575,1028730,1028866
1242,240,9576,1414578,1414818
4735,113,9576,895221,895334
5700,93,9576,765964,766057
5971,274,9576,1463155,1463429
6372,66,9576,571082,571148
7691,15,9576,135532,135547
8924,272,9576,1461242,1461514
9906,206,9576,1328529,1328735
2523,264,9577,1452488,1452752
2876,33,9577,299813,299846
5244,153,9577,1116441,1116594
5253,192,9577,1281536,1281728
5604,122,9577,949478,949600
5972,23,9577,209956,209979
6212,138,9577,1039555,1039693
1448,273,9578,1462205,1462478
2406,18,9578,163723,163741
4185,61,9578,532377,532438
7156,283,9578,1470158,1470441
1963,286,9579,1471803,1472089
4062,2,9579,9771,9773
4451,266,9579,1454854,1455120
7037,172,9579,1203175,1203347
7880,252,9579,1435858,1436110
1822,11,9580,97507,97518
3031,204,9580,1322196,1322400
8274,131,9581,1001149,1001280
8958,45,9581,402781,402826
2323,144,9582,1071193,1071337
2641,181,9582,1240037,1240218
3543,174,9582,1211582,1211756
6901,53,9582,468701,468754
8312,126,9582,972809,972935
1159,259,9583,1446145,1446404
4272,56,9583,492832,492888
7022,137,9583,1034175,1034312
9250,156,9583,1130948,1131104
1810,49,9584,436015,436064
2338,294,9584,1474748,1475042
3386,168,9584,1185907,1186075
3756,19,9584,173046,173065
4381,173,9584,1207394,1207567
6165,164,9584,1168090,1168254
7449,141,9584,1055556,1055697
3107,257,9585,1443384,1443641
4469,179,9585,1232081,1232260
4780,164,9585,1168093,1168257
1337,163,9586,1163562,1163725
2094,289,9586,1473157,1473446
5951,232,9586,1397829,1398061
7081,143,9586,1066027,1066170
7657,54,9586,476802,476856
9004,65,9586,563436,563501
9859,66,9586,571108,571174
3431,282,9587,1469507,1469789
4561,289,9587,1473158,1473447
7813,67,9587,578758,578825
8368,191,9587,1277913,1278104
8912,239,9587,1412578,1412817
1849,98,9588,799486,799584
2936,71,9588,609026,609097
4790,89,9589,738586,738675
4800,221,9589,1371277,1371498
5025,207,9589,1331642,1331849
8458,160,9589,1149799,1149959
1772,189,9590,1270595,1270784
2315,268,9590,1457091,1457359
3009,109,9590,870374,870483
3296,300,9590,1475581,1475881
3544,267,9590,1455990,1456257
4225,108,9590,864082,864190
4251,265,9590,1453677,1453942
4587,297,9590,1475305,1475602
6652,63,9590,547994,548057
1773,188,9591,1266897,1267085
3742,163,9591,1163574,1163737
4557,271,9591,1460249,1460520
5684,47,9591,419524,419571
9728,1,9591,9818,9819
1841,141,9592,1055573,1055714
2807,28,9592,255408,255436
4084,40,9592,360540,360580
4405,195,9592,1292165,1292360
6706,41,9592,369062,369103
7210,66,9592,571128,571194
9920,274,9592,1463149,1463423
2074,227,9593,1386282,1386509
5627,76,9593,646066,646142
6892,219,9593,1366053,1366272
8040,150,9593,1101685,1101835
8064,205,9593,1325390,1325595
1538,220,9594,1368688,1368908
2975,270,9594,1459208,1459478
4196,138,9594,1039589,1039727
4994,30,9594,273327,273357
8092,33,9594,299875,299908
3168,148,9595,1091633,1091781
5961,239,9595,1412580,1412819
8295,133,9595,1012296,1012429
1023,115,9596,907510,907625
1491,123,9596,955404,955527
1741,89,9596,738610,738699
2560,241,9596,1416538,1416779
3918,227,9596,1386284,1386511
4951,74,9596,631355,631429
7532,61,9596,532433,532494
4952,243,9597,1420354,1420597
9237,257,9597,1443385,1443642
9558,25,9597,228302,228327
9591,12,9597,107139,107151
1235,125,9598,967082,967207
2193,26,9598,237387,237413
5051,152,9598,1111576,1111728
5230,26,9598,237390,237416
5438,169,9598,1190301,1190470
5652,140,9598,1050284,1050424
2331,200,9599,1309173,1309373
2622,143,9599,1066049,1066192
2983,218,9599,1363373,1363591
3337,18,9599,163802,163820
4859,214,9599,1352322,1352536
5764,145,9599,1076363,1076508
6509,295,9599,1474958,1475253
1847,125,9600,967091,967216
3785,293,9600,1474485,1474778
1834,83,9601,696580,696663
5247,186,9601,1259425,1259611
7308,85,9601,710721,710806
7835,48,9601,427831,427879
8662,22,9601,200852,200874
9312,2,9601,9860,9862
3316,75,9602,638748,638823
7365,173,9602,1207414,1207587
1113,184,9603,1251757,1251941
3739,135,9603,1023314,1023449
5080,166,9603,1177081,1177247
7925,195,9603,1292172,1292367
9729,239,9603,1412579,1412818
3078,55,9604,484893,484948
4643,211,9604,1343646,1343857
7452,155,9604,1126188,1126343
8077,270,9604,1459202,1459472
8784,153,9604,1116481,1116634
8850,237,9604,1408519,1408756
2637,31,9605,282259,282290
3123,287,9605,1472258,1472545
2883,40,9606,360582,360622
6651,122,9606,949538,949660
8615,80,9606,675134,675214
2490,119,9607,931691,931810
3149,255,9607,1440448,1440703
4919,116,9607,913619,913735
7547,206,9607,1328542,1328748
9361,98,9607,799532,799630
9376,15,9607,135646,135661
3552,262,9608,1450012,1450274
8889,292,9608,1474202,1474494
3268,77,9609,653400,653477
3931,216,9609,1357896,1358112
7559,38,9609,343467,343505
9021,172,9609,1203203,1203375
2270,36,9610,326164,326200
3163,10,9610,88007,88017
4845,167,9610,1181516,1181683
8877,130,9610,995580,995710
2100,164,9611,1168120,1168284
3441,119,9611,931698,931817
4295,251,9611,1434248,1434499
5022,231,9611,1395594,1395825
6129,189,9611,1270612,1270801
8998,246,9611,1425789,1426035
1985,88,9612,731716,731804
4421,299,9612,1475502,1475801
9102,102,9612,825747,825849
1466,140,9613,1050303,1050443
7386,78,9613,660679,660757
9730,179,9613,1232106,1232285
9899,274,9613,1463135,1463409
2689,142,9614,1060838,1060980
4341,100,9614,812704,812804
6355,110,9614,876687,876797
8048,156,9614,1130988,1131144
8286,8,9614,68709,68717
8916,154,9614,1121363,1121517
9234,175,9614,1215776,1215951
9930,264,9614,1452476,1452740
4110,228,9615,1388659,1388887
7468,232,9615,1397831,1398063
9093,150,9615,1101713,1101863
9197,212,9615,1346570,1346782
4108,199,9616,1305845,1306044
5181,123,9616,955442,955565
8444,147,9616,1086601,1086748
8867,122,9616,949559,949681
9238,121,9616,943642,943763
9572,282,9616,1469488,1469770
1946,81,9617,682352,682433
2101,288,9617,1472711,1472999
2635,46,9617,411265,411311
3320,37,9617,334873,334910
3755,258,9617,1444779,1445037
5701,116,9617,913645,913761
6271,78,9617,660700,660778
8363,237,9617,1408520,1408757
2836,17,9619,154512,154529
3491,218,9619,1363376,1363594
3828,110,9619,876703,876813
3587,226,9620,1383863,1384089
6066,225,9620,1381408,1381633
8636,15,9620,135687,135702
9031,162,9620,1159044,1159206
1253,154,9621,1121372,1121526
3292,206,9621,1328549,1328755
7334,31,9621,282308,282339
3351,186,9622,1259436,1259622
5713,234,9622,1402199,1402433
5894,268,9622,1457075,1457343
6889,81,9622,682363,682444
8190,265,9622,1453661,1453926
8607,112,9622,889148,889260
1879,106,9623,851468,851574
5076,297,9623,1475275,1475572
7875,89,9623,738672,738761
1671,48,9624,427890,427938
4789,247,9624,1427552,1427799
5830,212,9624,1346575,1346787
7606,41,9624,369154,369195
7709,169,9624,1190325,1190494
9343,282,9624,1469484,1469766
5882,232,9625,1397833,1398065
6166,78,9625,660716,660794
7086,9,9625,78420,78429
7430,264,9625,1452473,1452737
8073,161,9625,1154469,1154630
4928,161,9626,1154470,1154631
7932,149,9626,1096707,1096856
9174,152,9626,1111614,1111766
7234,44,9627,394523,394567
8126,42,9627,377632,377674
2851,20,9628,182462,182482
5490,272,9628,1461212,1461484
6439,223,9628,1376417,1376640
7329,298,9628,1475396,1475694
7754,106,9628,851479,851585
3119,279,9629,1467366,1467645
5226,168,9629,1185952,1186120
9260,4,9629,29721,29725
1060,61,9630,532514,532575
4494,84,9630,703727,703811
6023,289,9630,1473125,1473414
8853,246,9630,1425788,1426034
8899,109,9630,870458,870567
1472,53,9631,468838,468891
2040,24,9631,219285,219309
3961,244,9631,1422186,1422430
5223,268,9631,1457074,1457342
5809,173,9631,1207438,1207611
3840,152,9632,1111620,1111772
5472,167,9632,1181538,1181705
9204,45,9632,402931,402976
3869,58,9633,508883,508941
6094,91,9633,752450,752541
6815,159,9633,1145193,1145352
7494,254,9633,1438938,1439192
7634,263,9633,1451243,1451506
9624,170,9633,1194668,1194838
4003,266,9634,1454829,1455095
7466,195,9634,1292191,1292386
7858,31,9634,282347,282378
9532,260,9634,1447466,1447726
3170,55,9635,484972,485027
4626,35,9635,317512,317547
1467,223,9636,1376421,1376644
4161,47,9636,419641,419688
4404,5,9636,39567,39572
4924,110,9636,876729,876839
6813,52,9636,460717,460769
7635,266,9636,1454829,1455095
7837,230,9636,1393318,1393548
1668,69,9637,594058,594127
4088,36,9637,326245,326281
4439,178,9637,1228088,1228266
5391,129,9637,989989,990118
9111,37,9637,334927,334964
5120,255,9638,1440441,1440696
6458,82,9638,689544,689626
7680,175,9638,1215795,1215970
1283,212,9639,1346581,1346793
1309,148,9639,1091690,1091838
2949,38,9639,343552,343590
3888,295,9639,1474923,1475218
4416,222,9639,1373877,1374099
4914,184,9639,1251783,1251967
5031,46,9639,411321,411367
5354,107,9639,857863,857970
1088,136,9640,1028836,1028972
2544,160,9640,1149857,1150017
4282,102,9640,825805,825907
4580,294,9640,1474701,1474995
4943,70,9640,601631,601701
5963,115,9640,907593,907708
9787,167,9640,1181549,1181716
1638,201,9641,1312509,1312710
5658,157,9641,1135787,1135944
7127,121,9641,943681,943802
8507,290,9641,1473504,1473794
6008,208,9642,1334718,1334926
7324,228,9642,1388664,1388892
9400,261,9642,1448741,1449002
9851,176,9642,1219937,1220113
2600,143,9643,1066114,1066257
2891,191,9643,1277949,1278140
6089,211,9643,1343664,1343875
8688,29,9643,264553,264582
5815,267,9644,1455962,1456229
6201,239,9644,1412577,1412816
5659,31,9645,282383,282414
6970,99,9645,806211,806310
7920,224,9645,1378940,1379164
8268,289,9645,1473115,1473404
2867,254,9646,1438938,1439192
8168,49,9646,436191,436240
9000,175,9646,1215807,1215982
1495,130,9647,995640,995770
4489,101,9647,819313,819414
6757,262,9647,1449999,1450261
6943,171,9647,1198972,1199143
7332,224,9647,1378943,1379167
2006,258,9648,1444771,1445029
7503,229,9648,1391002,1391231
8169,176,9648,1219944,1220120
9331,73,9648,624091,624164
1548,244,9649,1422186,1422430
1654,229,9649,1391004,1391233
1801,265,9649,1453650,1453915
3177,192,9649,1281582,1281774
3228,171,9649,1198980,1199151
3502,152,9649,1111652,1111804
5203,58,9649,508933,508991
7413,128,9649,984348,984476
8151,98,9649,799628,799726
4444,211,9650,1343671,1343882
8074,119,9650,931775,931894
9525,300,9650,1475523,1475823
9879,299,9650,1475467,1475766
2091,41,9651,369235,369276
5460,278,9651,1466566,1466844
5956,35,9651,317570,317605
6337,258,9651,1444774,1445032
6998,197,9651,1299102,1299299
8287,300,9651,1475524,1475824
3231,119,9652,931781,931900
4369,56,9652,493026,493082
5755,114,9652,901519,901633
6408,101,9652,819333,819434
7036,202,9652,1315807,1316009
7758,257,9652,1443372,1443629
1656,72,9653,616667,616739
4938,173,9653,1207466,1207639
5932,278,9653,1466567,1466845
6588,247,9653,1427555,1427802
6660,228,9653,1388674,1388902
6752,289,9653,1473112,1473401
8572,252,9653,1435848,1436100
9385,90,9653,745640,745730
9834,9,9653,78525,78534
4992,137,9654,1034301,1034438
5931,85,9654,710849,710934
2238,277,9655,1465749,1466026
8265,14,9655,126360,126374
8511,194,9655,1288695,1288889
3721,147,9656,1086665,1086812
6928,275,9656,1464021,1464296
7525,263,9656,1451238,1451501
8264,105,9656,845161,845266
1804,42,9657,377725,377767
7298,193,9657,1285158,1285351
7600,281,9657,1468802,1469083
7787,159,9657,1145236,1145395
8131,215,9657,1355147,1355362
8351,270,9657,1459176,1459446
8530,288,9657,1472684,1472972
8778,190,9657,1274324,1274514
8788,225,9657,1381427,1381652
9070,4,9657,29832,29836
1949,273,9658,1462163,1462436
4542,250,9658,1432646,1432896
4559,282,9658,1469463,1469745
7422,164,9658,1168190,1168354
7651,23,9658,210231,210254
8598,107,9658,857918,858025
8628,276,9658,1464900,1465176
1676,20,9659,182580,182600
4291,25,9659,228507,228532
5482,6,9659,49427,49433
5922,102,9659,825861,825963
4690,279,9660,1467349,1467628
5287,242,9660,1418471,1418713
7116,266,9660,1454827,1455093
4921,228,9661,1388683,1388911
6923,142,9661,1060926,1061068
6960,231,9661,1395611,1395842
9498,295,9661,1474906,1475201
3192,255,9662,1440448,1440703
4033,104,9662,838771,838875
5822,141,9662,1055693,1055834
1101,54,9663,477022,477076
2155,134,9663,1017928,1018062
4189,1,9663,10077,10078
5541,277,9663,1465748,1466025
6640,48,9663,428010,428058
7084,293,9663,1474433,1474726
9749,191,9663,1277982,1278173
1030,32,9664,291290,291322
2124,221,9664,1371314,1371535
4805,106,9664,851564,851670
8255,283,9664,1470100,1470383
8457,163,9664,1163669,1163832
8911,164,9664,1168199,1168363
1533,87,9665,724890,724977
4606,206,9665,1328588,1328794
6932,182,9665,1244049,1244231
7427,101,9665,819373,819474
2123,131,9666,1001307,1001438
2582,90,9666,745674,745764
2728,4,9666,29864,29868
6195,160,9666,1149907,1150067
6207,96,9666,786401,786497
7522,4,9666,29868,29872
8733,94,9666,772963,773057
5664,16,9667,145284,145300
9662,204,9667,1322251,1322455
2296,142,9668,1060935,1061077
3635,124,9668,961380,961504
3784,100,9668,812836,812936
6582,300,9668,1475509,1475809
8195,156,9668,1131072,1131228
8909,87,9668,724903,724990
3059,221,9669,1371313,1371534
6658,279,9669,1467346,1467625
6745,4,9669,29878,29882
7942,26,9669,237623,237649
2870,151,9670,1106753,1106904
3827,74,9670,631549,631623
2033,45,9671,403053,403098
5560,84,9671,703839,703923
5958,235,9671,1404342,1404577
6125,193,9671,1285172,1285365
1223,217,9672,1360671,1360888
1954,123,9672,955545,955668
6816,224,9672,1378960,1379184
7745,103,9672,832342,832445
7752,202,9672,1315826,1316028
1103,168,9673,1186010,1186178
4882,168,9673,1186012,1186180
7812,70,9673,601730,601800
7853,150,9673,1101804,1101954
1293,232,9674,1397843,1398075
1565,60,9674,524804,524864
3153,207,9674,1331692,1331899
4293,57,9674,501070,501127
6457,101,9674,819388,819489
8059,85,9674,710903,710988
1476,204,9675,1322253,1322457
6449,269,9675,1458120,1458389
7738,234,9675,1402211,1402445
1590,68,9676,586599,586667
1719,88,9676,731875,731963
6232,209,9676,1337747,1337956
6938,87,9676,724918,725005
9351,9,9676,78602,78611
9366,217,9676,1360673,1360890
1522,102,9677,825893,825995
3103,60,9677,524815,524875
3897,137,9677,1034339,1034476
4053,160,9677,1149916,1150076
2995,217,9678,1360673,1360890
4109,154,9678,1121458,1121612
4134,25,9678,228567,228592
7693,50,9678,444524,444574
9804,209,9678,1337749,1337958
1951,206,9679,1328590,1328796
2012,25,9679,228571,228596
4759,295,9679,1474891,1475186
7211,260,9679,1447457,1447717
9390,33,9679,300142,300175
4698,247,9680,1427554,1427801
8049,156,9680,1131085,1131241
4983,17,9681,154721,154738
6247,254,9681,1438937,1439191
6859,193,9681,1285181,1285374
1001,204,9682,1322259,1322463
1410,240,9682,1414579,1414819
3013,70,9682,601750,601820
6121,122,9682,949678,949800
6345,181,9682,1240128,1240309
8843,58,9682,509031,509089
9080,50,9682,444536,444586
5427,221,9683,1371312,1371533
5464,72,9683,616748,616820
7134,224,9683,1378959,1379183
8037,204,9683,1322263,1322467
8769,267,9683,1455949,1456216
9524,200,9683,1309234,1309434
9763,2,9683,10153,10155
1723,36,9684,326401,326437
2710,117,9684,919820,919937
2770,219,9684,1366085,1366304
3114,4,9684,29931,29935
9147,190,9684,1274349,1274539
9914,108,9684,864278,864386
3819,285,9685,1471219,1471504
1038,227,9686,1386300,1386527
1672,192,9686,1281621,1281813
1953,110,9686,876837,876947
3033,97,9686,793092,793189
5888,18,9686,164091,164109
6362,129,9686,990084,990213
9091,196,9686,1295692,1295888
2272,53,9687,469006,469059
2356,132,9687,1006905,1007037
2477,258,9687,1444765,1445023
2811,226,9687,1383881,1384107
2960,249,9687,1430974,1431223
3052,24,9687,219484,219508
3640,194,9687,1288724,1288918
4098,6,9687,49526,49532
8491,124,9687,961415,961539
8846,83,9687,696799,696882
9989,186,9687,1259506,1259692
8001,98,9688,799722,799820
2701,207,9689,1331699,1331906
3969,100,9689,812880,812980
4638,81,9689,682538,682619
7956,182,9689,1244070,1244252
4838,284,9690,1470657,1470941
6670,139,9690,1045094,1045233
6826,120,9690,937827,937947
8056,143,9690,1066193,1066336
5428,180,9691,1236177,1236357
5435,50,9691,444565,444615
6556,169,9691,1190405,1190574
8676,180,9691,1236179,1236359
5476,4,9692,29959,29963
5595,170,9692,1194742,1194912
2188,47,9693,419820,419867
3686,90,9693,745731,745821
5404,288,9693,1472654,1472942
7423,171,9693,1199031,1199202
9416,119,9693,931861,931980
9494,261,9693,1448725,1448986
2838,70,9694,601785,601855
4888,242,9694,1418459,1418701
7947,35,9694,317709,317744
2414,4,9695,29968,29972
3030,71,9695,609308,609379
6835,45,9695,403128,403173
7768,150,9695,1101832,1101982
7923,116,9695,913790,913906
8435,189,9695,1270684,1270873
8619,121,9695,943786,943907
9344,100,9695,812894,812994
2497,280,9696,1468068,1468348
7685,32,9696,291393,291425
1216,17,9697,154777,154794
5768,138,9697,1039749,1039887
9775,175,9697,1215863,1216038
1454,279,9698,1467324,1467603
3359,87,9698,724966,725053
7650,70,9698,601795,601865
3948,135,9699,1023468,1023603
4434,159,9699,1145284,1145443
6895,275,9699,1463997,1464272
7489,300,9699,1475480,1475780
1461,299,9700,1475422,1475721
4221,223,9700,1376439,1376662
4668,56,9700,493163,493219
7052,157,9700,1135869,1136026
2276,167,9701,1181623,1181790
7054,160,9701,1149941,1150101
7859,11,9701,97923,97934
9072,269,9701,1458105,1458374
9378,64,9701,556030,556094
1085,95,9702,779767,779862
1828,200,9702,1309235,1309435
3461,27,9702,246764,246791
7356,290,9702,1473454,1473744
9030,149,9702,1096820,1096969
1044,150,9703,1101841,1101991
1845,53,9703,469049,469102
6896,40,9703,360876,360916
2054,148,9704,1091789,1091937
4847,137,9704,1034377,1034514
8335,102,9704,825945,826047
8378,242,9704,1418458,1418700
8870,98,9704,799751,799849
9411,255,9704,1440429,1440684
1760,212,9705,1346608,1346820
3857,74,9705,631630,631704
7890,275,9705,1463996,1464271
8377,166,9705,1177196,1177362
8712,120,9705,937851,937971
2756,37,9706,335143,335180
4941,209,9706,1337753,1337962
7542,123,9706,955600,955723
8337,222,9706,1373894,1374116
8684,31,9706,282586,282617
2113,226,9707,1383878,1384104
2612,100,9707,812915,813015
7432,151,9707,1106796,1106947
9718,227,9707,1386297,1386524
1005,166,9708,1177199,1177365
1331,186,9708,1259510,1259696
4599,284,9708,1470645,1470929
4944,79,9708,668172,668251
7596,4,9708,30017,30021
8456,159,9708,1145298,1145457
4080,190,9709,1274357,1274547
4415,297,9709,1475198,1475495
5131,13,9709,117043,117056
2267,282,9710,1469426,1469708
3517,214,9710,1352360,1352574
3872,258,9710,1444758,1445016
4006,240,9710,1414575,1414815
7009,59,9710,517015,517074
8535,178,9710,1228163,1228341
9486,106,9710,851651,851757
1827,300,9711,1475470,1475770
4081,224,9711,1378961,1379185
6506,122,9711,949730,949852
7119,206,9711,1328603,1328809
7187,23,9711,210402,210425
8992,265,9711,1453630,1453895
3409,106,9712,851656,851762
5650,152,9712,1111739,1111891
7218,22,9712,201216,201238
7673,135,9712,1023498,1023633
8528,289,9712,1473064,1473353
4044,47,9713,419880,419927
1374,204,9714,1322273,1322477
4089,11,9714,97970,97981
4166,221,9714,1371317,1371538
4778,212,9714,1346616,1346828
5924,95,9714,779802,779897
8630,203,9714,1319076,1319279
9206,49,9714,436400,436449
9675,209,9714,1337762,1337971
2510,211,9715,1343698,1343909
6857,174,9715,1211712,1211886
7357,63,9715,548329,548392
7688,49,9715,436405,436454
7798,11,9715,97981,97992
9279,1,9715,10270,10271
9342,138,9715,1039783,1039921
1866,15,9716,136014,136029
3188,285,9716,1471197,1471482
5784,267,9716,1455935,1456202
6667,230,9716,1393321,1393551
7781,45,9716,403195,403240
1721,116,9717,913834,913950
2142,1,9717,10276,10277
4454,21,9717,192008,192029
4564,129,9717,990136,990265
6087,2,9717,10279,10281
8164,151,9717,1106816,1106967
3554,196,9718,1295707,1295903
4848,164,9718,1168252,1168416
5629,57,9718,501190,501247
9903,8,9718,69075,69083
1112,215,9719,1355161,1355376
2023,132,9719,1006958,1007090
3343,207,9719,1331709,1331916
6160,136,9719,1028973,1029109
6220,2,9719,10288,10290
7104,24,9719,219585,219609
8772,223,9719,1376441,1376664
3539,74,9720,631671,631745
5000,255,9720,1440425,1440680
2237,212,9721,1346617,1346829
3471,156,9721,1131135,1131291
5116,24,9721,219590,219614
8525,230,9721,1393319,1393549
8756,236,9721,1406432,1406668
2268,106,9722,851677,851783
3615,126,9722,973058,973184
4875,46,9722,411573,411619
6277,106,9722,851680,851786
6913,279,9722,1467311,1467590
7891,259,9722,1446101,1446360
8142,144,9722,1071410,1071554
9587,268,9722,1457030,1457298
4232,238,9723,1410560,1410798
6016,23,9723,210442,210465
6153,106,9723,851686,851792
6820,9,9723,78769,78778
7706,252,9723,1435830,1436082
7830,140,9723,1050483,1050623
1220,274,9724,1463074,1463348
3410,286,9724,1471694,1471980
4230,139,9724,1045147,1045286
4824,37,9724,335206,335243
4903,93,9724,766313,766406
7287,262,9724,1449974,1450236
5011,242,9725,1418458,1418700
6026,123,9725,955643,955766
6625,275,9725,1463986,1464261
6787,176,9725,1220026,1220202
2127,149,9726,1096858,1097007
8645,103,9726,832457,832560
2897,187,9727,1263290,1263477
7393,287,9727,1472164,1472451
7516,232,9727,1397840,1398072
9149,190,9727,1274380,1274570
1132,2,9728,10320,10322
1354,112,9728,889357,889469
2752,120,9728,937901,938021
5039,292,9728,1474100,1474392
1561,272,9729,1461163,1461435
4869,289,9729,1473050,1473339
6490,131,9729,1001410,1001541
7021,266,9729,1454796,1455062
7313,78,9729,660984,661062
7721,149,9729,1096865,1097014
1098,202,9730,1315860,1316062
1576,66,9730,571499,571565
4377,88,9730,732007,732095
5140,52,9730,460998,461050
6056,21,9730,192057,192078
9160,244,9730,1422181,1422425
6501,205,9731,1325466,1325671
7609,96,9731,786545,786641
8812,203,9731,1319091,1319294
9379,12,9731,107599,107611
1669,26,9732,237820,237846
1725,20,9732,182821,182841
2042,255,9732,1440427,1440682
6546,193,9732,1285218,1285411
7163,108,9732,864376,864484
9458,278,9732,1466520,1466798
4317,299,9733,1475392,1475691
5250,221,9733,1371327,1371548
1136,284,9734,1470630,1470914
3286,237,9734,1408521,1408758
4422,252,9734,1435834,1436086
5146,64,9734,556123,556187
5252,266,9734,1454796,1455062
7750,221,9734,1371332,1371553
8545,2,9734,10349,10351
2297,248,9735,1429262,1429510
7499,277,9735,1465705,1465982
8066,118,9735,925953,926071
9384,20,9735,182835,182855
1042,203,9736,1319099,1319302
1521,105,9736,845330,845435
2509,288,9736,1472622,1472910
3782,122,9736,949782,949904
5192,69,9736,594337,594406
6029,272,9736,1461164,1461436
6576,45,9736,403259,403304
4651,28,9737,255875,255903
9232,200,9737,1309272,1309472
1455,35,9738,317843,317878
2725,97,9738,793212,793309
4103,183,9738,1248015,1248198
4750,229,9738,1391018,1391247
4922,240,9738,1414580,1414820
9699,84,9738,704007,704091
5248,109,9739,870681,870790
6081,192,9739,1281663,1281855
6200,66,9739,571525,571591
8242,157,9739,1135924,1136081
9891,187,9739,1263310,1263497
9922,225,9739,1381438,1381663
1018,179,9740,1232233,1232412
1771,139,9740,1045175,1045314
2935,202,9740,1315872,1316074
3047,36,9741,326578,326614
5359,132,9741,1007000,1007132
5448,284,9741,1470626,1470910
6827,281,9741,1468747,1469028
7702,172,9741,1203347,1203519
8216,10,9741,88470,88480
8600,10,9741,88472,88482
1891,167,9742,1181677,1181844
4905,128,9742,984515,984643
5151,163,9742,1163758,1163921
6118,79,9742,668265,668344
6912,27,9742,246901,246928
1003,240,9743,1414579,1414819
2853,69,9743,594356,594425
3602,179,9743,1232236,1232415
7846,278,9743,1466516,1466794
9689,222,9743,1373912,1374134
1743,202,9744,1315875,1316077
3355,86,9744,718085,718171
4608,37,9744,335269,335306
8987,257,9744,1443349,1443606
5814,182,9745,1244120,1244302
6326,257,9745,1443350,1443607
6865,100,9745,813011,813111
7448,239,9745,1412581,1412820
9059,22,9745,201332,201354
8804,296,9746,1475009,1475305
9607,61,9746,532841,532902
9655,49,9746,436498,436547
9785,265,9746,1453621,1453886
1063,155,9747,1126383,1126538
5699,252,9747,1435834,1436086
3169,152,9748,1111792,1111944
4312,142,9748,1061056,1061198
5969,227,9748,1386312,1386539
8011,6,9748,49742,49748
2746,34,9749,309131,309165
2818,274,9749,1463065,1463339
3955,285,9749,1471173,1471458
4022,27,9749,246921,246948
5600,93,9749,766372,766465
7213,153,9749,1116681,1116834
8350,85,9749,711086,711171
9340,174,9749,1211755,1211929
1232,180,9750,1236234,1236414
4768,276,9750,1464847,1465123
5055,72,9750,616926,616998
5743,205,9750,1325480,1325685
1579,196,9751,1295739,1295935
1955,206,9751,1328629,1328835
4891,74,9751,631758,631832
9016,98,9751,799866,799964
1265,192,9752,1281673,1281865
2583,189,9752,1270737,1270926
7303,93,9752,766381,766474
7470,191,9752,1278049,1278240
10000,118,9752,925988,926106
1485,144,9753,1071461,1071605
1873,28,9753,255929,255957
1884,207,9753,1331730,1331937
3374,233,9753,1400039,1400272
3633,263,9753,1451204,1451467
3996,197,9753,1299178,1299375
5227,287,9753,1472145,1472432
7281,239,9753,1412583,1412822
7434,146,9753,1081719,1081865
7641,184,9753,1251901,1252085
2939,185,9754,1255759,1255944
8669,246,9754,1425779,1426025
9711,172,9754,1203369,1203541
4055,279,9755,1467292,1467571
4664,167,9755,1181701,1181868
5989,292,9755,1474077,1474369
7224,182,9755,1244138,1244320
8367,12,9755,107690,107702
9636,156,9755,1131196,1131352
1306,16,9756,145592,145608
1442,227,9756,1386316,1386543
2687,13,9756,117217,117230
2695,174,9756,1211771,1211945
2855,12,9756,107696,107708
9807,139,9756,1045214,1045353
4264,123,9757,955711,955834
6989,270,9757,1459130,1459400
7268,265,9757,1453619,1453884
7926,92,9757,759594,759686
8275,191,9757,1278058,1278249
4613,122,9758,949833,949955
5198,104,9758,838979,839083
8498,213,9758,1349526,1349739
8949,148,9758,1091888,1092036
9967,157,9758,1135960,1136117
3210,273,9759,1462112,1462385
7319,253,9759,1437392,1437645
2645,16,9760,145605,145621
2726,21,9760,192160,192181
3950,166,9760,1177278,1177444
4473,4,9760,30218,30222
4792,73,9760,624397,624470
5378,130,9760,995855,995985
1716,266,9761,1454786,1455052
2169,239,9761,1412585,1412824
3911,218,9761,1363432,1363650
8635,209,9761,1337791,1338000
9889,104,9761,838989,839093
4217,190,9762,1274417,1274607
9218,4,9762,30226,30230
9779,258,9762,1444748,1445006
1319,274,9763,1463058,1463332
2428,221,9763,1371343,1371564
2488,3,9763,20368,20371
7589,59,9763,517173,517232
8345,98,9763,799902,800000
8834,25,9763,228849,228874
8948,9,9763,78920,78929
9649,256,9763,1441912,1442168
1799,296,9764,1474993,1475289
5389,264,9764,1452427,1452691
7734,194,9764,1288782,1288976
6281,227,9765,1386320,1386547
1513,269,9766,1458078,1458347
1659,145,9766,1076624,1076769
2432,104,9766,838997,839101
2912,298,9766,1475268,1475566
7098,184,9766,1251916,1252100
7838,254,9766,1438924,1439178
8068,197,9766,1299192,1299389
8898,280,9766,1468024,1468304
9335,109,9766,870751,870860
9943,196,9766,1295758,1295954
1288,89,9767,739029,739118
2632,207,9767,1331746,1331953
2909,123,9767,955735,955858
4495,290,9767,1473399,1473689
7459,31,9767,282787,282818
9584,120,9767,937992,938112
1193,10,9768,88571,88581
1660,74,9768,631813,631887
3229,59,9768,517192,517251
4488,254,9768,1438926,1439180
5506,244,9768,1422187,1422431
8252,298,9768,1475268,1475566
3589,277,9769,1465687,1465964
5753,200,9769,1309299,1309499
6968,295,9769,1474812,1475107
7618,97,9769,793300,793397
7872,3,9769,20399,20402
1853,265,9770,1453619,1453884
2799,57,9770,501352,501409
4568,290,9770,1473400,1473690
8330,146,9770,1081754,1081900
9727,142,9770,1061109,1061251
6870,295,9771,1474812,1475107
3087,60,9772,525084,525144
4686,50,9772,444805,444855
4953,251,9772,1434236,1434487
6256,209,9772,1337803,1338012
7325,256,9772,1441917,1442173
3091,178,9773,1228248,1228426
6313,287,9773,1472135,1472422
6564,130,9773,995883,996013
7775,272,9773,1461151,1461423
8931,48,9773,428344,428392
9682,100,9773,813085,813185
6803,94,9774,773220,773314
8544,231,9774,1395623,1395854
9017,73,9774,624439,624512
9195,201,9774,1312615,1312816
9948,190,9774,1274439,1274629
4179,180,9775,1236276,1236456
4556,161,9775,1154675,1154836
5686,68,9775,586878,586946
6925,216,9775,1357970,1358186
7949,147,9775,1086860,1087007
8902,265,9775,1453620,1453885
4595,100,9776,813092,813192
6059,80,9776,675577,675657
7112,156,9776,1131231,1131387
7380,42,9776,378102,378144
2886,134,9777,1018130,1018264
5462,130,9777,995892,996022
5534,243,9777,1420350,1420593
8178,148,9777,1091921,1092069
8793,160,9777,1150057,1150217
3181,4,9778,30287,30291
3183,226,9778,1383908,1384134
3455,251,9778,1434236,1434487
5442,36,9778,326706,326742
9252,232,9778,1397859,1398091
2531,236,9780,1406453,1406689
1805,184,9781,1251933,1252117
3603,35,9781,317984,318019
3771,47,9781,420089,420136
4429,46,9781,411758,411804
5913,206,9781,1328653,1328859
3020,64,9782,556260,556324
5147,12,9782,107780,107792
6131,266,9782,1454780,1455046
3809,84,9783,704121,704205
5696,47,9783,420093,420140
5731,100,9783,813100,813200
8095,287,9783,1472127,1472414
8333,34,9783,309246,309280
9127,62,9783,540750,540812
1128,259,9784,1446092,1446351
3121,288,9784,1472585,1472873
3302,39,9784,352583,352622
4255,124,9784,961595,961719
4333,46,9784,411768,411814
8239,280,9784,1468016,1468296
8962,269,9784,1458075,1458344
2275,138,9785,1039909,1040047
2837,254,9785,1438927,1439181
8174,183,9785,1248071,1248254
3358,106,9786,851824,851930
3463,44,9786,395011,395055
4047,149,9786,1096957,1097106
6338,217,9786,1360717,1360934
2064,162,9787,1159261,1159423
4063,65,9787,563984,564049
5737,285,9787,1471149,1471434
5880,179,9787,1232293,1232472
6929,258,9787,1444748,1445006
8694,33,9787,300488,300521
9108,189,9787,1270777,1270966
2138,201,9788,1312621,1312822
2872,45,9788,403417,403462
5085,126,9788,973192,973318
5380,160,9788,1150069,1150229
5634,142,9788,1061135,1061277
1057,276,9789,1464827,1465103
5872,276,9789,1464829,1465105
3201,113,9790,895660,895773
5275,274,9790,1463049,1463323
9269,12,9790,107811,107823
9671,121,9790,943979,944100
4029,129,9791,990279,990408
8857,199,9791,1305974,1306173
1978,260,9792,1447426,1447686
2501,37,9792,335416,335453
4235,264,9792,1452423,1452687
4925,56,9792,493430,493486
3625,38,9793,344032,344070
4019,223,9793,1376475,1376698
4843,40,9793,361154,361194
5609,58,9793,509341,509399
9418,185,9793,1255797,1255982
5619,167,9794,1181746,1181913
5898,269,9794,1458071,1458340
6476,149,9794,1096969,1097118
6638,23,9794,210680,210703
9566,6,9794,49908,49914
9666,266,9794,1454779,1455045
9975,157,9794,1136008,1136165
2043,268,9795,1457006,1457274
3651,2,9795,10573,10575
3981,275,9795,1463951,1464226
8013,296,9795,1474966,1475262
8553,207,9795,1331763,1331970
9296,153,9795,1116756,1116909
5613,240,9796,1414591,1414831
7993,278,9796,1466484,1466762
1904,27,9797,247078,247105
2017,5,9797,40150,40155
5137,97,9797,793354,793451
5742,8,9797,69358,69366
6116,29,9797,265048,265077
8521,43,9797,386608,386651
9445,236,9797,1406459,1406695
1693,259,9798,1446095,1446354
3322,122,9798,949908,950030
4173,225,9798,1381462,1381687
4351,95,9798,780005,780100
5833,61,9798,532983,533044
7777,197,9798,1299218,1299415
8187,223,9798,1376482,1376705
8441,25,9798,228967,228992
3067,254,9799,1438929,1439183
7763,161,9799,1154700,1154861
7839,257,9799,1443348,1443605
9287,276,9799,1464823,1465099
4820,163,9800,1163838,1164001
6093,248,9800,1429269,1429517
6637,109,9800,870818,870927
7937,83,9800,697080,697163
9409,3,9800,20507,20510
9606,253,9800,1437399,1437652
2973,276,9801,1464823,1465099
8515,297,9801,1475112,1475409
2708,214,9803,1352413,1352627
4246,153,9803,1116767,1116920
8695,146,9803,1081801,1081947
9739,39,9803,352638,352677
3267,247,9804,1427553,1427800
4811,18,9804,164487,164505
7792,169,9804,1190540,1190709
9422,289,9804,1472989,1473278
9615,250,9804,1432635,1432885
4573,72,9805,617066,617138
5789,135,9805,1023665,1023800
1602,259,9806,1446093,1446352
2314,49,9806,436663,436712
3448,237,9806,1408541,1408778
8502,239,9806,1412600,1412839
9527,138,9806,1039946,1040084
2605,20,9807,183071,183091
6749,223,9807,1376488,1376711
6871,20,9807,183074,183094
1982,4,9808,30380,30384
2798,284,9808,1470579,1470863
4280,208,9808,1334815,1335023
4683,289,9808,1472987,1473276
4515,24,9809,219874,219898
6466,98,9809,799995,800093
6922,156,9809,1131268,1131424
7130,134,9809,1018179,1018313
9824,13,9809,117387,117400
1072,226,9810,1383919,1384145
5311,12,9810,107870,107882
6244,80,9810,675643,675723
8661,109,9810,870832,870941
9063,202,9810,1315923,1316125
3775,176,9811,1220127,1220303
8623,95,9811,780029,780124
3219,110,9812,877090,877200
3401,189,9812,1270795,1270984
3750,176,9812,1220129,1220305
4872,99,9812,806591,806690
8862,98,9812,800004,800102
1626,126,9813,973229,973355
6764,266,9813,1454772,1455038
6979,66,9813,571715,571781
2375,250,9814,1432631,1432881
2567,24,9814,219889,219913
2604,132,9814,1007128,1007260
2888,284,9814,1470576,1470860
5647,86,9814,718249,718335
6219,276,9814,1464817,1465093
7502,185,9814,1255816,1256001
9370,206,9814,1328673,1328879
1287,194,9815,1288822,1289016
9395,54,9815,477446,477500
1483,197,9816,1299228,1299425
3863,281,9816,1468695,1468976
1298,270,9817,1459104,1459374
2080,217,9817,1360730,1360947
4389,18,9817,164524,164542
4829,114,9817,901845,901959
5024,224,9817,1379000,1379224
8763,185,9817,1255822,1256007
9981,146,9817,1081819,1081965
4708,140,9818,1050640,1050780
6445,263,9819,1451190,1451453
7416,7,9819,59717,59724
7735,57,9819,501466,501523
5172,139,9820,1045307,1045446
5405,296,9820,1474944,1475240
5709,189,9820,1270802,1270991
6098,50,9820,444921,444971
8858,289,9820,1472978,1473267
9322,139,9820,1045312,1045451
4547,41,9821,369740,369781
6208,50,9821,444924,444974
6566,158,9821,1140761,1140919
7285,196,9821,1295795,1295991
7807,60,9821,525199,525259
8486,216,9821,1357987,1358203
8608,113,9821,895716,895829
9263,78,9821,661209,661287
1114,78,9822,661210,661288
3429,80,9822,675671,675751
4632,215,9822,1355215,1355430
5001,292,9822,1474020,1474312
5008,199,9822,1305995,1306194
5708,275,9822,1463940,1464215
6864,109,9822,870859,870968
8522,183,9822,1248106,1248289
9609,145,9822,1076709,1076854
2543,235,9823,1404356,1404591
3200,53,9823,469389,469442
7929,103,9823,832666,832769
9308,140,9823,1050651,1050791
2903,160,9824,1150108,1150268
3154,68,9824,586988,587056
4150,131,9824,1001581,1001712
5606,63,9824,548622,548685
5698,84,9824,704215,704299
7145,292,9824,1474020,1474312
2186,1,9825,10677,10678
3043,169,9825,1190561,1190730
3522,44,9825,395120,395164
5382,42,9825,378234,378276
3688,49,9826,436722,436771
9843,297,9826,1475089,1475386
1024,199,9827,1305996,1306195
3497,296,9827,1474940,1475236
5907,140,9827,1050655,1050795
7581,259,9827,1446089,1446348
8186,198,9827,1302622,1302820
8237,247,9827,1427552,1427799
9389,209,9827,1337827,1338036
9497,15,9827,136394,136409
7661,211,9828,1343758,1343969
9548,136,9828,1029164,1029300
1356,217,9829,1360732,1360949
5479,87,9829,725281,725368
6983,93,9829,766558,766651
2321,266,9830,1454768,1455034
4727,169,9830,1190568,1190737
7369,131,9830,1001592,1001723
7515,237,9830,1408539,1408776
8321,95,9830,780074,780169
1528,90,9831,746057,746147
1935,17,9831,155226,155243
2616,186,9831,1259633,1259819
8103,47,9831,420225,420272
1142,100,9832,813196,813296
1427,168,9832,1186195,1186363
2304,84,9832,704233,704317
3383,188,9832,1267104,1267292
7341,178,9832,1228301,1228479
8534,70,9832,602144,602214
8702,106,9832,851915,852021
1812,35,9833,318139,318174
7445,23,9833,210800,210823
8686,184,9833,1251976,1252160
1606,201,9834,1312642,1312843
2475,239,9834,1412593,1412832
2578,35,9834,318143,318178
7228,52,9834,461285,461337
5850,143,9835,1066414,1066557
6248,95,9835,780081,780176
9294,160,9835,1150120,1150280
9817,173,9835,1207666,1207839
1055,117,9836,920113,920230
8854,70,9836,602151,602221
9044,279,9836,1467240,1467519
1129,289,9837,1472967,1473256
4239,46,9837,411909,411955
5728,92,9837,759765,759857
1586,66,9838,571777,571843
4631,178,9838,1228302,1228480
7216,113,9838,895742,895855
8499,87,9838,725300,725387
3480,134,9839,1018218,1018352
3558,5,9839,40288,40293
7849,214,9839,1352416,1352630
8886,110,9839,877139,877249
3081,40,9840,361285,361325
5949,87,9840,725303,725390
6755,221,9841,1371361,1371582
7484,112,9841,889571,889683
8734,132,9841,1007166,1007298
8875,86,9841,718307,718393
9595,149,9841,1097021,1097170
6168,136,9842,1029172,1029308
7966,245,9842,1423997,1424242
1699,119,9843,932137,932256
1964,14,9843,126986,127000
4665,21,9843,192415,192436
6507,242,9843,1418459,1418701
7828,95,9843,780093,780188
1894,164,9844,1168397,1168561
3889,24,9844,219981,220005
4328,94,9844,773355,773449
4889,216,9844,1357983,1358199
5601,96,9844,786786,786882
6668,54,9844,477521,477575
5578,129,9845,990356,990485
9071,265,9845,1453588,1453853
7898,68,9846,587034,587102
8926,123,9846,955854,955977
2819,210,9847,1340804,1341014
3978,231,9847,1395620,1395851
8848,56,9847,493562,493618
9762,191,9847,1278113,1278304
1786,281,9848,1468672,1468953
2242,271,9848,1460116,1460387
7517,43,9848,386743,386786
1398,214,9849,1352416,1352630
1967,293,9849,1474267,1474560
2671,277,9849,1465635,1465912
4703,77,9849,653997,654074
9295,23,9849,210841,210864
1257,279,9850,1467231,1467510
1574,71,9850,609692,609763
2529,195,9850,1292345,1292540
2634,275,9850,1463923,1464198
4844,220,9850,1368764,1368984
6120,263,9850,1451178,1451441
6324,88,9851,732274,732362
8341,154,9851,1121680,1121834
1138,12,9852,108000,108012
2765,23,9852,210848,210871
5799,282,9852,1469326,1469608
7699,7,9852,59825,59832
5879,4,9853,30523,30527
2022,277,9854,1465634,1465911
5694,193,9854,1285302,1285495
7940,295,9854,1474736,1475031
2413,228,9855,1388698,1388926
3205,151,9855,1106995,1107146
5633,230,9855,1393345,1393575
7142,167,9855,1181799,1181966
8560,204,9855,1322351,1322555
8658,9,9855,79207,79216
1415,248,9856,1429252,1429500
5449,219,9856,1366133,1366352
5518,282,9856,1469325,1469607
5639,188,9856,1267115,1267303
5752,165,9856,1172905,1173070
5836,102,9856,826260,826362
7437,266,9856,1454756,1455022
7479,149,9856,1097042,1097191
3005,186,9857,1259645,1259831
4976,235,9857,1404350,1404585
7587,299,9858,1475269,1475568
9500,153,9858,1116822,1116975
3531,289,9859,1472950,1473239
3884,217,9859,1360734,1360951
6379,106,9859,851953,852059
3904,21,9860,192457,192478
4471,269,9860,1458041,1458310
6148,294,9860,1474507,1474801
8153,256,9860,1441896,1442152
8672,33,9860,300683,300716
2566,300,9861,1475322,1475622
2737,212,9861,1346682,1346894
3503,54,9861,477557,477611
7905,274,9861,1463014,1463288
1280,196,9862,1295815,1296011
2571,130,9862,996013,996143
3097,166,9862,1177382,1177548
4256,72,9862,617191,617263
5522,50,9862,445031,445081
6386,259,9862,1446078,1446337
6697,216,9862,1357996,1358212
9169,103,9862,832729,832832
9401,132,9862,1007200,1007332
8371,181,9863,1240298,1240479
2868,98,9864,800096,800194
4296,89,9864,739224,739313
5492,279,9864,1467226,1467505
6014,38,9864,344226,344264
3365,29,9865,265232,265261
3684,205,9865,1325537,1325742
6229,173,9865,1207689,1207862
6891,13,9865,117555,117568
8038,282,9865,1469322,1469604
8423,230,9865,1393351,1393581
8872,69,9865,594652,594721
9865,137,9865,1034636,1034773
2365,262,9866,1449938,1450200
7256,207,9866,1331790,1331997
9551,234,9866,1402224,1402458
2223,81,9867,682952,683033
3842,54,9867,477576,477630
6083,230,9867,1393353,1393583
7724,139,9867,1045371,1045510
7736,96,9867,786832,786928
1947,147,9868,1086967,1087114
3879,254,9868,1438911,1439165
6252,203,9868,1319169,1319372
7305,224,9868,1379002,1379226
5110,212,9869,1346687,1346899
5946,218,9869,1363462,1363680
2179,170,9870,1194931,1195101
2720,171,9870,1199219,1199390
3605,149,9870,1097063,1097212
8139,206,9870,1328693,1328899
2494,79,9871,668560,668639
2555,111,9871,883421,883532
3814,191,9871,1278139,1278330
5313,178,9871,1228332,1228510
1499,293,9872,1474250,1474543
2944,212,9872,1346688,1346900
3597,65,9872,564184,564249
4353,226,9872,1383917,1384143
4836,81,9872,682968,683049
4896,91,9872,753001,753092
6254,78,9872,661326,661404
8210,195,9872,1292368,1292563
9737,175,9872,1216048,1216223
1650,150,9873,1102077,1102227
3141,186,9873,1259663,1259849
3710,161,9873,1154777,1154938
8541,221,9873,1371369,1371590
8816,182,9873,1244242,1244424
8871,184,9873,1252008,1252192
5677,242,9874,1418457,1418699
7111,237,9874,1408530,1408767
8612,222,9874,1373943,1374165
2082,281,9875,1468657,1468938
2415,8,9875,69602,69610
5505,165,9875,1172937,1173102
9012,63,9875,548747,548810
9329,217,9875,1360742,1360959
2718,2,9876,10835,10837
2822,127,9876,979053,979180
4169,278,9876,1466434,1466712
4455,117,9876,920183,920300
7654,204,9876,1322371,1322575
9702,166,9876,1177408,1177574
1149,295,9877,1474717,1475012
2441,250,9877,1432615,1432865
5920,217,9877,1360745,1360962
6748,252,9877,1435816,1436068
7028,219,9877,1366144,1366363
7042,269,9877,1458035,1458304
8308,206,9877,1328704,1328910
8519,56,9877,493652,493708
2664,11,9878,98523,98534
4957,49,9878,436864,436913
5381,44,9878,395265,395309
8218,202,9878,1315958,1316160
8664,69,9878,594696,594765
9794,88,9878,732346,732434
1768,52,9879,461405,461457
2364,142,9879,1061260,1061402
4774,289,9879,1472936,1473225
4135,218,9880,1363467,1363685
4186,15,9880,136552,136567
5063,273,9880,1462053,1462326
9774,109,9880,870964,871073
1140,28,9881,256314,256342
3131,153,9882,1116862,1117015
4803,278,9882,1466432,1466710
5407,82,9882,690141,690223
7943,299,9882,1475248,1475547
2158,275,9883,1463909,1464184
4738,245,9883,1423996,1424241
5498,36,9883,326997,327033
6586,203,9883,1319185,1319388
6767,225,9883,1381468,1381693
7244,127,9883,979070,979197
8603,290,9883,1473305,1473595
2181,142,9884,1061268,1061410
6132,209,9884,1337852,1338061
6782,168,9884,1186254,1186422
7191,17,9884,155389,155406
9231,140,9884,1050741,1050881
2954,57,9885,501639,501696
4111,244,9885,1422178,1422422
6741,69,9885,594712,594781
7480,114,9885,901967,902081
9104,264,9885,1452390,1452654
3453,140,9886,1050743,1050883
6575,118,9886,926233,926351
7633,256,9886,1441890,1442146
8008,204,9886,1322383,1322587
8798,218,9886,1363473,1363691
9196,52,9886,461429,461481
1527,226,9887,1383922,1384148
1737,261,9888,1448670,1448931
2090,90,9888,746177,746267
3695,29,9888,265314,265343
6915,206,9888,1328711,1328917
7718,57,9888,501651,501708
8933,189,9888,1270857,1271046
9459,265,9888,1453577,1453842
1749,35,9889,318300,318335
2552,285,9889,1471071,1471356
2161,105,9890,845635,845740
3112,10,9890,88961,88971
4497,31,9890,283146,283177
5590,67,9890,579547,579614
6311,58,9890,509586,509644
9107,89,9890,739290,739379
9132,58,9890,509589,509647
9275,9,9890,79335,79344
2496,278,9891,1466428,1466706
5846,9,9891,79337,79346
9311,6,9891,50225,50231
9318,98,9891,800159,800257
9885,149,9891,1097100,1097249
2859,135,9892,1023793,1023928
3335,178,9892,1228359,1228537
4721,258,9892,1444720,1444978
5059,139,9892,1045420,1045559
9953,214,9892,1352444,1352658
1687,231,9893,1395627,1395858
3713,31,9893,283158,283189
4688,53,9893,469574,469627
5585,199,9893,1306041,1306240
5691,28,9893,256358,256386
6154,257,9893,1443320,1443577
7066,176,9893,1220210,1220386
7510,75,9893,639473,639548
7862,135,9893,1023802,1023937
1383,146,9894,1081921,1082067
3604,178,9894,1228364,1228542
4342,274,9894,1462996,1463270
4656,246,9894,1425772,1426018
5433,288,9894,1472499,1472787
5770,2,9894,10915,10917
8518,288,9894,1472501,1472789
8736,224,9894,1379011,1379235
1393,18,9895,164777,164795
2279,228,9895,1388710,1388938
6677,227,9895,1386341,1386568
7114,45,9895,403715,403760
1806,29,9896,265346,265375
2167,8,9896,69688,69696
2502,283,9896,1469933,1470216
2574,233,9896,1400056,1400289
3690,185,9896,1255892,1256077
7665,8,9896,69693,69701
8622,200,9896,1309380,1309580
1361,88,9897,732390,732478
2098,240,9897,1414583,1414823
5305,70,9897,602303,602373
7832,79,9897,668636,668715
7847,47,9897,420413,420460
7871,12,9897,108164,108176
2940,191,9898,1278172,1278363
3328,184,9898,1252041,1252225
9035,298,9898,1475143,1475441
2938,286,9899,1471564,1471850
7426,220,9899,1368786,1369006
9345,130,9899,996093,996223
2001,209,9900,1337864,1338073
2443,217,9900,1360761,1360978
3258,180,9900,1236392,1236572
9285,187,9900,1263453,1263640
9950,29,9900,265363,265392
3211,215,9901,1355245,1355460
4436,111,9901,883493,883604
9450,269,9901,1458027,1458296
5662,87,9902,725447,725534
7188,240,9902,1414583,1414823
1089,272,9903,1461085,1461357
1727,10,9903,89011,89021
2408,24,9903,220169,220193
7214,51,9903,453332,453383
9307,25,9903,229278,229303
3053,169,9904,1190652,1190821
3805,37,9904,335737,335774
1021,37,9905,335738,335775
3726,35,9905,318346,318381
4588,156,9905,1131386,1131542
5602,71,9905,609831,609902
6224,101,9905,819862,819963
9328,59,9905,517532,517591
2537,257,9906,1443317,1443574
3475,87,9906,725451,725538
4247,228,9906,1388710,1388938
6315,34,9906,309605,309639
6493,240,9906,1414583,1414823
6517,126,9906,973390,973516
1562,205,9907,1325571,1325776
4452,278,9907,1466419,1466697
7825,46,9907,412104,412150
8849,166,9907,1177450,1177616
2405,298,9908,1475135,1475433
7566,126,9908,973394,973520
7687,81,9908,683056,683137
8451,43,9908,386921,386964
9842,286,9908,1471558,1471844
3880,267,9909,1455858,1456125
6988,151,9909,1107084,1107235
8717,229,9909,1391042,1391271
4461,237,9910,1408535,1408772
5044,53,9910,469618,469671
7824,236,9910,1406456,1406692
8419,208,9910,1334862,1335070
8601,54,9910,477702,477756
6852,152,9911,1112014,1112166
7251,229,9911,1391044,1391273
7568,140,9911,1050783,1050923
9377,224,9911,1379017,1379241
1141,195,9912,1292407,1292602
3079,133,9912,1012824,1012957
4711,1,9912,10976,10977
5344,64,9912,556579,556643
9705,66,9912,571964,572030
7513,26,9913,238384,238410
2341,283,9914,1469921,1470204
3242,74,9914,632143,632217
3893,35,9914,318375,318410
2153,110,9915,877278,877388
7433,103,9915,832834,832937
1848,257,9916,1443314,1443571
3850,249,9916,1430945,1431194
4628,16,9916,146098,146114
8361,177,9916,1224320,1224497
2353,285,9917,1471051,1471336
5788,72,9917,617323,617395
8263,23,9917,211056,211079
2446,47,9918,420453,420500
4107,151,9918,1107090,1107241
1182,48,9919,428719,428767
2342,285,9919,1471051,1471336
5398,41,9919,370017,370058
8376,255,9919,1440391,1440646
8650,131,9919,1001726,1001857
9533,29,9919,265409,265438
2711,270,9920,1459054,1459324
2945,13,9920,117738,117751
5414,289,9920,1472901,1473190
7893,270,9920,1459057,1459327
1120,100,9921,813359,813459
2057,140,9921,1050788,1050928
3486,60,9921,525444,525504
4181,153,9921,1116907,1117060
4712,105,9921,845686,845791
7031,37,9921,335782,335819
7155,190,9921,1274540,1274730
7443,135,9921,1023838,1023973
9430,108,9921,864737,864845
9861,66,9921,571980,572046
2882,113,9922,895887,896000
3457,275,9922,1463887,1464162
3567,130,9922,996119,996249
3570,34,9922,309651,309685
3580,65,9922,564310,564375
4761,249,9922,1430948,1431197
6433,57,9922,501735,501792
6541,183,9922,1248189,1248372
7171,296,9922,1474852,1475148
2735,122,9923,950114,950236
4142,86,9923,718485,718571
4424,37,9923,335796,335833
4714,195,9923,1292410,1292605
5520,3,9923,20919,20922
6279,257,9923,1443316,1443573
9152,98,9923,800224,800322
9578,40,9923,361526,361566
2842,134,9924,1018351,1018485
3093,269,9924,1458018,1458287
4630,103,9924,832855,832958
6642,118,9924,926296,926414
8023,196,9924,1295865,1296061
8825,208,9924,1334866,1335074
9491,129,9925,990496,990625
1419,165,9926,1172994,1173159
3720,75,9926,639542,639617
6170,135,9926,1023845,1023980
6759,153,9926,1116915,1117068
9915,264,9927,1452374,1452638
1814,204,9928,1322403,1322607
3162,185,9928,1255910,1256095
4496,211,9928,1343796,1344007
5043,204,9929,1322405,1322609
8198,195,9929,1292414,1292609
3048,293,9930,1474199,1474492
4030,222,9930,1373957,1374179
5538,149,9930,1097148,1097297
5998,71,9930,609887,609958
6021,85,9930,711489,711574
6607,261,9930,1448656,1448917
3294,157,9931,1136163,1136320
4970,6,9931,50362,50368
5156,78,9931,661459,661537
5174,145,9931,1076849,1076994
6797,267,9931,1455848,1456115
7637,73,9931,624794,624867
6307,157,9932,1136165,1136322
7441,177,9932,1224332,1224509
8226,273,9932,1462025,1462298
2278,12,9933,108271,108283
4393,154,9933,1121786,1121940
8568,39,9933,353004,353043
2028,169,9934,1190671,1190840
3058,213,9934,1349593,1349806
4314,48,9934,428768,428816
5657,179,9934,1232420,1232599
7622,165,9934,1173003,1173168
9880,61,9934,533318,533379
1041,59,9935,517604,517663
1701,272,9935,1461066,1461338
3373,11,9935,98715,98726
8768,240,9935,1414580,1414820
9800,164,9935,1168511,1168675
1710,68,9936,587253,587321
2890,198,9936,1302685,1302883
4616,101,9936,819919,820020
9468,296,9936,1474840,1475136
4064,29,9937,265469,265498
6946,74,9937,632193,632267
9588,249,9937,1430945,1431194
3271,215,9938,1355249,1355464
3854,99,9938,806831,806930
5445,124,9938,961848,961972
7253,19,9938,174207,174226
7671,267,9938,1455846,1456113
9797,118,9938,926320,926438
6340,253,9939,1437362,1437615
7259,26,9939,238463,238489
4586,31,9940,283295,283326
6068,45,9940,403826,403871
6282,235,9940,1404350,1404585
7850,149,9940,1097161,1097310
2426,236,9941,1406452,1406688
2877,246,9941,1425763,1426009
3426,263,9941,1451145,1451408
3994,165,9941,1173010,1173175
4511,20,9941,183492,183512
4685,246,9941,1425766,1426012
5242,219,9941,1366161,1366380
5612,154,9941,1121800,1121954
6043,108,9941,864778,864886
7716,280,9941,1467907,1468187
9516,280,9941,1467909,1468189
2860,186,9942,1259722,1259908
3886,121,9942,944233,944354
5323,72,9942,617388,617460
5426,77,9942,654214,654291
4323,245,9943,1423990,1424235
1340,26,9944,238479,238505
4250,253,9944,1437362,1437615
1029,224,9945,1379019,1379243
3411,234,9945,1402226,1402460
4249,205,9945,1325587,1325792
5925,87,9945,725529,725616
7630,197,9945,1299309,1299506
7797,90,9945,746289,746379
8408,148,9945,1092138,1092286
9847,139,9945,1045496,1045635
3074,189,9946,1270896,1271085
3733,205,9946,1325588,1325793
4354,206,9946,1328736,1328942
4639,108,9946,864790,864898
4958,95,9946,780307,780402
6657,284,9946,1470477,1470761
6985,275,9946,1463871,1464146
7335,62,9946,541156,541218
8531,182,9946,1244313,1244495
3760,174,9947,1211962,1212136
5206,131,9947,1001777,1001908
1661,29,9948,265507,265536
8785,60,9948,525526,525586
3612,191,9949,1278201,1278392
4128,135,9949,1023883,1024018
4522,56,9949,493836,493892
8972,58,9949,509740,509798
1702,149,9950,1097177,1097326
2058,49,9950,437057,437106
2166,8,9950,69868,69876
3172,43,9950,387037,387080
3465,46,9950,412222,412268
4523,183,9950,1248210,1248393
8315,13,9950,117848,117861
4066,192,9951,1281815,1282007
4376,287,9951,1471992,1472279
6382,74,9951,632229,632303
9838,85,9951,711535,711620
1558,38,9952,344487,344525
3108,157,9952,1136189,1136346
3142,130,9952,996168,996298
6203,15,9952,136792,136807
6419,142,9952,1061357,1061499
7904,31,9952,283341,283372
9504,216,9952,1358023,1358239
9667,96,9952,787008,787104
7199,106,9953,852134,852240
8057,52,9953,461603,461655
9708,59,9953,517655,517714
1943,136,9954,1029341,1029477
2262,74,9954,632236,632310
5261,218,9954,1363484,1363702
5705,74,9954,632239,632313
6149,26,9954,238520,238546
6694,281,9954,1468601,1468882
6874,120,9954,938304,938424
6939,148,9954,1092147,1092295
6978,88,9954,732501,732589
5889,76,9955,646943,647019
7534,220,9955,1368788,1369008
7265,37,9956,335895,335932
9638,4,9956,30890,30894
4799,67,9957,579703,579770
1169,29,9958,265535,265564
2827,42,9958,378599,378641
4032,14,9958,127361,127375
7077,284,9958,1470468,1470752
1069,135,9959,1023888,1024023
6012,171,9959,1199303,1199474
7381,169,9959,1190690,1190859
9633,201,9959,1312708,1312909
1095,151,9960,1107133,1107284
4985,43,9961,387059,387102
6339,15,9961,136814,136829
1050,43,9962,387060,387103
7003,126,9962,973465,973591
8485,269,9962,1457993,1458262
5942,168,9963,1186316,1186484
9476,194,9963,1288906,1289100
2307,48,9964,428837,428885
2657,65,9964,564400,564465
3943,140,9964,1050836,1050976
5281,184,9964,1252071,1252255
5537,248,9964,1429228,1429476
6618,55,9964,485855,485910
8099,122,9964,950172,950294
8209,213,9964,1349594,1349807
8381,95,9964,780329,780424
2271,300,9965,1475220,1475520
4254,85,9965,711553,711638
4428,45,9965,403893,403938
5892,109,9965,871101,871210
6494,46,9965,412255,412301
2455,170,9966,1195017,1195187
3808,32,9966,292200,292232
9284,98,9966,800293,800391
1285,169,9967,1190692,1190861
1681,9,9967,79587,79596
2367,24,9967,220363,220387
4706,76,9967,646956,647032
6471,51,9967,453486,453537
6731,147,9967,1087092,1087239
6817,7,9967,60218,60225
7342,201,9967,1312706,1312907
9398,217,9967,1360759,1360976
3015,59,9968,517680,517739
8279,181,9968,1240378,1240559
2908,299,9969,1475164,1475463
7220,14,9969,127392,127406
1131,128,9970,984878,985006
1836,272,9970,1461043,1461315
6729,75,9970,639624,639699
8159,151,9970,1107139,1107290
3010,268,9971,1456920,1457188
7150,253,9971,1437347,1437600
1865,104,9972,839364,839468
3524,234,9972,1402213,1402447
5411,30,9972,274478,274508
6239,70,9972,602455,602525
7818,297,9972,1474952,1475249
2557,136,9973,1029354,1029490
9431,165,9973,1173028,1173193
9710,4,9973,30935,30939
1068,231,9975,1395617,1395848
3143,140,9975,1050846,1050986
3189,134,9975,1018410,1018544
5041,218,9975,1363478,1363696
6223,216,9975,1358018,1358234
6733,49,9975,437107,437156
1770,300,9976,1475211,1475511
3542,87,9976,725575,725662
4773,231,9976,1395619,1395850
4993,91,9976,753194,753285
5997,245,9976,1423974,1424219
9925,36,9976,327259,327295
5444,73,9977,624880,624953
7575,63,9977,548978,549041
1680,278,9978,1466369,1466647
3513,154,9978,1121820,1121974
5676,202,9978,1315992,1316194
6511,21,9978,192832,192853
9744,248,9978,1429224,1429472
2714,150,9979,1102193,1102343
2814,95,9979,780349,780444
3099,106,9979,852162,852268
4065,20,9979,183602,183622
4701,256,9979,1441853,1442109
8380,102,9979,826482,826584
9137,113,9979,895972,896085
9549,34,9979,309810,309844
1971,282,9980,1469236,1469518
6845,162,9981,1159451,1159613
7605,155,9981,1126647,1126802
8258,201,9981,1312712,1312913
8436,81,9981,683190,683271
9364,94,9981,773616,773710
2493,280,9982,1467879,1468159
6606,117,9982,920344,920461
5056,204,9983,1322411,1322615
5149,231,9983,1395620,1395851
6128,22,9983,202061,202083
6158,225,9983,1381466,1381691
9613,254,9983,1438869,1439123
2284,148,9984,1092166,1092314
6031,192,9984,1281821,1282013
7273,100,9984,813467,813567
8754,228,9984,1388703,1388931
4120,239,9985,1412568,1412807
4591,79,9985,668798,668877
4612,7,9985,60267,60274
1560,220,9986,1368783,1369003
2767,128,9986,984900,985028
4755,198,9986,1302698,1302896
4973,115,9986,908216,908331
5831,136,9986,1029372,1029508
5941,40,9986,361686,361726
8675,169,9986,1190706,1190875
9792,218,9986,1363483,1363701
1724,205,9987,1325587,1325792
4276,46,9987,412307,412353
7192,236,9987,1406437,1406673
1013,246,9988,1425744,1425990
1203,228,9988,1388704,1388932
1497,268,9988,1456910,1457178
1914,25,9988,229527,229552
2192,278,9988,1466363,1466641
5118,222,9988,1373954,1374176
5730,163,9988,1164023,1164186
6025,191,9988,1278215,1278406
6095,132,9988,1007386,1007518
6535,167,9988,1181932,1182099
7852,240,9988,1414564,1414804
8446,49,9988,437150,437199
4519,65,9989,564465,564530
8283,245,9989,1423972,1424217
9567,293,9989,1474147,1474440
2197,151,9990,1107166,1107317
5079,234,9990,1402214,1402448
7263,26,9990,238617,238643
7930,162,9990,1159471,1159633
7989,94,9990,773644,773738
9406,36,9990,327306,327342
7916,217,9991,1360770,1360987
3167,142,9992,1061396,1061538
3474,230,9992,1393346,1393576
7087,225,9992,1381472,1381697
8703,12,9992,108461,108473
9968,276,9992,1464704,1464980
2420,122,9993,950218,950340
2809,157,9993,1136221,1136378
3406,47,9993,420652,420699
4281,54,9993,477902,477956
5224,190,9993,1274576,1274766
6473,181,9993,1240401,1240582
8681,246,9993,1425745,1425991
9305,165,9993,1173054,1173219
9483,121,9993,944308,944429
1922,108,9994,864863,864971
2686,26,9994,238633,238659
5019,89,9994,739490,739579
5152,133,9994,1012930,1013063
9460,15,9994,136924,136939
9999,104,9994,839416,839520
1248,23,9995,211300,211323
2685,149,9995,1097220,1097369
3744,91,9995,753245,753336
8256,52,9995,461703,461755
8529,171,9995,1199327,1199498
1376,22,9996,202114,202136
1707,81,9996,683233,683314
1856,25,9996,229562,229587
2846,32,9996,292290,292322
8230,30,9996,274557,274587
8918,30,9996,274559,274589
1188,130,9997,996223,996353
1864,74,9997,632327,632401
2507,152,9997,1112092,1112244
6945,280,9997,1467867,1468147
8104,22,9997,202124,202146
8508,46,9997,412345,412391
1104,19,9998,174400,174419
1608,61,9998,533464,533525
4248,19,9998,174403,174422
7271,143,9998,1066617,1066760
7667,186,9998,1259743,1259929
8089,55,9998,485944,485999
1109,95,9999,780396,780491
6590,70,9999,602524,602594
7288,167,9999,1181937,1182104
7616,99,9999,806937,807036

Average Waiting Time = 962562

Average Turn Around Time = 962710
