Process,Burst Time,Arrival Time,Waiting Time,Turn Around Time
38,15,1,0,15
30,46,1,15,61
41,1,11,51,52
14,1,19,44,45
28,1,36,28,29
29,2,27,38,40
67,3,19,48,51
11,4,7,63,67
7,8,34,40,48
37,9,32,50,59
5,9,52,39,48
857,10,53,47,57
81,11,31,79,90
22,15,4,117,132
24,16,3,133,149
34,16,23,129,145
10,16,27,141,157
4,16,49,135,151
70,16,58,142,158
1,18,2,214,232
66,18,24,210,228
12,19,25,227,246
33,19,59,212,231
17,20,14,276,296
86,20,24,286,306
95,20,49,281,301
50,21,54,296,317
60,22,59,312,334
68,23,55,338,361
94,24,58,358,382
3,26,16,424,450
57,26,17,449,475
51,26,21,471,497
96,26,24,494,520
2,27,20,524,551
27,27,34,537,564
55,28,25,573,601
18,28,31,595,623
32,29,9,645,674
65,29,16,667,696
100,29,17,695,724
47,29,21,720,749
84,29,27,743,772
80,30,27,772,802
8,30,43,786,816
44,31,35,824,855
36,35,40,850,885
71,35,49,876,911
23,36,18,942,978
90,36,33,963,999
58,37,23,1009,1046
16,38,20,1049,1087
79,39,51,1056,1095
64,39,54,1092,1131
21,40,12,1173,1213
63,40,29,1196,1236
59,40,45,1220,1260
88,41,7,1298,1339
15,43,38,1308,1351
93,44,4,1385,1429
26,44,22,1411,1455
85,44,45,1432,1476
72,45,12,1509,1554
35,45,42,1524,1569
20,46,13,1598,1644
25,47,18,1639,1686
54,47,56,1648,1695
40,48,44,1707,1755
442,48,56,1743,1791
489,49,62,1785,1834
612,65,60,1836,1901
375,88,58,1903,1991
19,1,87,2354,2355
659,1,187,2255,2256
926,1,274,2169,2170
319,1,429,2015,2016
992,1,569,1876,1877
471,1,682,1764,1765
75,2,73,2374,2376
649,2,74,2375,2377
169,2,130,2321,2323
138,2,193,2260,2262
310,2,370,2085,2087
520,2,565,1892,1894
621,2,599,1860,1862
9,3,67,2394,2397
145,3,372,2092,2095
788,3,439,2028,2031
665,3,773,1697,1700
822,4,157,2316,2320
325,4,356,2121,2125
315,4,359,2122,2126
230,4,424,2061,2065
381,4,454,2035,2039
459,4,616,1877,1881
303,4,954,1543,1547
444,4,960,1541,1545
46,5,63,2442,2447
62,5,88,2422,2427
854,5,250,2265,2270
839,5,532,1988,1993
352,5,767,1758,1763
551,6,560,1970,1976
128,6,815,1721,1727
266,6,943,1599,1605
74,7,68,2480,2487
78,7,69,2486,2493
105,7,409,2153,2160
636,7,522,2047,2054
591,7,788,1788,1795
435,8,109,2474,2482
872,8,109,2482,2490
408,8,133,2466,2474
964,8,365,2242,2250
229,8,773,1842,1850
689,8,801,1822,1830
210,8,948,1683,1691
807,9,189,2450,2459
611,9,614,2034,2043
377,9,756,1901,1910
666,9,965,1701,1710
48,10,93,2582,2592
749,10,336,2349,2359
826,10,377,2318,2328
385,11,139,2566,2577
760,12,86,2630,2642
880,12,235,2493,2505
812,12,236,2504,2516
853,12,450,2302,2314
192,12,619,2145,2157
217,13,71,2705,2718
522,13,485,2304,2317
236,13,507,2295,2308
823,14,77,2738,2752
757,14,299,2530,2544
437,14,649,2194,2208
411,14,712,2145,2159
83,15,64,2807,2822
82,15,83,2803,2818
643,15,837,2064,2079
127,15,994,1922,1937
516,15,998,1933,1948
49,16,67,2879,2895
897,16,196,2766,2782
108,16,802,2176,2192
52,17,82,2912,2929
775,17,459,2552,2569
610,17,604,2424,2441
657,17,950,2095,2112
122,18,222,2840,2858
527,18,379,2701,2719
543,18,763,2335,2353
91,19,74,3042,3061
608,19,198,2937,2956
783,19,309,2845,2864
572,19,375,2798,2817
954,19,451,2741,2760
966,19,999,2212,2231
132,20,332,2898,2918
226,21,179,3071,3092
370,21,255,3016,3037
227,21,606,2686,2707
599,22,943,2370,2392
39,23,65,3270,3293
332,23,250,3108,3131
691,23,830,2551,2574
43,24,95,3309,3333
13,25,89,3339,3364
6,25,99,3354,3379
404,25,293,3185,3210
896,25,389,3114,3139
709,25,891,2637,2662
92,26,77,3476,3502
468,26,297,3282,3308
877,26,366,3239,3265
168,26,408,3223,3249
868,26,807,2850,2876
808,26,905,2778,2804
73,27,90,3619,3646
279,27,599,3137,3164
246,27,782,2981,3008
669,27,801,2989,3016
830,28,314,3503,3531
87,29,67,3778,3807
742,29,137,3737,3766
136,29,416,3487,3516
447,29,637,3295,3324
42,30,82,3879,3909
321,30,91,3900,3930
348,30,411,3610,3640
219,30,644,3407,3437
179,30,852,3229,3259
275,31,576,3535,3566
251,31,580,3562,3593
620,32,409,3764,3796
366,32,658,3547,3579
525,33,139,4098,4131
590,33,613,3657,3690
452,33,887,3416,3449
840,34,114,4222,4256
703,34,245,4125,4159
594,34,249,4155,4189
852,34,425,4013,4047
76,35,69,4403,4438
984,35,577,3930,3965
69,36,66,4476,4512
45,36,70,4508,4544
77,36,74,4540,4576
89,36,75,4575,4611
426,36,91,4595,4631
205,36,390,4332,4368
930,36,497,4261,4297
399,36,585,4209,4245
183,37,67,4763,4800
98,37,90,4777,4814
920,37,445,4459,4496
921,37,564,4377,4414
436,37,993,3985,4022
523,38,111,4904,4942
844,38,126,4927,4965
165,38,418,4673,4711
605,38,562,4567,4605
578,38,834,4333,4371
615,38,877,4328,4366
501,39,400,4843,4882
679,39,849,4433,4472
922,40,489,4832,4872
498,40,571,4790,4830
53,41,66,5335,5376
645,41,575,4867,4908
469,41,986,4497,4538
124,41,993,4531,4572
842,42,849,4716,4758
895,42,951,4656,4698
988,43,866,4783,4826
324,44,874,4818,4862
902,45,301,5435,5480
533,45,331,5450,5495
886,45,346,5480,5525
638,45,651,5220,5265
298,46,74,5842,5888
547,46,150,5812,5858
535,46,177,5831,5877
796,46,177,5877,5923
814,46,429,5671,5717
879,46,550,5596,5642
540,46,558,5634,5680
550,46,810,5428,5474
684,46,934,5350,5396
31,47,99,6231,6278
288,47,659,5718,5765
356,47,683,5741,5788
323,47,721,5750,5797
707,47,879,5639,5686
61,48,65,6500,6548
99,48,81,6532,6580
698,48,944,5717,5765
97,49,64,6645,6694
648,49,382,6376,6425
56,50,90,6717,6767
204,51,194,6663,6714
898,51,447,6461,6512
770,51,718,6241,6292
197,52,580,6430,6482
455,53,235,6827,6880
431,53,442,6673,6726
851,53,611,6557,6610
625,53,849,6372,6425
778,53,853,6421,6474
932,54,524,6803,6857
937,55,98,7283,7338
730,55,632,6804,6859
232,55,940,6551,6606
357,55,954,6592,6647
687,56,140,7461,7517
221,56,317,7340,7396
917,56,746,6967,7023
416,57,309,7460,7517
118,57,672,7154,7211
231,57,862,7021,7078
290,57,888,7052,7109
688,58,151,7846,7904
723,58,518,7537,7595
347,58,524,7589,7647
380,59,377,7794,7853
374,59,726,7504,7563
695,59,824,7465,7524
948,59,927,7421,7480
541,60,288,8119,8179
556,60,431,8036,8096
864,60,546,7981,8041
400,60,632,7955,8015
402,60,721,7926,7986
816,61,470,8237,8298
500,61,595,8173,8234
953,61,666,8163,8224
166,61,930,7960,8021
841,62,103,8848,8910
603,63,265,8748,8811
269,63,307,8769,8832
284,63,347,8792,8855
293,63,505,8697,8760
517,63,757,8508,8571
949,64,275,9053,9117
155,64,301,9091,9155
482,64,739,8717,8781
794,65,98,9422,9487
781,65,324,9261,9326
186,65,350,9300,9365
449,65,395,9320,9385
526,65,866,8914,8979
965,66,135,9710,9776
604,66,227,9684,9750
272,66,394,9583,9649
554,67,351,9692,9759
628,67,353,9757,9824
396,68,141,10036,10104
112,68,225,10020,10088
409,68,466,9847,9915
181,68,480,9901,9969
900,68,630,9819,9887
307,68,884,9633,9701
300,69,111,10474,10543
474,69,375,10279,10348
664,69,481,10242,10311
264,69,654,10138,10207
389,69,740,10121,10190
103,69,767,10163,10232
563,70,231,10768,10838
701,70,348,10721,10791
821,70,724,10415,10485
137,70,866,10343,10413
866,71,107,11172,11243
538,71,609,10741,10812
338,71,764,10657,10728
349,72,289,11203,11275
508,72,722,10842,10914
836,73,223,11413,11486
762,73,325,11384,11457
647,73,369,11413,11486
903,73,987,10868,10941
359,74,141,11787,11861
190,74,190,11812,11886
957,74,217,11859,11933
185,74,563,11587,11661
729,75,70,12154,12229
422,75,139,12160,12235
178,75,639,11735,11810
314,76,480,11969,12045
476,76,561,11964,12040
848,76,775,11826,11902
372,76,781,11896,11972
999,77,223,12530,12607
299,77,699,12131,12208
924,77,857,12050,12127
102,77,967,12017,12094
942,78,155,12906,12984
313,78,384,12755,12833
837,78,406,12811,12889
568,79,301,12994,13073
567,79,376,12998,13077
780,79,855,12598,12677
933,80,106,13426,13506
630,80,230,13382,13462
421,80,265,13427,13507
893,80,446,13326,13406
1000,80,671,13181,13261
309,80,759,13173,13253
106,80,826,13186,13266
609,80,975,13117,13197
968,81,354,13818,13899
346,81,427,13826,13907
626,81,860,13474,13555
470,81,948,13467,13548
295,82,643,13853,13935
745,82,996,13582,13664
809,132,60,14551,14683
998,84,906,13837,13921
832,85,314,14513,14598
845,85,680,14232,14317
368,86,693,14304,14390
970,86,813,14270,14356
717,87,70,15099,15186
116,87,620,14636,14723
943,88,344,14999,15087
509,88,478,14953,15041
247,88,881,14638,14726
326,88,917,14690,14778
673,88,962,14733,14821
159,89,985,14798,14887
616,90,431,15441,15531
884,90,923,15039,15129
682,91,116,15936,16027
774,91,507,15636,15727
927,92,341,15893,15985
593,92,513,15813,15905
486,92,544,15874,15966
182,92,865,15645,15737
699,92,999,15603,15695
362,93,357,16337,16430
735,93,429,16358,16451
789,93,495,16385,16478
919,93,600,16373,16466
117,93,861,16205,16298
916,94,109,17050,17144
395,94,400,16853,16947
656,94,412,16935,17029
909,94,631,16810,16904
950,95,223,17312,17407
199,95,248,17382,17477
119,96,224,17501,17597
650,96,707,17114,17210
477,145,56,17812,17957
585,97,319,17694,17791
154,97,343,17767,17864
164,97,839,17368,17465
705,98,375,17929,18027
584,98,667,17735,17833
596,98,716,17784,17882
559,98,965,17633,17731
328,98,994,17702,17800
5675,1,8002,39163,39164
7840,1,8073,39093,39094
2703,1,8180,38987,38988
2991,1,8433,38735,38736
3971,1,8458,38711,38712
6114,1,8509,38661,38662
2281,1,8539,38632,38633
3812,1,8597,38575,38576
3290,1,8621,38552,38553
8484,1,8733,38441,38442
7203,1,8762,38413,38414
9052,1,8908,38268,38269
6119,1,8918,38259,38260
7057,1,8964,38214,38215
2518,1,8985,38194,38195
8851,1,9042,38138,38139
6763,1,9076,38105,38106
8984,1,9166,38016,38017
3813,1,9235,37948,37949
4303,1,9406,37778,37779
9728,1,9591,37594,37595
4189,1,9663,37523,37524
9279,1,9715,37472,37473
2142,1,9717,37471,37472
2186,1,9825,37364,37365
4711,1,9912,37278,37279
8643,2,8002,39189,39191
6452,2,8022,39171,39173
8119,2,8027,39168,39170
9877,2,8074,39123,39125
9575,2,8133,39066,39068
4876,2,8194,39007,39009
5425,2,8233,38970,38972
1609,2,8328,38877,38879
2918,2,8438,38769,38771
4920,2,8586,38623,38625
9831,2,8633,38578,38580
7495,2,8844,38369,38371
3472,2,8877,38338,38340
3518,2,8892,38325,38327
2812,2,8936,38283,38285
3895,2,8970,38251,38253
9057,2,9134,38089,38091
6202,2,9236,37989,37991
5852,2,9268,37959,37961
6291,2,9281,37948,37950
7994,2,9282,37949,37951
9003,2,9283,37950,37952
9875,2,9424,37811,37813
8665,2,9455,37782,37784
4480,2,9462,37777,37779
4425,2,9474,37767,37769
3017,2,9478,37765,37767
8833,2,9565,37680,37682
4062,2,9579,37668,37670
9312,2,9601,37648,37650
9763,2,9683,37568,37570
6087,2,9717,37536,37538
6220,2,9719,37536,37538
1132,2,9728,37529,37531
8545,2,9734,37525,37527
3651,2,9795,37466,37468
2718,2,9876,37387,37389
5770,2,9894,37371,37373
2570,3,8035,39232,39235
6713,3,8048,39222,39225
9565,3,8111,39162,39165
9535,3,8178,39098,39101
8935,3,8215,39064,39067
4097,3,8254,39028,39031
7398,3,8356,38929,38932
4849,3,8473,38815,38818
6715,3,8548,38743,38746
9740,3,8555,38739,38742
6876,3,8593,38704,38707
9257,3,8602,38698,38701
6911,3,8641,38662,38665
6626,3,8665,38641,38644
7462,3,8725,38584,38587
3520,3,8787,38525,38528
6557,3,8804,38511,38514
1972,3,8810,38508,38511
6514,3,8946,38375,38378
5234,3,8970,38354,38357
8562,3,9028,38299,38302
1546,3,9138,38192,38195
1923,3,9142,38191,38194
9757,3,9273,38063,38066
4297,3,9319,38020,38023
4508,3,9335,38007,38010
9073,3,9347,37998,38001
2947,3,9354,37994,37997
5336,3,9375,37976,37979
1820,3,9503,37851,37854
5681,3,9538,37819,37822
2740,3,9554,37806,37809
2488,3,9763,37600,37603
7872,3,9769,37597,37600
9409,3,9800,37569,37572
5520,3,9923,37449,37452
7454,4,8014,39361,39365
4414,4,8050,39329,39333
7027,4,8102,39281,39285
4812,4,8118,39269,39273
8938,4,8189,39202,39206
6648,4,8208,39187,39191
6953,4,8220,39179,39183
4865,4,8238,39165,39169
1062,4,8244,39163,39167
4024,4,8416,38995,38999
2416,4,8452,38963,38967
8196,4,8546,38873,38877
9944,4,8561,38862,38866
7488,4,8621,38806,38810
3157,4,8639,38792,38796
9018,4,8676,38759,38763
8966,4,8710,38729,38733
8288,4,8739,38704,38708
2458,4,8878,38569,38573
4546,4,8879,38572,38576
5845,4,8887,38568,38572
5139,4,8896,38563,38567
4158,4,9240,38223,38227
4661,4,9318,38149,38153
9451,4,9457,38014,38018
2542,4,9509,37966,37970
9408,4,9541,37938,37942
9260,4,9629,37854,37858
9070,4,9657,37830,37834
2728,4,9666,37825,37829
7522,4,9666,37829,37833
6745,4,9669,37830,37834
3114,4,9684,37819,37823
5476,4,9692,37815,37819
2414,4,9695,37816,37820
7596,4,9708,37807,37811
4473,4,9760,37759,37763
9218,4,9762,37761,37765
3181,4,9778,37749,37753
1982,4,9808,37723,37727
5879,4,9853,37682,37686
9638,4,9956,37583,37587
9710,4,9973,37570,37574
3841,5,8068,39479,39484
8884,5,8075,39477,39482
9079,5,8085,39472,39477
4754,5,8243,39319,39324
1895,5,8339,39228,39233
2927,5,8345,39227,39232
2698,5,8399,39178,39183
9457,5,8479,39103,39108
7405,5,8566,39021,39026
2067,5,8574,39018,39023
9293,5,8609,38988,38993
1697,5,8730,38872,38877
4517,5,8760,38847,38852
4290,5,8834,38778,38783
9964,5,8911,38706,38711
1751,5,9052,38570,38575
5105,5,9112,38515,38520
3045,5,9148,38484,38489
3865,5,9153,38484,38489
5945,5,9278,38364,38369
2659,5,9424,38223,38228
4666,5,9460,38192,38197
6055,5,9486,38171,38176
4991,5,9514,38148,38153
5640,5,9566,38101,38106
4404,5,9636,38036,38041
2017,5,9797,37880,37885
3558,5,9839,37843,37848
1413,6,8023,39664,39670
1121,6,8074,39619,39625
8076,6,8082,39617,39623
9429,6,8084,39621,39627
5927,6,8244,39467,39473
1714,6,8269,39448,39454
2015,6,8425,39298,39304
6360,6,8464,39265,39271
4680,6,8488,39247,39253
7193,6,8673,39068,39074
1222,6,8753,38994,39000
9367,6,8781,38972,38978
2804,6,8805,38954,38960
7854,6,8808,38957,38963
2434,6,8831,38940,38946
7240,6,8902,38875,38881
8620,6,9221,38562,38568
7873,6,9233,38556,38562
3576,6,9367,38428,38434
4413,6,9496,38305,38311
5084,6,9553,38254,38260
5482,6,9659,38154,38160
4098,6,9687,38132,38138
8011,6,9748,38077,38083
9566,6,9794,38037,38043
9311,6,9891,37946,37952
4970,6,9931,37912,37918
4017,7,8116,39733,39740
1816,7,8145,39711,39718
3390,7,8203,39660,39667
9978,7,8226,39644,39651
9103,7,8261,39616,39623
1323,7,8339,39545,39552
8874,7,8357,39534,39541
8334,7,8421,39477,39484
6440,7,8464,39441,39448
2505,7,8505,39407,39414
2587,7,8531,39388,39395
7346,7,8545,39381,39388
5135,7,8581,39352,39359
3105,7,8710,39230,39237
9302,7,8773,39174,39181
1351,7,8868,39086,39093
4138,7,8988,38973,38980
8027,7,9266,38702,38709
2801,7,9353,38622,38629
1959,7,9354,38628,38635
4752,7,9356,38633,38640
8592,7,9472,38524,38531
1229,7,9508,38495,38502
7416,7,9819,38191,38198
7699,7,9852,38165,38172
6817,7,9967,38057,38064
4612,7,9985,38046,38053
5093,8,8031,40007,40015
6869,8,8033,40013,40021
2744,8,8066,39988,39996
4322,8,8128,39934,39942
7848,8,8203,39867,39875
3549,8,8254,39824,39832
6159,8,8353,39733,39741
2623,8,8360,39734,39742
9372,8,8398,39704,39712
1745,8,8577,39533,39541
7681,8,8612,39506,39514
6001,8,8615,39511,39519
9960,8,8691,39443,39451
4529,8,8825,39317,39325
4623,8,8929,39221,39229
7497,8,8935,39223,39231
7121,8,9051,39115,39123
4621,8,9149,39025,39033
5950,8,9322,38860,38868
3281,8,9339,38851,38859
7075,8,9339,38859,38867
2259,8,9385,38821,38829
2647,8,9436,38778,38786
2994,8,9516,38706,38714
8286,8,9614,38616,38624
9903,8,9718,38520,38528
5742,8,9797,38449,38457
2415,8,9875,38379,38387
2167,8,9896,38366,38374
7665,8,9896,38374,38382
2166,8,9950,38328,38336
9517,9,8044,40242,40251
2786,9,8086,40209,40218
5635,9,8249,40055,40064
8760,9,8255,40058,40067
5565,9,8291,40031,40040
7874,9,8354,39977,39986
7666,9,8417,39923,39932
9871,9,8583,39766,39775
9448,9,8616,39742,39751
9848,9,8736,39631,39640
8047,9,8848,39528,39537
2049,9,8932,39453,39462
2196,9,9138,39256,39265
4411,9,9217,39186,39195
4433,9,9223,39189,39198
9026,9,9268,39153,39162
9489,9,9275,39155,39164
2372,9,9281,39158,39167
1517,9,9348,39100,39109
7692,9,9352,39105,39114
8897,9,9460,39006,39015
9464,9,9534,38941,38950
7086,9,9625,38859,38868
9834,9,9653,38840,38849
9351,9,9676,38826,38835
6820,9,9723,38788,38797
8948,9,9763,38757,38766
8658,9,9855,38674,38683
9275,9,9890,38648,38657
5846,9,9891,38656,38665
1681,9,9967,38589,38598
2369,10,8118,40447,40457
8472,10,8147,40428,40438
3122,10,8172,40413,40423
3347,10,8204,40391,40401
6571,10,8221,40384,40394
7007,10,8230,40385,40395
7323,10,8401,40224,40234
3855,10,8460,40175,40185
7035,10,8469,40176,40186
4935,10,8549,40106,40116
6544,10,8732,39933,39943
7887,10,8739,39936,39946
1903,10,8760,39925,39935
2579,10,8771,39924,39934
1809,10,8867,39838,39848
1691,10,8877,39838,39848
9060,10,9023,39702,39712
4846,10,9083,39652,39662
6085,10,9093,39652,39662
2282,10,9118,39637,39647
9531,10,9267,39498,39508
5185,10,9299,39476,39486
1186,10,9389,39396,39406
1769,10,9390,39405,39415
1043,10,9463,39342,39352
1328,10,9527,39288,39298
3163,10,9610,39215,39225
8216,10,9741,39094,39104
8600,10,9741,39104,39114
1193,10,9768,39087,39097
3112,10,9890,38975,38985
1727,10,9903,38972,38982
7068,11,8105,40780,40791
8097,11,8150,40746,40757
7198,11,8195,40712,40723
6937,11,8262,40656,40667
9403,11,8389,40540,40551
5661,11,8649,40291,40302
4321,11,8653,40298,40309
6577,11,8744,40218,40229
5403,11,8786,40187,40198
7358,11,8851,40133,40144
4043,11,8854,40141,40152
3642,11,8863,40143,40154
1333,11,8874,40143,40154
2013,11,8975,40053,40064
2707,11,9074,39965,39976
3757,11,9156,39894,39905
7833,11,9179,39882,39893
6723,11,9192,39880,39891
3209,11,9257,39826,39837
2409,11,9316,39778,39789
1036,11,9345,39760,39771
3585,11,9355,39761,39772
8352,11,9443,39684,39695
9007,11,9447,39691,39702
7469,11,9496,39653,39664
1822,11,9580,39580,39591
7859,11,9701,39470,39481
4089,11,9714,39468,39479
7798,11,9715,39478,39489
2664,11,9878,39326,39337
3373,11,9935,39280,39291
7648,12,8010,41216,41228
7747,12,8030,41208,41220
8824,12,8087,41163,41175
7776,12,8185,41077,41089
8019,12,8186,41088,41100
2904,12,8409,40877,40889
5264,12,8432,40866,40878
8326,12,8488,40822,40834
6620,12,8503,40819,40831
9199,12,8527,40807,40819
9545,12,8531,40815,40827
6650,12,8576,40782,40794
4302,12,8592,40778,40790
3380,12,8680,40702,40714
9568,12,8752,40642,40654
4619,12,8780,40626,40638
2029,12,8782,40636,40648
1732,12,8823,40607,40619
4113,12,8848,40594,40606
4148,12,9055,40399,40411
3670,12,9115,40351,40363
2191,12,9219,40259,40271
2111,12,9276,40214,40226
5219,12,9292,40210,40222
4629,12,9314,40200,40212
3336,12,9334,40192,40204
1364,12,9466,40072,40084
8495,12,9520,40030,40042
1663,12,9555,40007,40019
5319,12,9568,40006,40018
9591,12,9597,39989,40001
9379,12,9731,39867,39879
8367,12,9755,39855,39867
2855,12,9756,39866,39878
5147,12,9782,39852,39864
9269,12,9790,39856,39868
5311,12,9810,39848,39860
1138,12,9852,39818,39830
7871,12,9897,39785,39797
2278,12,9933,39761,39773
8703,12,9992,39714,39726
6301,13,8026,41692,41705
4004,13,8061,41670,41683
2545,13,8095,41649,41662
5364,13,8291,41466,41479
1311,13,8331,41439,41452
4423,13,8523,41260,41273
7106,13,8525,41271,41284
7071,13,8560,41249,41262
9832,13,8606,41216,41229
8452,13,8667,41168,41181
8473,13,8737,41111,41124
9145,13,8830,41031,41044
7076,13,8864,41010,41023
8556,13,9047,40840,40853
8281,13,9056,40844,40857
6503,13,9209,40704,40717
6655,13,9264,40662,40675
2216,13,9269,40670,40683
1793,13,9436,40516,40529
3332,13,9548,40417,40430
5131,13,9709,40269,40282
2687,13,9756,40235,40248
9824,13,9809,40195,40208
6891,13,9865,40152,40165
2945,13,9920,40110,40123
8315,13,9950,40093,40106
2990,14,8004,42052,42066
7647,14,8392,41678,41692
1624,14,8632,41452,41466
1292,14,8684,41414,41428
1557,14,8706,41406,41420
3002,14,8736,41390,41404
8934,14,8761,41379,41393
2796,14,8882,41272,41286
6766,14,8905,41263,41277
5210,14,8918,41264,41278
6181,14,8954,41242,41256
6565,14,9258,40952,40966
5376,14,9259,40965,40979
2952,14,9324,40914,40928
7594,14,9390,40862,40876
5012,14,9432,40834,40848
6053,14,9434,40846,40860
9503,14,9517,40777,40791
7174,14,9549,40759,40773
6182,14,9556,40766,40780
3171,14,9574,40762,40776
8265,14,9655,40695,40709
1964,14,9843,40521,40535
4032,14,9958,40420,40434
7220,14,9969,40423,40437
5821,15,8009,42397,42412
2383,15,8035,42386,42401
4576,15,8084,42352,42367
1213,15,8132,42319,42334
6462,15,8157,42309,42324
3186,15,8294,42187,42202
3232,15,8345,42151,42166
9062,15,8419,42092,42107
1409,15,8424,42102,42117
4995,15,8482,42059,42074
9869,15,8487,42069,42084
1587,15,8510,42061,42076
7276,15,8734,41852,41867
1600,15,8854,41747,41762
7168,15,8928,41688,41703
8086,15,8943,41688,41703
7827,15,8968,41678,41693
1315,15,9020,41641,41656
4005,15,9097,41579,41594
5820,15,9149,41542,41557
2210,15,9492,41214,41229
7691,15,9576,41145,41160
9376,15,9607,41129,41144
8636,15,9620,41131,41146
1866,15,9716,41050,41065
9497,15,9827,40954,40969
4186,15,9880,40916,40931
6203,15,9952,40859,40874
6339,15,9961,40865,40880
9460,15,9994,40847,40862
6977,16,8023,42833,42849
9696,16,8223,42649,42665
3848,16,8312,42576,42592
3490,16,8485,42419,42435
8683,16,8626,42294,42310
1890,16,8733,42203,42219
4270,16,8734,42218,42234
5020,16,8769,42199,42215
2203,16,8826,42158,42174
4804,16,8903,42097,42113
4310,16,8998,42018,42034
2339,16,9039,41993,42009
5337,16,9128,41920,41936
9712,16,9162,41902,41918
3481,16,9287,41793,41809
5929,16,9334,41762,41778
1051,16,9390,41722,41738
3128,16,9426,41702,41718
3213,16,9566,41578,41594
5664,16,9667,41493,41509
1306,16,9756,41420,41436
2645,16,9760,41432,41448
4628,16,9916,41292,41308
4682,17,8086,43138,43155
1092,17,8124,43117,43134
3762,17,8151,43107,43124
5103,17,8238,43037,43054
6690,17,8240,43052,43069
5636,17,8248,43061,43078
2762,17,8320,43006,43023
2437,17,8363,42980,42997
3905,17,8426,42934,42951
2387,17,8555,42822,42839
5902,17,8563,42831,42848
1858,17,8564,42847,42864
8609,17,8611,42817,42834
6984,17,8684,42761,42778
7520,17,8700,42762,42779
5036,17,8705,42774,42791
9155,17,8730,42766,42783
5262,17,8758,42755,42772
5214,17,8769,42761,42778
6516,17,8803,42744,42761
4400,17,8944,42620,42637
7055,17,8949,42632,42649
2852,17,9043,42555,42572
5543,17,9070,42545,42562
2731,17,9174,42458,42475
1380,17,9185,42464,42481
5630,17,9197,42469,42486
3126,17,9201,42482,42499
6578,17,9222,42478,42495
5458,17,9301,42416,42433
4650,17,9469,42265,42282
2836,17,9619,42132,42149
4983,17,9681,42087,42104
1216,17,9697,42088,42105
1935,17,9831,41971,41988
7191,17,9884,41935,41952
5688,18,8020,43816,43834
1241,18,8076,43778,43796
9746,18,8081,43791,43809
1994,18,8083,43807,43825
9819,18,8110,43798,43816
8925,18,8120,43806,43824
3614,18,8160,43784,43802
8659,18,8274,43688,43706
9692,18,8293,43687,43705
5631,18,8325,43673,43691
5068,18,8488,43528,43546
6692,18,8503,43531,43549
7105,18,8580,43472,43490
2084,18,8581,43489,43507
4237,18,8679,43409,43427
7591,18,8865,43241,43259
7997,18,8896,43228,43246
6686,18,8905,43237,43255
6384,18,8910,43250,43268
4086,18,8915,43263,43281
7344,18,8972,43224,43242
6538,18,9119,43095,43113
3438,18,9192,43040,43058
6610,18,9443,42807,42825
2406,18,9578,42690,42708
3337,18,9599,42687,42705
5888,18,9686,42618,42636
4811,18,9804,42518,42536
4389,18,9817,42523,42541
1393,18,9895,42463,42481
5571,19,8011,44365,44384
1230,19,8044,44351,44370
9600,19,8149,44265,44284
9505,19,8166,44267,44286
7293,19,8170,44282,44301
6492,19,8186,44285,44304
6795,19,8192,44298,44317
9782,19,8213,44296,44315
4748,19,8293,44235,44254
6459,19,8426,44121,44140
7041,19,8448,44118,44137
8136,19,8520,44065,44084
7056,19,8568,44036,44055
7128,19,8598,44025,44044
8253,19,8660,43982,44001
4335,19,8727,43934,43953
9934,19,8747,43933,43952
7626,19,8786,43913,43932
3414,19,8789,43929,43948
3534,19,8835,43902,43921
7440,19,8887,43869,43888
5021,19,8963,43812,43831
7952,19,9038,43756,43775
9658,19,9056,43757,43776
2453,19,9131,43701,43720
6903,19,9216,43635,43654
6366,19,9229,43641,43660
2783,19,9391,43498,43517
3756,19,9584,43324,43343
7253,19,9938,42989,43008
1104,19,9998,42948,42967
4248,19,9998,42967,42986
4917,20,8008,44976,44996
7372,20,8169,44835,44855
1519,20,8269,44755,44775
4278,20,8433,44611,44631
2024,20,8436,44628,44648
2332,20,8545,44539,44559
4125,20,8547,44557,44577
1854,20,8569,44555,44575
5373,20,8599,44545,44565
6824,20,8667,44497,44517
9109,20,8705,44479,44499
8591,20,8753,44451,44471
8369,20,8902,44322,44342
2231,20,8988,44256,44276
9680,20,9013,44251,44271
9583,20,9044,44240,44260
4645,20,9074,44230,44250
6262,20,9097,44227,44247
1065,20,9139,44205,44225
3345,20,9151,44213,44233
7221,20,9170,44214,44234
3512,20,9453,43951,43971
3088,20,9503,43921,43941
2851,20,9628,43816,43836
1676,20,9659,43805,43825
1725,20,9732,43752,43772
9384,20,9735,43769,43789
2605,20,9807,43717,43737
6871,20,9807,43737,43757
4511,20,9941,43623,43643
4065,20,9979,43605,43625
6644,21,8047,45557,45578
3957,21,8140,45485,45506
9844,21,8141,45505,45526
8042,21,8296,45371,45392
8943,21,8503,45185,45206
8058,21,8598,45111,45132
1990,21,8621,45109,45130
8176,21,8634,45117,45138
1761,21,8653,45119,45140
2249,21,8725,45068,45089
8144,21,8772,45042,45063
1754,21,8895,44940,44961
5906,21,8920,44936,44957
3794,21,8963,44914,44935
2431,21,9041,44857,44878
6048,21,9222,44697,44718
4454,21,9717,44223,44244
6056,21,9730,44231,44252
2726,21,9760,44222,44243
4665,21,9843,44160,44181
3904,21,9860,44164,44185
6511,21,9978,44067,44088
6270,22,8040,46026,46048
4637,22,8199,45889,45911
9860,22,8275,45835,45857
6589,22,8306,45826,45848
9205,22,8446,45708,45730
6636,22,8460,45716,45738
6685,22,8464,45734,45756
8548,22,8466,45754,45776
7283,22,8478,45764,45786
5028,22,8694,45570,45592
4366,22,8784,45502,45524
7512,22,8825,45483,45505
5546,22,8831,45499,45521
2790,22,8903,45449,45471
8540,22,8998,45376,45398
2550,22,9024,45372,45394
3394,22,9038,45380,45402
7960,22,9134,45306,45328
5776,22,9282,45180,45202
6961,22,9287,45197,45219
4304,22,9323,45183,45205
6273,22,9327,45201,45223
6743,22,9400,45150,45172
7861,22,9452,45120,45142
8662,22,9601,44993,45015
7218,22,9712,44904,44926
9059,22,9745,44893,44915
6128,22,9983,44677,44699
1376,22,9996,44686,44708
8104,22,9997,44707,44729
5510,23,8097,46629,46652
1612,23,8241,46508,46531
9015,23,8290,46482,46505
8907,23,8339,46456,46479
4441,23,8345,46473,46496
4627,23,8520,46321,46344
5693,23,8529,46335,46358
7363,23,8637,46250,46273
3652,23,8676,46234,46257
4071,23,8753,46180,46203
2362,23,8754,46202,46225
9956,23,8839,46140,46163
1263,23,8867,46135,46158
4263,23,8881,46144,46167
9992,23,8925,46123,46146
5712,23,9108,45963,45986
6265,23,9211,45883,45906
8652,23,9367,45750,45773
2569,23,9374,45766,45789
5586,23,9389,45774,45797
5429,23,9529,45657,45680
1010,23,9543,45666,45689
5972,23,9577,45655,45678
7651,23,9658,45597,45620
7187,23,9711,45567,45590
6016,23,9723,45578,45601
6638,23,9794,45530,45553
7445,23,9833,45514,45537
9295,23,9849,45521,45544
2765,23,9852,45541,45564
8263,23,9917,45499,45522
1248,23,9995,45444,45467
3327,24,8101,47361,47385
5953,24,8159,47327,47351
2977,24,8292,47218,47242
3699,24,8398,47136,47160
9954,24,8469,47089,47113
6264,24,8561,47021,47045
6969,24,8579,47027,47051
6722,24,8655,46975,46999
8893,24,8656,46998,47022
5069,24,8804,46874,46898
7998,24,8839,46863,46887
3712,24,8955,46771,46795
7161,24,9020,46730,46754
5309,24,9023,46751,46775
2316,24,9161,46637,46661
4525,24,9201,46621,46645
4124,24,9241,46605,46629
5318,24,9354,46516,46540
6478,24,9555,46339,46363
2040,24,9631,46287,46311
3052,24,9687,46255,46279
7104,24,9719,46247,46271
5116,24,9721,46269,46293
4515,24,9809,46205,46229
2567,24,9814,46224,46248
3889,24,9844,46218,46242
2408,24,9903,46183,46207
2367,24,9967,46143,46167
6484,25,8066,48068,48093
4188,25,8135,48024,48049
1078,25,8159,48025,48050
2619,25,8169,48040,48065
4025,25,8194,48040,48065
7331,25,8243,48016,48041
3844,25,8275,48009,48034
6836,25,8446,47863,47888
6332,25,8524,47810,47835
2233,25,8540,47819,47844
9009,25,8601,47783,47808
4528,25,8626,47783,47808
7604,25,8802,47632,47657
8641,25,8821,47638,47663
9998,25,8822,47662,47687
6802,25,8903,47606,47631
1504,25,8937,47597,47622
5088,25,9082,47477,47502
3001,25,9134,47450,47475
2465,25,9189,47420,47445
9643,25,9201,47433,47458
5437,25,9357,47302,47327
6319,25,9470,47214,47239
9558,25,9597,47112,47137
4291,25,9659,47075,47100
4134,25,9678,47081,47106
2012,25,9679,47105,47130
8834,25,9763,47046,47071
8441,25,9798,47036,47061
9307,25,9903,46956,46981
1914,25,9988,46896,46921
1856,25,9996,46913,46938
7973,26,8196,48738,48764
8349,26,8244,48716,48742
3284,26,8293,48693,48719
7523,26,8357,48655,48681
7471,26,8475,48563,48589
7976,26,8524,48540,48566
2683,26,8538,48552,48578
1583,26,8540,48576,48602
2134,26,8663,48479,48505
9181,26,8725,48443,48469
1195,26,8769,48425,48451
5260,26,8778,48442,48468
9186,26,8787,48459,48485
9630,26,8835,48437,48463
7917,26,9026,48272,48298
9681,26,9039,48285,48311
6235,26,9045,48305,48331
2392,26,9075,48301,48327
6522,26,9077,48325,48351
9479,26,9411,48017,48043
3254,26,9449,48005,48031
9481,26,9463,48017,48043
2931,26,9496,48010,48036
8404,26,9509,48023,48049
2193,26,9598,47960,47986
5230,26,9598,47986,48012
7942,26,9669,47941,47967
1669,26,9732,47904,47930
7513,26,9913,47749,47775
7259,26,9939,47749,47775
1340,26,9944,47770,47796
6149,26,9954,47786,47812
7263,26,9990,47776,47802
2686,26,9994,47798,47824
9836,27,8010,49808,49835
6862,27,8025,49820,49847
4747,27,8081,49791,49818
3870,27,8198,49701,49728
1079,27,8269,49657,49684
9158,27,8295,49658,49685
8830,27,8434,49546,49573
5660,27,8552,49455,49482
5112,27,8577,49457,49484
7941,27,8583,49478,49505
2031,27,8585,49503,49530
3991,27,8631,49484,49511
6955,27,8743,49399,49426
5384,27,8753,49416,49443
2010,27,8855,49341,49368
8260,27,8919,49304,49331
9056,27,8984,49266,49293
3582,27,9000,49277,49304
7173,27,9162,49142,49169
6369,27,9210,49121,49148
6246,27,9257,49101,49128
4450,27,9272,49113,49140
4094,27,9463,48949,48976
4873,27,9544,48895,48922
3461,27,9702,48764,48791
6912,27,9742,48751,48778
4022,27,9749,48771,48798
1904,27,9797,48750,48777
9659,28,8033,50541,50569
3917,28,8080,50522,50550
8905,28,8166,50464,50492
7625,28,8272,50386,50414
3206,28,8322,50364,50392
7409,28,8405,50309,50337
5598,28,8464,50278,50306
1459,28,8524,50246,50274
6510,28,8568,50230,50258
8709,28,8586,50240,50268
6496,28,8607,50247,50275
9542,28,8637,50245,50273
6680,28,8816,50094,50122
3161,28,8852,50086,50114
5122,28,8885,50081,50109
6679,28,8886,50108,50136
8682,28,8899,50123,50151
5395,28,8970,50080,50108
5670,28,9092,49986,50014
4093,28,9103,50003,50031
9738,28,9186,49948,49976
6630,28,9283,49879,49907
4791,28,9496,49694,49722
5641,28,9504,49714,49742
2807,28,9592,49654,49682
4651,28,9737,49537,49565
1873,28,9753,49549,49577
1140,28,9881,49449,49477
5691,28,9893,49465,49493
9563,29,8086,51300,51329
7059,29,8125,51290,51319
2170,29,8212,51232,51261
3164,29,8325,51148,51177
9798,29,8461,51041,51070
5340,29,8476,51055,51084
2305,29,8486,51074,51103
6013,29,8501,51088,51117
1597,29,8553,51065,51094
1605,29,8736,50911,50940
3907,29,8799,50877,50906
3051,29,8861,50844,50873
4072,29,8876,50858,50887
9736,29,8941,50822,50851
7394,29,8955,50837,50866
2361,29,8995,50826,50855
3147,29,9009,50841,50870
8831,29,9031,50848,50877
4068,29,9141,50767,50796
1447,29,9200,50737,50766
5126,29,9253,50713,50742
7049,29,9257,50738,50767
8358,29,9321,50703,50732
5875,29,9415,50638,50667
2378,29,9522,50560,50589
6097,29,9532,50579,50608
8157,29,9536,50604,50633
9734,29,9537,50632,50661
1601,29,9575,50623,50652
8688,29,9643,50584,50613
6116,29,9797,50459,50488
3365,29,9865,50420,50449
3695,29,9888,50426,50455
1806,29,9896,50447,50476
9950,29,9900,50472,50501
9533,29,9919,50482,50511
4064,29,9937,50493,50522
1661,29,9948,50511,50540
1169,29,9958,50530,50559
9105,30,8014,52503,52533
4364,30,8074,52473,52503
9635,30,8077,52500,52530
7299,30,8096,52511,52541
9474,30,8163,52474,52504
4578,30,8262,52405,52435
9213,30,8287,52410,52440
6437,30,8414,52313,52343
4763,30,8415,52342,52372
4305,30,8732,52055,52085
4007,30,8754,52063,52093
6558,30,8754,52093,52123
7408,30,8758,52119,52149
1563,30,8780,52127,52157
2495,30,8887,52050,52080
8594,30,8902,52065,52095
4275,30,8915,52082,52112
9168,30,8970,52057,52087
7717,30,9004,52053,52083
3729,30,9089,51998,52028
6808,30,9089,52028,52058
1271,30,9372,51775,51805
1009,30,9383,51794,51824
5263,30,9385,51822,51852
9309,30,9496,51741,51771
9778,30,9511,51756,51786
1034,30,9515,51782,51812
4994,30,9594,51733,51763
5411,30,9972,51385,51415
8230,30,9996,51391,51421
8918,30,9996,51421,51451
1589,31,8092,53355,53386
7412,31,8146,53332,53363
2972,31,8147,53362,53393
9133,31,8196,53344,53375
1775,31,8254,53317,53348
9013,31,8273,53329,53360
5858,31,8409,53224,53255
3145,31,8519,53145,53176
6806,31,8557,53138,53169
3435,31,8621,53105,53136
2561,31,8685,53072,53103
8479,31,8700,53088,53119
5394,31,8723,53096,53127
8810,31,8736,53114,53145
3000,31,8815,53066,53097
2957,31,8858,53054,53085
6480,31,8887,53056,53087
2053,31,8914,53060,53091
7779,31,8926,53079,53110
2403,31,9024,53012,53043
7304,31,9047,53020,53051
5870,31,9195,52903,52934
5823,31,9237,52892,52923
9539,31,9318,52842,52873
8561,31,9342,52849,52880
5308,31,9366,52856,52887
4437,31,9386,52867,52898
9509,31,9524,52760,52791
3134,31,9538,52777,52808
8983,31,9566,52780,52811
2637,31,9605,52772,52803
7334,31,9621,52787,52818
7858,31,9634,52805,52836
5659,31,9645,52825,52856
8684,31,9706,52795,52826
7459,31,9767,52765,52796
4497,31,9890,52673,52704
3713,31,9893,52701,52732
4586,31,9940,52685,52716
7904,31,9952,52704,52735
5780,32,8021,54666,54698
2008,32,8080,54639,54671
3876,32,8096,54655,54687
8696,32,8124,54659,54691
2999,32,8181,54634,54666
1300,32,8230,54617,54649
6810,32,8264,54615,54647
3768,32,8281,54630,54662
9472,32,8285,54658,54690
4894,32,8291,54684,54716
8539,32,8310,54697,54729
3619,32,8339,54700,54732
4808,32,8415,54656,54688
4162,32,8560,54543,54575
4959,32,8597,54538,54570
3425,32,8631,54536,54568
4895,32,8640,54559,54591
1181,32,8661,54570,54602
7439,32,8676,54587,54619
1482,32,8717,54578,54610
6717,32,8837,54490,54522
3215,32,8838,54521,54553
8837,32,8843,54548,54580
3901,32,8878,54545,54577
7632,32,8878,54577,54609
9210,32,8942,54545,54577
1782,32,8954,54565,54597
1956,32,8956,54595,54627
5255,32,8965,54618,54650
7316,32,9151,54464,54496
8415,32,9183,54464,54496
8891,32,9264,54415,54447
6554,32,9563,54148,54180
1030,32,9664,54079,54111
7685,32,9696,54079,54111
3808,32,9966,53841,53873
2846,32,9996,53843,53875
4331,33,8228,55643,55676
7202,33,8423,55481,55514
7151,33,8589,55348,55381
1781,33,8614,55356,55389
3076,33,8760,55243,55276
9732,33,8802,55234,55267
2224,33,8888,55181,55214
8348,33,8952,55150,55183
8220,33,9055,55080,55113
1778,33,9077,55091,55124
5724,33,9287,54914,54947
5331,33,9313,54921,54954
5862,33,9349,54918,54951
3571,33,9375,54925,54958
4681,33,9379,54954,54987
9054,33,9400,54966,54999
9764,33,9423,54976,55009
2876,33,9577,54855,54888
8092,33,9594,54871,54904
9390,33,9679,54819,54852
8694,33,9787,54744,54777
8672,33,9860,54704,54737
1767,34,8046,56551,56585
9096,34,8175,56456,56490
8438,34,8226,56439,56473
6243,34,8291,56408,56442
1872,34,8368,56365,56399
3402,34,8481,56286,56320
9011,34,8481,56320,56354
3566,34,8609,56226,56260
5208,34,8642,56227,56261
2115,34,8823,56080,56114
8757,34,8849,56088,56122
2151,34,8879,56092,56126
8382,34,8920,56085,56119
3945,34,8928,56111,56145
2467,34,8968,56105,56139
4776,34,8973,56134,56168
8995,34,9108,56033,56067
2430,34,9123,56052,56086
7639,34,9243,55966,56000
6432,34,9308,55935,55969
7248,34,9373,55904,55938
2009,34,9482,55829,55863
3135,34,9523,55822,55856
2746,34,9749,55630,55664
8333,34,9783,55630,55664
6315,34,9906,55541,55575
3570,34,9922,55559,55593
9549,34,9979,55536,55570
1882,35,8049,57500,57535
7984,35,8054,57530,57565
1686,35,8127,57492,57527
2014,35,8162,57492,57527
1705,35,8306,57383,57418
1400,35,8309,57415,57450
9518,35,8408,57351,57386
7986,35,8426,57368,57403
7292,35,8504,57325,57360
7206,35,8565,57299,57334
4677,35,8581,57318,57353
9601,35,8606,57328,57363
1478,35,8672,57297,57332
7038,35,8720,57284,57319
3368,35,8809,57230,57265
8780,35,8812,57262,57297
7601,35,8824,57285,57320
8316,35,9022,57122,57157
1899,35,9140,57039,57074
6669,35,9353,56861,56896
5884,35,9438,56811,56846
1414,35,9485,56799,56834
2747,35,9565,56754,56789
9741,35,9566,56788,56823
4626,35,9635,56754,56789
5956,35,9651,56773,56808
7947,35,9694,56765,56800
1455,35,9738,56756,56791
3603,35,9781,56748,56783
1812,35,9833,56731,56766
2578,35,9834,56765,56800
1749,35,9889,56745,56780
3726,35,9905,56764,56799
3893,35,9914,56790,56825
1648,36,8019,58720,58756
9826,36,8020,58755,58791
6760,36,8228,58583,58619
7897,36,8273,58574,58610
3003,36,8535,58348,58384
2629,36,8575,58344,58380
4617,36,8623,58332,58368
7911,36,8624,58367,58403
8115,36,8632,58395,58431
2391,36,8754,58309,58345
7615,36,8767,58332,58368
1997,36,8769,58366,58402
1396,36,8798,58373,58409
6785,36,8807,58400,58436
1928,36,8810,58433,58469
7183,36,8940,58339,58375
3913,36,8997,58318,58354
9289,36,9110,58241,58277
4892,36,9187,58200,58236
7753,36,9225,58198,58234
9299,36,9229,58230,58266
2663,36,9247,58248,58284
1875,36,9251,58280,58316
7663,36,9262,58305,58341
9265,36,9314,58289,58325
3352,36,9351,58288,58324
1313,36,9368,58307,58343
7124,36,9461,58250,58286
2270,36,9610,58137,58173
4088,36,9637,58146,58182
1723,36,9684,58135,58171
3047,36,9741,58114,58150
5442,36,9778,58113,58149
5498,36,9883,58044,58080
9925,36,9976,57987,58023
9406,36,9990,58009,58045
6614,37,8045,59990,60027
9129,37,8071,60001,60038
6259,37,8164,59945,59982
4583,37,8345,59801,59838
1123,37,8364,59819,59856
9084,37,8448,59772,59809
1200,37,8451,59806,59843
8036,37,8496,59798,59835
5839,37,8554,59777,59814
5351,37,8565,59803,59840
5385,37,8574,59831,59868
3671,37,8602,59840,59877
2135,37,8658,59821,59858
6474,37,8704,59812,59849
8815,37,8704,59849,59886
6230,37,8763,59827,59864
6649,37,8764,59863,59900
6730,37,8808,59856,59893
8022,37,8810,59891,59928
7538,37,8873,59865,59902
2133,37,8882,59893,59930
1452,37,8905,59907,59944
2380,37,8987,59862,59899
9917,37,9143,59743,59780
9493,37,9176,59747,59784
2530,37,9186,59774,59811
8951,37,9385,59612,59649
5100,37,9386,59648,59685
7233,37,9436,59635,59672
7617,37,9512,59596,59633
9085,37,9528,59617,59654
5334,37,9535,59647,59684
3320,37,9617,59602,59639
9111,37,9637,59619,59656
2756,37,9706,59587,59624
4824,37,9724,59606,59643
4608,37,9744,59623,59660
2501,37,9792,59612,59649
3805,37,9904,59537,59574
1021,37,9905,59573,59610
7031,37,9921,59594,59631
4424,37,9923,59629,59666
7265,37,9956,59633,59670
2862,38,8093,61533,61571
7628,38,8229,61435,61473
2070,38,8230,61472,61510
1082,38,8363,61377,61415
2350,38,8398,61380,61418
7227,38,8399,61417,61455
6236,38,8477,61377,61415
4593,38,8511,61381,61419
6335,38,8519,61411,61449
3968,38,8646,61322,61360
3166,38,8660,61346,61384
4897,38,8678,61366,61404
2394,38,8682,61400,61438
2075,38,8749,61371,61409
9417,38,8829,61329,61367
4000,38,8887,61309,61347
9463,38,9109,61125,61163
5283,38,9163,61109,61147
1405,38,9339,60971,61009
8127,38,9456,60892,60930
5207,38,9492,60894,60932
2108,38,9567,60857,60895
3492,38,9572,60890,60928
7559,38,9609,60891,60929
2949,38,9639,60899,60937
3625,38,9793,60783,60821
6014,38,9864,60750,60788
1558,38,9952,60700,60738
8762,39,8072,62618,62657
5453,39,8104,62625,62664
2103,39,8125,62643,62682
4833,39,8180,62627,62666
8251,39,8284,62562,62601
3098,39,8369,62516,62555
1658,39,8495,62429,62468
1048,39,8539,62424,62463
7579,39,8571,62431,62470
6784,39,8584,62457,62496
3540,39,8666,62414,62453
9771,39,8784,62335,62374
4499,39,8824,62334,62373
3287,39,8908,62289,62328
6074,39,8915,62321,62360
3838,39,8919,62356,62395
2005,39,8973,62341,62380
1572,39,8976,62377,62416
5835,39,9024,62368,62407
8342,39,9040,62391,62430
5400,39,9052,62418,62457
2046,39,9302,62207,62246
9534,39,9377,62171,62210
8430,39,9523,62064,62103
4447,39,9575,62051,62090
3302,39,9784,61881,61920
9739,39,9803,61901,61940
8568,39,9933,61810,61849
8922,40,8186,63596,63636
1992,40,8223,63599,63639
5397,40,8325,63537,63577
8443,40,8435,63467,63507
1888,40,8440,63502,63542
3353,40,8496,63486,63526
9901,40,8722,63300,63340
7757,40,8763,63299,63339
3989,40,8798,63304,63344
8107,40,8806,63336,63376
3449,40,8826,63356,63396
9856,40,8850,63372,63412
1215,40,8950,63312,63352
3184,40,9002,63300,63340
4806,40,9096,63246,63286
1037,40,9150,63232,63272
9041,40,9162,63260,63300
4472,40,9163,63299,63339
6602,40,9183,63319,63359
2988,40,9190,63352,63392
6105,40,9248,63334,63374
6536,40,9295,63327,63367
9799,40,9303,63359,63399
3269,40,9355,63347,63387
9507,40,9367,63375,63415
8379,40,9463,63319,63359
4084,40,9592,63230,63270
2883,40,9606,63256,63296
6896,40,9703,63199,63239
4843,40,9793,63149,63189
3081,40,9840,63142,63182
9578,40,9923,63099,63139
5941,40,9986,63076,63116
4168,41,8043,65059,65100
5037,41,8074,65069,65110
9365,41,8393,64791,64832
9410,41,8405,64820,64861
1552,41,8549,64717,64758
1909,41,8606,64701,64742
1747,41,8747,64601,64642
2729,41,8804,64585,64626
6178,41,8820,64610,64651
2132,41,8822,64649,64690
1091,41,8858,64654,64695
2085,41,8876,64677,64718
2048,41,8889,64705,64746
2665,41,8958,64677,64718
4699,41,9232,64444,64485
5976,41,9264,64453,64494
8177,41,9300,64458,64499
5461,41,9356,64443,64484
6781,41,9397,64443,64484
6812,41,9457,64424,64465
2674,41,9483,64439,64480
6706,41,9592,64371,64412
7606,41,9624,64380,64421
2091,41,9651,64394,64435
4547,41,9821,64265,64306
5398,41,9919,64208,64249
8254,42,8000,66168,66210
4530,42,8040,66170,66212
7093,42,8063,66189,66231
8537,42,8093,66201,66243
5750,42,8103,66233,66275
5905,42,8188,66190,66232
2615,42,8241,66179,66221
9273,42,8257,66205,66247
7829,42,8266,66238,66280
6441,42,8374,66172,66214
2219,42,8493,66095,66137
1950,42,8513,66117,66159
5718,42,8601,66071,66113
4861,42,8651,66063,66105
1152,42,8871,65885,65927
6881,42,8905,65893,65935
1368,42,9361,65479,65521
3062,42,9373,65509,65551
8516,42,9568,65356,65398
8126,42,9627,65339,65381
1804,42,9657,65351,65393
7380,42,9776,65274,65316
5382,42,9825,65267,65309
2827,42,9958,65176,65218
1598,43,8004,67172,67215
2348,43,8011,67208,67251
1394,43,8102,67160,67203
8221,43,8209,67096,67139
9121,43,8210,67138,67181
5605,43,8443,66948,66991
4060,43,8549,66885,66928
9777,43,8606,66871,66914
8782,43,8662,66858,66901
5104,43,8672,66891,66934
3333,43,8699,66907,66950
5330,43,8716,66933,66976
4862,43,8727,66965,67008
9988,43,8738,66997,67040
8749,43,8740,67038,67081
5719,43,8884,66937,66980
9514,43,8899,66965,67008
5987,43,9010,66897,66940
6238,43,9025,66925,66968
9394,43,9103,66890,66933
6018,43,9204,66832,66875
7148,43,9207,66872,66915
2941,43,9359,66763,66806
2189,43,9413,66752,66795
2491,43,9536,66672,66715
8521,43,9797,66454,66497
7517,43,9848,66446,66489
8451,43,9908,66429,66472
3172,43,9950,66430,66473
4985,43,9961,66462,66505
1050,43,9962,66504,66547
5465,44,8152,68357,68401
5513,44,8191,68362,68406
1259,44,8308,68289,68333
8015,44,8335,68306,68350
2407,44,8353,68332,68376
6866,44,8436,68293,68337
2290,44,8447,68326,68370
5268,44,8462,68355,68399
7492,44,8509,68352,68396
3501,44,8647,68258,68302
6130,44,8675,68274,68318
1957,44,8693,68300,68344
5710,44,8695,68342,68386
1840,44,8734,68347,68391
3434,44,8743,68382,68426
3044,44,8921,68248,68292
3422,44,8922,68291,68335
4204,44,8927,68330,68374
4954,44,9023,68278,68322
8140,44,9100,68245,68289
8010,44,9315,68074,68118
5072,44,9377,68056,68100
1470,44,9396,68081,68125
3555,44,9502,68019,68063
7234,44,9627,67938,67982
3463,44,9786,67823,67867
3522,44,9825,67828,67872
5381,44,9878,67819,67863
8586,45,8093,69648,69693
2816,45,8110,69676,69721
7742,45,8191,69640,69685
7868,45,8261,69615,69660
1807,45,8337,69584,69629
1303,45,8363,69603,69648
8860,45,8426,69585,69630
8188,45,8478,69578,69623
1059,45,8523,69578,69623
5213,45,8683,69463,69508
2791,45,8761,69430,69475
5295,45,8920,69316,69361
9801,45,9039,69242,69287
3644,45,9100,69226,69271
7139,45,9200,69171,69216
1662,45,9240,69176,69221
5749,45,9411,69050,69095
9235,45,9473,69033,69078
7153,45,9500,69051,69096
8574,45,9509,69087,69132
6950,45,9525,69116,69161
9935,45,9574,69112,69157
8958,45,9581,69150,69195
9204,45,9632,69144,69189
2033,45,9671,69150,69195
6835,45,9695,69171,69216
7781,45,9716,69195,69240
6576,45,9736,69220,69265
2872,45,9788,69213,69258
7114,45,9895,69151,69196
6068,45,9940,69151,69196
4428,45,9965,69171,69216
4209,46,8027,71154,71200
2277,46,8043,71184,71230
3881,46,8057,71216,71262
3609,46,8073,71246,71292
5940,46,8161,71204,71250
2445,46,8248,71163,71209
1377,46,8366,71091,71137
9933,46,8413,71090,71136
7504,46,8428,71121,71167
7254,46,8468,71127,71173
3106,46,8523,71118,71164
2371,46,8562,71125,71171
2774,46,8609,71124,71170
6179,46,8630,71149,71195
1436,46,8810,71015,71061
1379,46,8815,71056,71102
8496,46,8853,71064,71110
6415,46,8870,71093,71139
4760,46,8886,71123,71169
6106,46,8954,71101,71147
3749,46,8960,71141,71187
4132,46,8999,71148,71194
6974,46,9119,71074,71120
4769,46,9136,71103,71149
9924,46,9179,71106,71152
6483,46,9227,71104,71150
7237,46,9287,71090,71136
8792,46,9352,71071,71117
8604,46,9456,71013,71059
8420,46,9518,70997,71043
2635,46,9617,70944,70990
5031,46,9639,70968,71014
4875,46,9722,70931,70977
4429,46,9781,70918,70964
4333,46,9784,70961,71007
4239,46,9837,70954,71000
7825,46,9907,70930,70976
3465,46,9950,70933,70979
6494,46,9965,70964,71010
4276,46,9987,70988,71034
8508,46,9997,71024,71070
2319,47,8091,72976,73023
9979,47,8211,72903,72950
4707,47,8304,72857,72904
6883,47,8361,72847,72894
2670,47,8379,72876,72923
7456,47,8402,72900,72947
2974,47,8437,72912,72959
9346,47,8524,72872,72919
8698,47,8530,72913,72960
1399,47,8668,72822,72869
2240,47,8673,72864,72911
6512,47,8707,72877,72924
1881,47,8725,72906,72953
8291,47,8761,72917,72964
2857,47,8812,72913,72960
2916,47,8856,72916,72963
3551,47,8871,72948,72995
5042,47,8902,72964,73011
2568,47,8923,72990,73037
8406,47,8965,72995,73042
4751,47,8970,73037,73084
9019,47,8997,73057,73104
8974,47,9018,73083,73130
9183,47,9028,73120,73167
4705,47,9119,73076,73123
2658,47,9386,72856,72903
6302,47,9551,72738,72785
5684,47,9591,72745,72792
4161,47,9636,72747,72794
2188,47,9693,72737,72784
4044,47,9713,72764,72811
3771,47,9781,72743,72790
5696,47,9783,72788,72835
8103,47,9831,72787,72834
7847,47,9897,72768,72815
2446,47,9918,72794,72841
3406,47,9993,72766,72813
9982,48,8003,74803,74851
3882,48,8005,74849,74897
5324,48,8018,74884,74932
2120,48,8110,74840,74888
3646,48,8214,74784,74832
5106,48,8230,74816,74864
3082,48,8392,74702,74750
1919,48,8604,74538,74586
5826,48,8620,74570,74618
7030,48,8627,74611,74659
6854,48,8698,74588,74636
4485,48,8805,74529,74577
9971,48,8907,74475,74523
4372,48,8948,74482,74530
5511,48,8965,74513,74561
7564,48,8975,74551,74599
7957,48,9025,74549,74597
9154,48,9191,74431,74479
9965,48,9247,74423,74471
9246,48,9344,74374,74422
5891,48,9402,74364,74412
1316,48,9536,74278,74326
3722,48,9573,74289,74337
7835,48,9601,74309,74357
1671,48,9624,74334,74382
6640,48,9663,74343,74391
8931,48,9773,74281,74329
1182,48,9919,74183,74231
4314,48,9934,74216,74264
2307,48,9964,74234,74282
1290,49,8070,76176,76225
8590,49,8368,75927,75976
4014,49,8411,75933,75982
3477,49,8621,75772,75821
4399,49,8709,75733,75782
9146,49,8870,75621,75670
8900,49,9016,75524,75573
4171,49,9080,75509,75558
8109,49,9088,75550,75599
4483,49,9093,75594,75643
9672,49,9154,75582,75631
5256,49,9169,75616,75665
6052,49,9246,75588,75637
5933,49,9287,75596,75645
2806,49,9298,75634,75683
6947,49,9347,75634,75683
6684,49,9569,75461,75510
1810,49,9584,75495,75544
8168,49,9646,75482,75531
9206,49,9714,75463,75512
7688,49,9715,75511,75560
9655,49,9746,75529,75578
2314,49,9806,75518,75567
3688,49,9826,75547,75596
4957,49,9878,75544,75593
2058,49,9950,75521,75570
6733,49,9975,75545,75594
8446,49,9988,75581,75630
8426,50,8068,77550,77600
8809,50,8449,77219,77269
1581,50,8607,77111,77161
5861,50,8700,77068,77118
8896,50,8702,77116,77166
6275,50,8779,77089,77139
6303,50,8836,77082,77132
1623,50,8855,77113,77163
1617,50,8861,77157,77207
5785,50,8957,77111,77161
7374,50,9091,77027,77077
8411,50,9204,76964,77014
3208,50,9211,77007,77057
4753,50,9235,77033,77083
5860,50,9241,77077,77127
4662,50,9257,77111,77161
9444,50,9314,77104,77154
2245,50,9330,77138,77188
1808,50,9492,77026,77076
7693,50,9678,76890,76940
9080,50,9682,76936,76986
5435,50,9691,76977,77027
4686,50,9772,76946,76996
6098,50,9820,76948,76998
6208,50,9821,76997,77047
5522,50,9862,77006,77056
353,99,475,86394,86493
566,99,851,86068,86167
912,148,50,86870,87018
4178,51,8001,79067,79118
8524,51,8054,79065,79116
4842,51,8119,79051,79102
5157,51,8155,79066,79117
2754,51,8276,78996,79047
5060,51,8286,79037,79088
7537,51,8336,79038,79089
1238,51,8392,79033,79084
7527,51,8470,79006,79057
3569,51,8473,79054,79105
9151,51,8585,78993,79044
8272,51,8707,78922,78973
3873,51,8785,78895,78946
8547,51,8801,78930,78981
3521,51,8924,78858,78909
3495,51,8955,78878,78929
4095,51,8955,78929,78980
3999,51,9072,78863,78914
4609,51,9072,78914,78965
8970,51,9283,78754,78805
5049,51,9427,78661,78712
8913,51,9432,78707,78758
4899,51,9476,78714,78765
7907,51,9502,78739,78790
9508,51,9516,78776,78827
5968,51,9557,78786,78837
7214,51,9903,78491,78542
6471,51,9967,78478,78529
134,100,299,88148,88248
925,100,545,87953,88053
245,100,618,87931,88031
773,100,840,87760,87860
4741,52,8046,80654,80706
6967,52,8124,80628,80680
8469,52,8134,80670,80722
9277,52,8208,80648,80700
6420,52,8223,80685,80737
1165,52,8362,80598,80650
9554,52,8454,80558,80610
1531,52,8455,80609,80661
3574,52,8460,80656,80708
5293,52,8575,80593,80645
4927,52,8623,80597,80649
3915,52,8633,80639,80691
5280,52,8660,80664,80716
6779,52,8677,80699,80751
5016,52,8870,80558,80610
6272,52,8916,80564,80616
6107,52,8943,80589,80641
1463,52,9014,80570,80622
3648,52,9077,80559,80611
2922,52,9201,80487,80539
6283,52,9348,80392,80444
2250,52,9516,80276,80328
6813,52,9636,80208,80260
5140,52,9730,80166,80218
7228,52,9834,80114,80166
1768,52,9879,80121,80173
9196,52,9886,80166,80218
8057,52,9953,80151,80203
8256,52,9995,80161,80213
731,101,196,89963,90064
195,101,669,89542,89643
8648,53,8046,82266,82319
2337,53,8155,82210,82263
3766,53,8292,82126,82179
1031,53,8595,81876,81929
8433,53,8633,81891,81944
6211,53,8726,81851,81904
3735,53,8741,81889,81942
3694,53,8762,81921,81974
4526,53,8790,81946,81999
5259,53,8793,81996,82049
9808,53,8855,81987,82040
6288,53,8857,82038,82091
7200,53,8864,82084,82137
2466,53,8887,82114,82167
9686,53,9045,82009,82062
2594,53,9048,82059,82112
2483,53,9160,82000,82053
7933,53,9207,82006,82059
5184,53,9287,81979,82032
8921,53,9341,81978,82031
3613,53,9423,81949,82002
7222,53,9425,82000,82053
2613,53,9433,82045,82098
4002,53,9494,82037,82090
3623,53,9524,82060,82113
6901,53,9582,82055,82108
1472,53,9631,82059,82112
2272,53,9687,82056,82109
1845,53,9703,82093,82146
3200,53,9823,82026,82079
4688,53,9893,82009,82062
5044,53,9910,82045,82098
904,102,311,91648,91750
555,102,624,91388,91490
5851,54,8005,84109,84163
3257,54,8075,84093,84147
5706,54,8082,84140,84194
7360,54,8157,84119,84173
8476,54,8211,84119,84173
4832,54,8225,84159,84213
9033,54,8269,84169,84223
2109,54,8410,84082,84136
4380,54,8438,84108,84162
3568,54,8536,84064,84118
3035,54,8562,84092,84146
1852,54,8621,84087,84141
8580,54,8630,84132,84186
5480,54,8732,84084,84138
9599,54,8744,84126,84180
9170,54,8798,84126,84180
6263,54,8862,84116,84170
5050,54,8871,84161,84215
5625,54,8945,84141,84195
6140,54,8990,84150,84204
8122,54,9017,84177,84231
4934,54,9092,84156,84210
8791,54,9100,84202,84256
4130,54,9155,84201,84255
1345,54,9161,84249,84303
5952,54,9212,84252,84306
1117,54,9214,84304,84358
7270,54,9219,84353,84407
9963,54,9309,84317,84371
3801,54,9352,84328,84382
3643,54,9482,84252,84306
9907,54,9501,84287,84341
1838,54,9550,84292,84346
7657,54,9586,84310,84364
1101,54,9663,84287,84341
9395,54,9815,84189,84243
6668,54,9844,84214,84268
3503,54,9861,84251,84305
3842,54,9867,84299,84353
8601,54,9910,84310,84364
4281,54,9993,84281,84335
537,103,116,94163,94266
129,103,317,94016,94119
855,103,714,93673,93776
7467,55,8081,86409,86464
7556,55,8196,86349,86404
8172,55,8283,86317,86372
8105,55,8314,86341,86396
8879,55,8321,86389,86444
8803,55,8602,86163,86218
1647,55,8638,86182,86237
5531,55,8844,86031,86086
3976,55,8868,86062,86117
1936,55,8921,86064,86119
9427,55,8929,86111,86166
2602,55,8965,86130,86185
6036,55,8978,86172,86227
4200,55,9018,86187,86242
9569,55,9025,86235,86290
5032,55,9194,86121,86176
3583,55,9249,86121,86176
7796,55,9294,86131,86186
7246,55,9380,86100,86155
3736,55,9472,86063,86118
3078,55,9604,85986,86041
3170,55,9635,86010,86065
6618,55,9964,85736,85791
8089,55,9998,85757,85812
663,104,211,95550,95654
392,104,331,95485,95589
286,104,774,95097,95201
955,104,795,95131,95235
294,104,950,95031,95135
834,104,973,95063,95167
1339,56,8100,88040,88096
7146,56,8155,88041,88097
8750,56,8171,88081,88137
9117,56,8411,87897,87953
8118,56,8554,87810,87866
2423,56,8707,87713,87769
7644,56,8832,87644,87700
1105,56,8848,87684,87740
1792,56,9021,87567,87623
5723,56,9075,87569,87625
8795,56,9149,87551,87607
2704,56,9233,87523,87579
6777,56,9273,87539,87595
4115,56,9325,87543,87599
2065,56,9454,87470,87526
5325,56,9494,87486,87542
1684,56,9521,87515,87571
7730,56,9563,87529,87585
4272,56,9583,87565,87621
4369,56,9652,87552,87608
4668,56,9700,87560,87616
4925,56,9792,87524,87580
8848,56,9847,87525,87581
8519,56,9877,87551,87607
4522,56,9949,87535,87591
302,105,782,96709,96814
405,105,994,96553,96658
5115,57,8016,89636,89693
3547,57,8043,89666,89723
7902,57,8106,89660,89717
5236,57,8157,89666,89723
7851,57,8216,89664,89721
3305,57,8248,89689,89746
1535,57,8356,89638,89695
4982,57,8398,89653,89710
7301,57,8425,89683,89740
8192,57,8425,89740,89797
5180,57,8451,89771,89828
7136,57,8455,89824,89881
2217,57,8674,89662,89719
4028,57,8766,89627,89684
6175,57,8802,89648,89705
1999,57,8930,89577,89634
4915,57,8997,89567,89624
5563,57,9046,89575,89632
8813,57,9099,89579,89636
9993,57,9240,89495,89552
2835,57,9385,89407,89464
9028,57,9415,89434,89491
8301,57,9509,89397,89454
4293,57,9674,89289,89346
5629,57,9718,89302,89359
2799,57,9770,89307,89364
7735,57,9819,89315,89372
2954,57,9885,89306,89363
7718,57,9888,89360,89417
6433,57,9922,89383,89440
793,106,266,99047,99153
979,106,465,98905,99011
360,106,481,98946,99052
5567,58,8005,91528,91586
5645,58,8031,91560,91618
4493,58,8038,91611,91669
3956,58,8075,91632,91690
8986,58,8093,91672,91730
8399,58,8198,91625,91683
6044,58,8203,91678,91736
7934,58,8235,91704,91762
3485,58,8237,91760,91818
2540,58,8245,91810,91868
2963,58,8410,91703,91761
8827,58,8604,91567,91625
9099,58,8606,91623,91681
8489,58,8677,91610,91668
5113,58,8704,91641,91699
4826,58,8739,91664,91722
3656,58,8766,91695,91753
9369,58,8863,91656,91714
5095,58,9213,91364,91422
7435,58,9231,91404,91462
8397,58,9258,91435,91493
1615,58,9295,91456,91514
3869,58,9633,91176,91234
5203,58,9649,91218,91276
8843,58,9682,91243,91301
5609,58,9793,91190,91248
6311,58,9890,91151,91209
9132,58,9890,91209,91267
8972,58,9949,91208,91266
539,107,67,101099,101206
238,107,206,101018,101125
850,107,469,100813,100920
5562,59,8027,93362,93421
9212,59,8034,93414,93473
2334,59,8039,93468,93527
5996,59,8135,93431,93490
7438,59,8237,93388,93447
8208,59,8332,93352,93411
4870,59,8367,93376,93435
5671,59,8389,93413,93472
3980,59,8401,93460,93519
6371,59,8469,93451,93510
3706,59,8499,93480,93539
1674,59,8555,93483,93542
8163,59,8674,93423,93482
5669,59,8686,93470,93529
4139,59,8852,93363,93422
9006,59,8898,93376,93435
6872,59,8949,93384,93443
8668,59,9059,93333,93392
2763,59,9134,93317,93376
6210,59,9136,93374,93433
6020,59,9150,93419,93478
1594,59,9210,93418,93477
7123,59,9228,93459,93518
6477,59,9235,93511,93570
3932,59,9283,93522,93581
8637,59,9292,93572,93631
2333,59,9311,93612,93671
6115,59,9368,93614,93673
7009,59,9710,93331,93390
7589,59,9763,93337,93396
3229,59,9768,93391,93450
9328,59,9905,93313,93372
1041,59,9935,93342,93401
9708,59,9953,93383,93442
3015,59,9968,93427,93486
384,108,352,103053,103161
858,108,849,102615,102723
9120,60,8118,95454,95514
9010,60,8344,95288,95348
1726,60,8406,95286,95346
7333,60,8410,95342,95402
5272,60,8451,95361,95421
7008,60,8451,95421,95481
7327,60,8482,95450,95510
7548,60,8495,95497,95557
6574,60,8629,95423,95483
8861,60,8673,95439,95499
5715,60,8691,95481,95541
4770,60,8699,95533,95593
6316,60,8894,95398,95458
2541,60,9011,95341,95401
5979,60,9149,95263,95323
6914,60,9189,95283,95343
7803,60,9244,95288,95348
7817,60,9403,95189,95249
9980,60,9471,95181,95241
9455,60,9506,95206,95266
6486,60,9539,95233,95293
1565,60,9674,95158,95218
3103,60,9677,95215,95275
3087,60,9772,95180,95240
7807,60,9821,95191,95251
3486,60,9921,95151,95211
8785,60,9948,95184,95244
5362,61,8160,97032,97093
5689,61,8179,97074,97135
2298,61,8189,97125,97186
1733,61,8204,97171,97232
5832,61,8262,97174,97235
7653,61,8354,97143,97204
9874,61,8370,97188,97249
5029,61,8394,97225,97286
8640,61,8563,97117,97178
8000,61,8579,97162,97223
9529,61,8621,97181,97242
7577,61,8644,97219,97280
3432,61,8661,97263,97324
3787,61,8980,97005,97066
6050,61,9299,96747,96808
1308,61,9319,96788,96849
3385,61,9323,96845,96906
6838,61,9331,96898,96959
2871,61,9384,96906,96967
4075,61,9458,96893,96954
8300,61,9476,96936,96997
7550,61,9482,96991,97052
4185,61,9578,96956,97017
7532,61,9596,96999,97060
1060,61,9630,97026,97087
9607,61,9746,96971,97032
5833,61,9798,96980,97041
9880,61,9934,96905,96966
1608,61,9998,96902,96963
577,110,70,106842,106952
510,110,206,106767,106877
281,110,240,106794,106904
358,110,617,106478,106588
3464,62,8089,99116,99178
8863,62,8181,99086,99148
4021,62,8183,99146,99208
6603,62,8185,99206,99268
2066,62,8260,99193,99255
8755,62,8354,99161,99223
9167,62,8359,99218,99280
1269,62,8370,99269,99331
2157,62,8425,99276,99338
8964,62,8464,99299,99361
9611,62,8542,99283,99345
8722,62,8571,99316,99378
5859,62,8661,99288,99350
1108,62,8663,99348,99410
6209,62,8928,99145,99207
6323,62,9064,99071,99133
7135,62,9067,99130,99192
4288,62,9069,99190,99252
9598,62,9072,99249,99311
5189,62,9110,99273,99335
5459,62,9143,99302,99364
7978,62,9177,99330,99392
7212,62,9271,99298,99360
8908,62,9347,99284,99346
6363,62,9480,99213,99275
7039,62,9494,99261,99323
5089,62,9498,99319,99381
1655,62,9517,99362,99424
5062,62,9569,99372,99434
9127,62,9783,99220,99282
7335,62,9946,99119,99181
502,111,106,108972,109083
451,111,314,108826,108937
644,111,478,108724,108835
739,111,739,108525,108636
5286,63,8086,101289,101352
4177,63,8221,101217,101280
5977,63,8287,101214,101277
9983,63,8352,101212,101275
7097,63,8468,101159,101222
8412,63,8481,101209,101272
1952,63,8576,101177,101240
7129,63,8589,101227,101290
7322,63,8600,101279,101342
4294,63,8627,101315,101378
5485,63,8722,101283,101346
5807,63,8821,101247,101310
3557,63,8953,101178,101241
6724,63,8995,101199,101262
9211,63,9182,101075,101138
3137,63,9231,101089,101152
8130,63,9236,101147,101210
6489,63,9271,101175,101238
3519,63,9288,101221,101284
9511,63,9496,101076,101139
4558,63,9527,101108,101171
6652,63,9590,101108,101171
7357,63,9715,101046,101109
5606,63,9824,101000,101063
9012,63,9875,101012,101075
7575,63,9977,100973,101036
975,112,599,110365,110477
6992,64,8061,103015,103079
3938,64,8074,103066,103130
5618,64,8373,102831,102895
9055,64,8401,102867,102931
7286,64,8409,102923,102987
4183,64,8472,102924,102988
5383,64,8618,102842,102906
3499,64,8666,102858,102922
3598,64,8696,102892,102956
8392,64,8724,102928,102992
4607,64,8735,102981,103045
2844,64,8858,102922,102986
4975,64,8921,102923,102987
1157,64,9159,102749,102813
4512,64,9182,102790,102854
8310,64,9222,102814,102878
5329,64,9224,102876,102940
3308,64,9262,102902,102966
8388,64,9341,102887,102951
5099,64,9356,102936,103000
4309,64,9361,102995,103059
2164,64,9516,102904,102968
4362,64,9529,102955,103019
5430,64,9574,102974,103038
9378,64,9701,102911,102975
5146,64,9734,102942,103006
3020,64,9782,102958,103022
5344,64,9912,102892,102956
619,113,714,112105,112218
882,113,738,112145,112258
125,113,924,112023,112136
2273,65,8021,105039,105104
4942,65,8135,104990,105055
3214,65,8304,104886,104951
8179,65,8374,104881,104946
3629,65,8427,104893,104958
4137,65,8487,104898,104963
1915,65,8550,104900,104965
4663,65,8574,104941,105006
8583,65,8639,104941,105006
4860,65,8647,104998,105063
1221,65,8657,105053,105118
8245,65,8704,105071,105136
8018,65,8710,105130,105195
3626,65,8733,105172,105237
7558,65,8764,105206,105271
4527,65,8915,105120,105185
2626,65,8973,105127,105192
9023,65,8973,105192,105257
6973,65,9014,105216,105281
4647,65,9015,105280,105345
8347,65,9071,105289,105354
1348,65,9152,105273,105338
9839,65,9169,105321,105386
6844,65,9171,105384,105449
9485,65,9171,105449,105514
7741,65,9269,105416,105481
7384,65,9312,105438,105503
9327,65,9320,105495,105560
9264,65,9377,105503,105568
9439,65,9411,105534,105599
9004,65,9586,105424,105489
4063,65,9787,105288,105353
3597,65,9872,105268,105333
3580,65,9922,105283,105348
2657,65,9964,105306,105371
4519,65,9989,105346,105411
177,114,257,115094,115208
748,114,812,114604,114718
5161,66,8094,107436,107502
6548,66,8105,107491,107557
5819,66,8313,107349,107415
3970,66,8339,107389,107455
8735,66,8412,107382,107448
1343,66,8434,107426,107492
2198,66,8466,107460,107526
3124,66,8543,107449,107515
6075,66,8554,107504,107570
3247,66,8570,107554,107620
3823,66,8735,107455,107521
5918,66,8735,107521,107587
9292,66,8857,107465,107531
5582,66,8951,107437,107503
6792,66,8969,107485,107551
6416,66,9007,107513,107579
6298,66,9125,107461,107527
4676,66,9187,107465,107531
6500,66,9235,107483,107549
1469,66,9252,107532,107598
1929,66,9368,107482,107548
2143,66,9501,107415,107481
6372,66,9576,107406,107472
9859,66,9586,107462,107528
7210,66,9592,107522,107588
1576,66,9730,107450,107516
6200,66,9739,107507,107573
6979,66,9813,107499,107565
1586,66,9838,107540,107606
9705,66,9912,107532,107598
9861,66,9921,107589,107655
973,115,419,117108,117223
285,115,454,117139,117254
1487,67,8028,109680,109747
6109,67,8133,109642,109709
7631,67,8201,109641,109708
8360,67,8303,109606,109673
3741,67,8314,109662,109729
7455,67,8366,109677,109744
3006,67,8556,109554,109621
6847,67,8577,109600,109667
4222,67,8683,109561,109628
6831,67,8692,109619,109686
6423,67,8715,109663,109730
1611,67,8730,109715,109782
2959,67,8733,109779,109846
1443,67,8740,109839,109906
8805,67,9038,109608,109675
2041,67,9250,109463,109530
8165,67,9264,109516,109583
6287,67,9289,109558,109625
3334,67,9296,109618,109685
1653,67,9400,109581,109648
6592,67,9469,109579,109646
2261,67,9505,109610,109677
9097,67,9562,109620,109687
7813,67,9587,109662,109729
5590,67,9890,109426,109493
4799,67,9957,109426,109493
849,116,88,119313,119429
460,116,124,119344,119460
329,116,386,119149,119265
936,116,574,119028,119144
747,116,577,119092,119208
2772,68,8088,111697,111765
2624,68,8130,111723,111791
1144,68,8197,111724,111792
9173,68,8288,111701,111769
8514,68,8428,111629,111697
7207,68,8439,111686,111754
3220,68,8641,111552,111620
6197,68,8811,111450,111518
6035,68,8977,111352,111420
3195,68,8999,111398,111466
5368,68,9183,111282,111350
7675,68,9200,111333,111401
5685,68,9210,111391,111459
6347,68,9275,111394,111462
2266,68,9296,111441,111509
7573,68,9335,111470,111538
7705,68,9350,111523,111591
8725,68,9411,111530,111598
8567,68,9422,111587,111655
9512,68,9523,111554,111622
1590,68,9676,111469,111537
5686,68,9775,111438,111506
3154,68,9824,111457,111525
7898,68,9846,111503,111571
1710,68,9936,111481,111549
485,117,656,120780,120897
6822,69,8055,113498,113567
3632,69,8070,113552,113621
7614,69,8077,113614,113683
1420,69,8144,113616,113685
8917,69,8204,113625,113694
2742,69,8306,113592,113661
6226,69,8347,113620,113689
5597,69,8451,113585,113654
5847,69,8491,113614,113683
1588,69,8609,113565,113634
8618,69,8703,113540,113609
5760,69,8769,113543,113612
1212,69,8816,113565,113634
3572,69,9067,113383,113452
9336,69,9068,113451,113520
3019,69,9141,113447,113516
3104,69,9182,113475,113544
3377,69,9365,113361,113430
1631,69,9375,113420,113489
5361,69,9486,113378,113447
1668,69,9637,113296,113365
5192,69,9736,113266,113335
2853,69,9743,113328,113397
8872,69,9865,113275,113344
8664,69,9878,113331,113400
6741,69,9885,113393,113462
8980,70,8102,115245,115315
9974,70,8117,115300,115370
5102,70,8444,115043,115113
7159,70,8585,114972,115042
2539,70,8592,115035,115105
5754,70,8623,115074,115144
2678,70,8628,115139,115209
7894,70,8628,115209,115279
8120,70,8630,115277,115347
3606,70,8650,115327,115397
5393,70,8687,115360,115430
7343,70,8803,115314,115384
4971,70,8966,115221,115291
8069,70,8987,115270,115340
7563,70,9074,115253,115323
8707,70,9088,115309,115379
9267,70,9250,115217,115287
2808,70,9274,115263,115333
5547,70,9342,115265,115335
9867,70,9488,115189,115259
2759,70,9535,115212,115282
9816,70,9550,115267,115337
8646,70,9553,115334,115404
4943,70,9640,115317,115387
7812,70,9673,115354,115424
3013,70,9682,115415,115485
2838,70,9694,115473,115543
7650,70,9698,115539,115609
8534,70,9832,115475,115545
8854,70,9836,115541,115611
5305,70,9897,115550,115620
6239,70,9972,115545,115615
6590,70,9999,115588,115658
336,119,340,125268,125387
982,119,366,125312,125431
759,119,857,124891,125010
3408,71,8020,117847,117918
8724,71,8127,117811,117882
7429,71,8162,117847,117918
7914,71,8183,117897,117968
7676,71,8202,117949,118020
2044,71,8204,118018,118089
7896,71,8204,118089,118160
9631,71,8247,118117,118188
5741,71,8248,118187,118258
9663,71,8255,118251,118322
6122,71,8381,118196,118267
5726,71,8461,118187,118258
3433,71,8545,118174,118245
5849,71,8628,118162,118233
1559,71,8731,118130,118201
4144,71,8755,118177,118248
1752,71,8766,118237,118308
8227,71,8796,118278,118349
2194,71,8866,118279,118350
7338,71,9044,118172,118243
3187,71,9061,118226,118297
4420,71,9156,118202,118273
7461,71,9187,118242,118313
7530,71,9221,118279,118350
5757,71,9353,118218,118289
9902,71,9356,118286,118357
9248,71,9434,118279,118350
9991,71,9438,118346,118417
4544,71,9463,118392,118463
9605,71,9475,118451,118522
5238,71,9494,118503,118574
5695,71,9528,118540,118611
2936,71,9588,118551,118622
3030,71,9695,118515,118586
1574,71,9850,118431,118502
5602,71,9905,118447,118518
5998,71,9930,118493,118564
4220,72,8084,120410,120482
3321,72,8109,120457,120529
3660,72,8161,120477,120549
6645,72,8170,120540,120612
5867,72,8212,120570,120642
6310,72,8290,120564,120636
6732,72,8328,120598,120670
5470,72,8349,120649,120721
5338,72,8467,120603,120675
5193,72,8594,120548,120620
3273,72,8910,120304,120376
7722,72,8953,120333,120405
3737,72,8956,120402,120474
5690,72,9011,120419,120491
7541,72,9017,120485,120557
6664,72,9026,120548,120620
2030,72,9064,120582,120654
7395,72,9089,120629,120701
8571,72,9182,120608,120680
2967,72,9193,120669,120741
8915,72,9198,120736,120808
8642,72,9222,120784,120856
6411,72,9223,120855,120927
5999,72,9230,120920,120992
3403,72,9242,120980,121052
6902,72,9480,120814,120886
9770,72,9522,120844,120916
4491,72,9552,120886,120958
1656,72,9653,120857,120929
5464,72,9683,120899,120971
5055,72,9750,120904,120976
4573,72,9805,120921,120993
4256,72,9862,120936,121008
5788,72,9917,120953,121025
5323,72,9942,121000,121072
335,121,152,130813,130934
248,121,903,130134,130255
985,170,58,131002,131172
8961,73,8087,123143,123216
6390,73,8217,123086,123159
4243,73,8220,123156,123229
8061,73,8242,123207,123280
8357,73,8298,123224,123297
2588,73,8341,123254,123327
6646,73,8411,123257,123330
7959,73,8458,123283,123356
5341,73,8467,123347,123420
8885,73,8567,123320,123393
9393,73,8640,123320,123393
9646,73,8688,123345,123418
3867,73,8696,123410,123483
5370,73,8807,123372,123445
3482,73,9005,123247,123320
2379,73,9011,123314,123387
9045,73,9022,123376,123449
7668,73,9024,123447,123520
2389,73,9080,123464,123537
2427,73,9083,123534,123607
4385,73,9086,123604,123677
1180,73,9151,123612,123685
1869,73,9222,123614,123687
4777,73,9325,123584,123657
9116,73,9352,123630,123703
6907,73,9358,123697,123770
9465,73,9387,123741,123814
7397,73,9460,123741,123814
9331,73,9648,123626,123699
4792,73,9760,123587,123660
9017,73,9774,123646,123719
7637,73,9931,123562,123635
5444,73,9977,123589,123662
3973,74,8165,125474,125548
2035,74,8173,125540,125614
2800,74,8219,125568,125642
5816,74,8283,125578,125652
2576,74,8410,125525,125599
7407,74,8412,125597,125671
1698,74,8467,125616,125690
2232,74,8747,125410,125484
4343,74,9044,125187,125261
9239,74,9212,125093,125167
5656,74,9219,125160,125234
6917,74,9352,125101,125175
3610,74,9368,125159,125233
6720,74,9438,125163,125237
4951,74,9596,125079,125153
3827,74,9670,125079,125153
3857,74,9705,125118,125192
3539,74,9720,125177,125251
4891,74,9751,125220,125294
1660,74,9768,125277,125351
3242,74,9914,125205,125279
6946,74,9937,125256,125330
6382,74,9951,125316,125390
2262,74,9954,125387,125461
5705,74,9954,125461,125535
1864,74,9997,125492,125566
746,123,418,135096,135219
9829,75,8059,127578,127653
3226,75,8081,127631,127706
4835,75,8184,127603,127678
8957,75,8265,127597,127672
1494,75,8281,127656,127731
8424,75,8296,127716,127791
5199,75,8345,127742,127817
5142,75,8377,127785,127860
1295,75,8429,127808,127883
8465,75,8482,127830,127905
4653,75,8512,127875,127950
5245,75,8672,127790,127865
3796,75,8709,127828,127903
5921,75,8813,127799,127874
5782,75,8824,127863,127938
4408,75,8826,127936,128011
4460,75,8995,127842,127917
3417,75,9107,127805,127880
5217,75,9140,127847,127922
5622,75,9242,127820,127895
6330,75,9282,127855,127930
5648,75,9433,127779,127854
7963,75,9442,127845,127920
1444,75,9530,127832,127907
5170,75,9565,127872,127947
3316,75,9602,127910,127985
7510,75,9893,127694,127769
3720,75,9926,127736,127811
6729,75,9970,127767,127842
833,124,209,137554,137678
147,124,936,136902,137026
3584,76,8033,129929,130005
2235,76,8093,129945,130021
5423,76,8127,129987,130063
8982,76,8133,130057,130133
8727,76,8166,130100,130176
6997,76,8213,130129,130205
3767,76,8237,130181,130257
8149,76,8427,130067,130143
7184,76,8709,129861,129937
8455,76,8746,129900,129976
5869,76,8749,129973,130049
1688,76,8827,129971,130047
5794,76,8856,130018,130094
4506,76,8938,130012,130088
5917,76,8971,130055,130131
4533,76,9087,130015,130091
9024,76,9182,129996,130072
5912,76,9202,130052,130128
1545,76,9245,130085,130161
9818,76,9289,130117,130193
2011,76,9309,130173,130249
4300,76,9316,130242,130318
4507,76,9377,130257,130333
7783,76,9381,130329,130405
2463,76,9431,130355,130431
4880,76,9481,130381,130457
5627,76,9593,130345,130421
5889,76,9955,130059,130135
4706,76,9967,130123,130199
632,125,161,139956,140081
800,125,991,139202,139327
5401,77,8042,132276,132353
5034,77,8094,132301,132378
6778,77,8142,132330,132407
8759,77,8162,132387,132464
8589,77,8205,132421,132498
6543,77,8207,132496,132573
4579,77,8291,132489,132566
9748,77,8391,132466,132543
1317,77,8418,132516,132593
7698,77,8439,132572,132649
9522,77,8509,132579,132656
3773,77,8515,132650,132727
4218,77,8566,132676,132753
4067,77,8571,132748,132825
6367,77,8791,132605,132682
8794,77,8859,132614,132691
9541,77,8930,132620,132697
9478,77,9219,132408,132485
1236,77,9298,132406,132483
3392,77,9338,132443,132520
1205,77,9351,132507,132584
1116,77,9374,132561,132638
3268,77,9609,132403,132480
4703,77,9849,132240,132317
5426,77,9942,132224,132301
734,126,416,141778,141904
843,126,683,141588,141714
4786,78,8074,134323,134401
4597,78,8149,134326,134404
4945,78,8151,134402,134480
5237,78,8207,134424,134502
8401,78,8207,134502,134580
7252,78,8210,134577,134655
1735,78,8251,134614,134692
8244,78,8301,134642,134720
9837,78,8313,134708,134786
7623,78,8391,134708,134786
7195,78,8484,134693,134771
4332,78,8546,134709,134787
6654,78,8752,134581,134659
7927,78,8767,134644,134722
8189,78,8771,134718,134796
4184,78,8810,134757,134835
1217,78,8852,134793,134871
7073,78,8865,134858,134936
6962,78,8868,134933,135011
4373,78,8966,134913,134991
4798,78,9153,134804,134882
8536,78,9185,134850,134928
3683,78,9398,134715,134793
9810,78,9495,134696,134774
9723,78,9497,134772,134850
7386,78,9613,134734,134812
6271,78,9617,134808,134886
6166,78,9625,134878,134956
7313,78,9729,134852,134930
9263,78,9821,134838,134916
1114,78,9822,134915,134993
6254,78,9872,134943,135021
5156,78,9931,134962,135040
153,127,352,144570,144697
677,127,359,144641,144768
607,127,362,144716,144843
496,127,623,144533,144660
8102,79,8052,137231,137310
7652,79,8110,137252,137331
3222,79,8235,137206,137285
6040,79,8258,137262,137341
9833,79,8408,137191,137270
6030,79,8472,137206,137285
7946,79,8512,137245,137324
4540,79,8792,137044,137123
7260,79,8793,137122,137201
9298,79,8806,137188,137267
9315,79,8864,137209,137288
4009,79,8888,137264,137343
9845,79,8899,137332,137411
2716,79,8909,137401,137480
4074,79,8924,137465,137544
9846,79,8933,137535,137614
6540,79,8990,137557,137636
2609,79,8992,137634,137713
5067,79,9196,137509,137588
5716,79,9208,137576,137655
3892,79,9360,137503,137582
4716,79,9547,137395,137474
4944,79,9708,137313,137392
6118,79,9742,137358,137437
2494,79,9871,137308,137387
7832,79,9897,137361,137440
4591,79,9985,137352,137431
2719,80,8030,139386,139466
2596,80,8057,139439,139519
7919,80,8181,139395,139475
6002,80,8268,139388,139468
3746,80,8358,139378,139458
2119,80,8367,139449,139529
4245,80,8433,139463,139543
3637,80,8466,139510,139590
7375,80,8474,139582,139662
9089,80,8487,139649,139729
2459,80,8501,139715,139795
1081,80,8796,139500,139580
8920,80,8848,139528,139608
1821,80,8974,139482,139562
8944,80,8988,139548,139628
7708,80,9107,139509,139589
4308,80,9306,139390,139470
1503,80,9347,139429,139509
8090,80,9347,139509,139589
3550,80,9468,139468,139548
9258,80,9495,139521,139601
6521,80,9509,139587,139667
9353,80,9543,139633,139713
8615,80,9606,139650,139730
6059,80,9776,139560,139640
6244,80,9810,139606,139686
3429,80,9822,139674,139754
726,129,311,149216,149345
971,129,902,148705,148834
410,129,946,148741,148870
9735,81,8016,141800,141881
1926,81,8055,141842,141923
9641,81,8085,141893,141974
6783,81,8098,141961,142042
2709,81,8103,142037,142118
8864,81,8114,142107,142188
4197,81,8217,142085,142166
6103,81,8660,141723,141804
4746,81,8665,141799,141880
8156,81,8670,141875,141956
9733,81,8699,141927,142008
3315,81,8708,141999,142080
6604,81,8823,141965,142046
5446,81,8859,142010,142091
6257,81,8876,142074,142155
3113,81,8883,142148,142229
7526,81,9013,142099,142180
5298,81,9022,142171,142252
4141,81,9089,142185,142266
6804,81,9173,142182,142263
2336,81,9191,142245,142326
3445,81,9209,142308,142389
2843,81,9297,142301,142382
9357,81,9353,142326,142407
1477,81,9363,142397,142478
6898,81,9479,142362,142443
6751,81,9550,142372,142453
1946,81,9617,142386,142467
6889,81,9622,142462,142543
4638,81,9689,142476,142557
2223,81,9867,142379,142460
4836,81,9872,142455,142536
7687,81,9908,142500,142581
8436,81,9981,142508,142589
1707,81,9996,142574,142655
623,130,63,152539,152669
674,130,280,152403,152533
534,130,708,152056,152186
343,130,797,152048,152178
874,130,871,152055,152185
9868,82,8023,145033,145115
6381,82,8109,145029,145111
5793,82,8118,145102,145184
4744,82,8191,145111,145193
8494,82,8254,145130,145212
7013,82,8282,145184,145266
9521,82,8376,145172,145254
4267,82,8407,145223,145305
6698,82,8438,145274,145356
4316,82,8469,145325,145407
8247,82,8471,145405,145487
3662,82,8494,145464,145546
8538,82,8655,145385,145467
2265,82,8689,145433,145515
8613,82,8718,145486,145568
5570,82,8764,145522,145604
3645,82,8766,145602,145684
9647,82,8839,145611,145693
1493,82,8918,145614,145696
3240,82,9076,145538,145620
6829,82,9168,145528,145610
9166,82,9219,145559,145641
6284,82,9271,145589,145671
1599,82,9376,145566,145648
6458,82,9638,145386,145468
5407,82,9882,145224,145306
8071,83,8021,147167,147250
9419,83,8053,147218,147301
9928,83,8087,147267,147350
7418,83,8135,147302,147385
9719,83,8139,147381,147464
5795,83,8178,147425,147508
6141,83,8190,147496,147579
9890,83,8263,147506,147589
1384,83,8425,147427,147510
4911,83,8473,147462,147545
4825,83,8515,147503,147586
5559,83,8579,147522,147605
2292,83,8584,147600,147683
1373,83,8588,147679,147762
5808,83,8754,147596,147679
8114,83,8916,147517,147600
5202,83,9007,147509,147592
7431,83,9042,147557,147640
2580,83,9076,147606,147689
5316,83,9218,147547,147630
1178,83,9381,147467,147550
6233,83,9448,147483,147566
1834,83,9601,147413,147496
8846,83,9687,147410,147493
7937,83,9800,147380,147463
629,132,135,157079,157211
367,132,254,157043,157175
289,132,949,156431,156563
9349,84,8012,149500,149584
6174,84,8028,149568,149652
2520,84,8115,149565,149649
5269,84,8154,149610,149694
4099,84,8219,149629,149713
2553,84,8239,149693,149777
2476,84,8242,149774,149858
3148,84,8244,149856,149940
7567,84,8330,149854,149938
9703,84,8363,149905,149989
7350,84,8385,149967,150051
4440,84,8484,149952,150036
8742,84,8539,149981,150065
4193,84,8576,150028,150112
5762,84,8599,150089,150173
8250,84,8628,150144,150228
8146,84,8791,150065,150149
1330,84,8820,150120,150204
8940,84,8929,150095,150179
4740,84,9000,150108,150192
4601,84,9017,150175,150259
3176,84,9129,150147,150231
9051,84,9184,150176,150260
8054,84,9242,150202,150286
8836,84,9309,150219,150303
1958,84,9325,150287,150371
3538,84,9361,150335,150419
1616,84,9425,150355,150439
2723,84,9556,150308,150392
4494,84,9630,150318,150402
5560,84,9671,150361,150445
9699,84,9738,150378,150462
3809,84,9783,150417,150501
5698,84,9824,150460,150544
2304,84,9832,150536,150620
552,133,227,160176,160309
417,133,239,160248,160381
817,133,277,160294,160427
790,133,334,160321,160454
244,133,453,160286,160419
776,133,863,159960,160093
120,133,882,160025,160158
5991,85,8096,152944,153029
5009,85,8098,153027,153112
6037,85,8193,153017,153102
1700,85,8239,153056,153141
6855,85,8350,153030,153115
6846,85,8506,152959,153044
3505,85,8602,152948,153033
1360,85,8624,153011,153096
4164,85,8634,153086,153171
6163,85,8924,152881,152966
8033,85,8961,152929,153014
5196,85,8980,152995,153080
3034,85,9359,152701,152786
7308,85,9601,152544,152629
5931,85,9654,152576,152661
8059,85,9674,152641,152726
8350,85,9749,152651,152736
6021,85,9930,152555,152640
9838,85,9951,152619,152704
4254,85,9965,152690,152775
351,134,263,162428,162562
580,134,476,162300,162434
627,134,492,162369,162503
243,134,597,162349,162483
752,134,686,162345,162479
378,134,727,162389,162523
878,134,730,162471,162605
978,134,785,162501,162635
740,134,839,162532,162666
110,183,52,163355,163538
5108,86,8046,155544,155630
5197,86,8136,155540,155626
1896,86,8190,155572,155658
5500,86,8268,155580,155666
3443,86,8291,155643,155729
6009,86,8296,155724,155810
5409,86,8304,155802,155888
6033,86,8308,155884,155970
1382,86,8333,155945,156031
1066,86,8345,156019,156105
1481,86,8354,156096,156182
3469,86,8393,156143,156229
5246,86,8420,156202,156288
3140,86,8461,156247,156333
8463,86,8714,156080,156166
8094,86,8861,156019,156105
4145,86,9051,155915,156001
3439,86,9058,155994,156080
2229,86,9262,155876,155962
8828,86,9275,155949,156035
3366,86,9282,156028,156114
1711,86,9308,156088,156174
9706,86,9345,156137,156223
3355,86,9744,155824,155910
5647,86,9814,155840,155926
8875,86,9841,155899,155985
4142,86,9923,155903,155989
947,135,142,165721,165856
634,135,164,165785,165920
135,135,354,165681,165816
891,135,563,165558,165693
532,135,568,165639,165774
161,135,964,165329,165464
4367,87,8076,158352,158439
2802,87,8158,158357,158444
2951,87,8213,158389,158476
7608,87,8290,158399,158486
1939,87,8318,158458,158545
5587,87,8328,158535,158622
5417,87,8390,158560,158647
6196,87,8397,158640,158727
2061,87,8439,158685,158772
4654,87,8476,158735,158822
3607,87,8507,158791,158878
4265,87,8512,158873,158960
8396,87,8567,158905,158992
9114,87,8636,158923,159010
8100,87,8680,158966,159053
2533,87,8884,158849,158936
3732,87,8886,158934,159021
3647,87,8899,159008,159095
5005,87,8902,159092,159179
3139,87,8917,159164,159251
6206,87,9051,159117,159204
2956,87,9177,159078,159165
9625,87,9333,159009,159096
2386,87,9361,159068,159155
4856,87,9398,159118,159205
6241,87,9422,159181,159268
7662,87,9506,159184,159271
6225,87,9520,159257,159344
1008,87,9557,159307,159394
1533,87,9665,159286,159373
8909,87,9668,159370,159457
6938,87,9676,159449,159536
3359,87,9698,159514,159601
5479,87,9829,159470,159557
8499,87,9838,159548,159635
5949,87,9840,159633,159720
5662,87,9902,159658,159745
3475,87,9906,159741,159828
5925,87,9945,159789,159876
3542,87,9976,159845,159932
952,136,193,169666,169802
9064,88,8012,161983,162071
1053,88,8070,162013,162101
1302,88,8088,162083,162171
6495,88,8115,162144,162232
9726,88,8177,162170,162258
6780,88,8232,162203,162291
5550,88,8434,162089,162177
5358,88,8467,162144,162232
6762,88,8489,162210,162298
1173,88,8707,162080,162168
7533,88,8772,162103,162191
1075,88,8899,162064,162152
6811,88,8906,162145,162233
5379,88,8932,162207,162295
3617,88,8991,162236,162324
8890,88,9058,162257,162345
6809,88,9097,162306,162394
4061,88,9107,162384,162472
7764,88,9126,162453,162541
9095,88,9126,162541,162629
3548,88,9186,162569,162657
2684,88,9318,162525,162613
9973,88,9342,162589,162677
9276,88,9491,162528,162616
1985,88,9612,162495,162583
1719,88,9676,162519,162607
4377,88,9730,162553,162641
6324,88,9851,162520,162608
9794,88,9878,162581,162669
1361,88,9897,162650,162738
6978,88,9954,162681,162769
786,137,170,172504,172641
795,137,534,172228,172365
257,137,745,172105,172242
123,137,999,171939,172076
5052,89,8042,165033,165122
8319,89,8153,165011,165100
2950,89,8442,164811,164900
7571,89,8572,164770,164859
2773,89,8612,164819,164908
2190,89,8680,164840,164929
5432,89,8709,164900,164989
6080,89,8927,164771,164860
8752,89,8940,164847,164936
8134,89,8949,164927,165016
2865,89,8955,165010,165099
5239,89,9054,165000,165089
9653,89,9119,165024,165113
7026,89,9253,164979,165068
8923,89,9300,165021,165110
7771,89,9333,165077,165166
4967,89,9379,165120,165209
9589,89,9458,165130,165219
4180,89,9568,165109,165198
4790,89,9589,165177,165266
1741,89,9596,165259,165348
7875,89,9623,165321,165410
1288,89,9767,165266,165355
4296,89,9864,165258,165347
9107,89,9890,165321,165410
5019,89,9994,165306,165395
149,138,290,175050,175188
974,138,702,174727,174865
2833,90,8173,167394,167484
7012,90,8189,167468,167558
6231,90,8254,167493,167583
4877,90,8410,167427,167517
8904,90,8525,167402,167492
1329,90,8584,167433,167523
5070,90,8782,167325,167415
7137,90,8783,167414,167504
3725,90,8786,167501,167591
4020,90,8870,167507,167597
9124,90,8962,167505,167595
3930,90,8982,167575,167665
2611,90,9079,167568,167658
1016,90,9161,167576,167666
2402,90,9295,167532,167622
3265,90,9339,167578,167668
9385,90,9653,167354,167444
2582,90,9666,167431,167521
3686,90,9693,167494,167584
1528,90,9831,167446,167536
2090,90,9888,167479,167569
7797,90,9945,167512,167602
2987,91,8022,169525,169616
4167,91,8094,169544,169635
4394,91,8115,169614,169705
1794,91,8291,169529,169620
2792,91,8343,169568,169659
7190,91,8344,169658,169749
1595,91,8366,169727,169818
7739,91,8491,169693,169784
8155,91,8515,169760,169851
5745,91,8562,169804,169895
6957,91,8571,169886,169977
5130,91,8656,169892,169983
8873,91,8876,169763,169854
1960,91,8893,169837,169928
3793,91,8910,169911,170002
9752,91,8961,169951,170042
7562,91,9033,169970,170061
7208,91,9072,170022,170113
7982,91,9085,170100,170191
7729,91,9125,170151,170242
1556,91,9215,170152,170243
8212,91,9426,170032,170123
4648,91,9451,170098,170189
3446,91,9554,170086,170177
9540,91,9557,170174,170265
6094,91,9633,170189,170280
4896,91,9872,170041,170132
4993,91,9976,170028,170119
3744,91,9995,170100,170191
960,140,630,179507,179647
582,140,945,179283,179423
2286,92,8068,172300,172392
2733,92,8184,172276,172368
6837,92,8190,172362,172454
6144,92,8294,172350,172442
8617,92,8414,172322,172414
2700,92,8550,172278,172370
2373,92,8633,172287,172379
5978,92,8760,172252,172344
7892,92,8835,172269,172361
3261,92,8843,172353,172445
4487,92,8917,172371,172463
2821,92,8966,172414,172506
5623,92,9112,172360,172452
4863,92,9232,172332,172424
3993,92,9336,172320,172412
4764,92,9340,172408,172500
8467,92,9420,172420,172512
1185,92,9507,172425,172517
7926,92,9757,172267,172359
5728,92,9837,172279,172371
545,141,377,181782,181923
4213,93,8093,174207,174300
7391,93,8115,174278,174371
2926,93,8128,174358,174451
3428,93,8168,174411,174504
4884,93,8228,174444,174537
3803,93,8292,174473,174566
4569,93,8302,174556,174649
5114,93,8357,174594,174687
8663,93,8360,174684,174777
2149,93,8419,174718,174811
4926,93,8477,174753,174846
7707,93,8483,174840,174933
1177,93,8573,174843,174936
2056,93,8590,174919,175012
1086,93,8658,174944,175037
8878,93,8659,175036,175129
6633,93,8678,175110,175203
9303,93,8813,175068,175161
1555,93,8921,175053,175146
2981,93,8981,175086,175179
3565,93,9047,175113,175206
9789,93,9109,175144,175237
3937,93,9131,175215,175308
9610,93,9142,175297,175390
7774,93,9146,175386,175479
7678,93,9185,175440,175533
3151,93,9438,175280,175373
7143,93,9487,175324,175417
1119,93,9543,175361,175454
2766,93,9564,175433,175526
5700,93,9576,175514,175607
4903,93,9724,175459,175552
5600,93,9749,175527,175620
7303,93,9752,175617,175710
6983,93,9829,175633,175726
271,142,188,185318,185460
131,142,645,184954,185096
660,142,810,184882,185024
899,191,58,185678,185869
7359,94,8011,177916,178010
6868,94,8088,177933,178027
8014,94,8209,177906,178000
9821,94,8226,177983,178077
9374,94,8308,177995,178089
9523,94,8343,178054,178148
1067,94,8356,178135,178229
7553,94,8429,178156,178250
4702,94,8450,178229,178323
1898,94,8480,178293,178387
6624,94,8492,178375,178469
5159,94,8510,178451,178545
1796,94,8535,178520,178614
3023,94,8539,178610,178704
3356,94,8569,178674,178768
6867,94,8652,178685,178779
1892,94,8731,178700,178794
1480,94,8751,178774,178868
6740,94,8751,178868,178962
4696,94,8767,178946,179040
6704,94,8778,179029,179123
8217,94,8785,179116,179210
8414,94,9020,178975,179069
6077,94,9054,179035,179129
3266,94,9236,178947,179041
7863,94,9274,179003,179097
9339,94,9368,179003,179097
9987,94,9372,179093,179187
3274,94,9423,179136,179230
9259,94,9473,179180,179274
7015,94,9513,179234,179328
4001,94,9542,179299,179393
2551,94,9551,179384,179478
8338,94,9573,179456,179550
8733,94,9666,179457,179551
6803,94,9774,179443,179537
4328,94,9844,179467,179561
9364,94,9981,179424,179518
7989,94,9990,179509,179603
121,143,72,189472,189615
670,143,577,189061,189204
507,143,654,189078,189221
458,143,716,189110,189253
7531,95,8004,181965,182060
3701,95,8086,181978,182073
9214,95,8119,182040,182135
8314,95,8167,182087,182182
7602,95,8227,182122,182217
3041,95,8295,182149,182244
1566,95,8396,182143,182238
3781,95,8466,182168,182263
2651,95,8492,182237,182332
5312,95,8537,182287,182382
9391,95,8600,182319,182414
4886,95,8636,182378,182473
9561,95,8676,182433,182528
3900,95,8769,182435,182530
2848,95,8782,182517,182612
2324,95,8799,182595,182690
8937,95,8820,182669,182764
3311,95,8838,182746,182841
7118,95,8881,182798,182893
8461,95,8891,182883,182978
6443,95,8989,182880,182975
2481,95,9093,182871,182966
7367,95,9198,182861,182956
2412,95,9441,182713,182808
8353,95,9441,182808,182903
6063,95,9521,182823,182918
5357,95,9550,182889,182984
1093,95,9554,182980,183075
1085,95,9702,182927,183022
5924,95,9714,183010,183105
4351,95,9798,183021,183116
8623,95,9811,183103,183198
8321,95,9830,183179,183274
6248,95,9835,183269,183364
7828,95,9843,183356,183451
4958,95,9946,183348,183443
8381,95,9964,183425,183520
2814,95,9979,183505,183600
1109,95,9999,183580,183675
473,144,409,193216,193360
4338,96,8073,185696,185792
8767,96,8073,185792,185888
9528,96,8229,185732,185828
5143,96,8271,185786,185882
7945,96,8329,185824,185920
5232,96,8413,185836,185932
2592,96,8429,185916,186012
9338,96,8436,186005,186101
5642,96,8491,186046,186142
1150,96,8501,186132,186228
7182,96,8537,186192,186288
7411,96,8561,186264,186360
5923,96,8562,186359,186455
1911,96,8574,186443,186539
7821,96,8578,186535,186631
7257,96,8606,186603,186699
7065,96,8667,186638,186734
3236,96,8750,186651,186747
2581,96,8829,186668,186764
3509,96,8879,186714,186810
5360,96,8904,186785,186881
4962,96,8950,186835,186931
9076,96,8983,186898,186994
4822,96,9013,186964,187060
8973,96,9182,186891,186987
2894,96,9236,186933,187029
4802,96,9487,186778,186874
6207,96,9666,186695,186791
7609,96,9731,186726,186822
5601,96,9844,186709,186805
7736,96,9867,186782,186878
9667,96,9952,186793,186889
365,145,382,196410,196555
553,145,407,196481,196626
706,145,430,196554,196699
737,145,742,196338,196483
575,145,795,196381,196526
6931,97,8059,189262,189359
3536,97,8107,189311,189408
5988,97,8133,189382,189479
8393,97,8181,189431,189528
6185,97,8412,189297,189394
5878,97,8462,189344,189441
4466,97,8871,189032,189129
8550,97,8884,189116,189213
1938,97,8916,189181,189278
2400,97,9011,189183,189280
6042,97,9038,189253,189350
6065,97,9102,189286,189383
9330,97,9127,189358,189455
9447,97,9208,189374,189471
6067,97,9229,189450,189547
8232,97,9307,189469,189566
1968,97,9420,189453,189550
3033,97,9686,189284,189381
2725,97,9738,189329,189426
7618,97,9769,189395,189492
5137,97,9797,189464,189561
562,146,117,199192,199338
718,146,254,199152,199298
109,146,410,199093,199239
142,146,523,199077,199223
867,146,603,199094,199240
158,146,742,199052,199198
913,146,911,198980,199126
2063,98,8065,191972,192070
2810,98,8142,191993,192091
9188,98,8215,192018,192116
5914,98,8249,192082,192180
8045,98,8250,192179,192277
9433,98,8259,192268,192366
1453,98,8272,192353,192451
3007,98,8306,192417,192515
9438,98,8398,192423,192521
6045,98,8536,192383,192481
7274,98,8579,192438,192536
9602,98,8662,192453,192551
7201,98,8668,192545,192643
1291,98,8731,192580,192678
4904,98,8805,192604,192702
8969,98,8816,192691,192789
3384,98,8822,192783,192881
3050,98,9032,192671,192769
7297,98,9036,192765,192863
9192,98,9076,192823,192921
2393,98,9186,192811,192909
6894,98,9255,192840,192938
1789,98,9279,192914,193012
8677,98,9309,192982,193080
4717,98,9517,192872,192970
5916,98,9529,192958,193056
1849,98,9588,192997,193095
9361,98,9607,193076,193174
8151,98,9649,193132,193230
8001,98,9688,193191,193289
8870,98,9704,193273,193371
9016,98,9751,193324,193422
8345,98,9763,193410,193508
6466,98,9809,193462,193560
8862,98,9812,193557,193655
2868,98,9864,193603,193701
9318,98,9891,193674,193772
9152,98,9923,193740,193838
9284,98,9966,193795,193893
676,147,677,203133,203280
754,147,849,203059,203206
6047,99,8233,511774,511873
2050,99,8414,511643,511742
2025,99,8456,511651,511750
7636,99,8502,511655,511754
7250,99,8531,511676,511775
3061,99,8578,511679,511778
7660,99,8634,511673,511772
8199,99,8642,511715,511814
3654,99,8707,511700,511799
3966,99,8952,511505,511604
7051,99,8997,511510,511609
5965,99,9019,511538,511637
5900,99,9091,511516,511615
9301,99,9185,511472,511571
9122,99,9194,511513,511612
5066,99,9367,511390,511489
3504,99,9454,511353,511452
7751,99,9469,511388,511487
4238,99,9509,511398,511497
6054,99,9546,511411,511510
6970,99,9645,511362,511461
4872,99,9812,511245,511344
3854,99,9938,511169,511268
7616,99,9999,511158,511257
424,148,85,521073,521221
262,148,346,520862,521010
827,148,430,520828,520976
9660,100,8048,513309,513409
5299,100,8093,513315,513415
8670,100,8247,513212,513312
4984,100,8270,513240,513340
3896,100,8478,513083,513183
8375,100,8567,513045,513145
1225,100,8642,513021,513121
5477,100,8700,513014,513114
2984,100,8766,512999,513099
6157,100,8838,512978,513078
9945,100,8849,513018,513118
7969,100,8865,513053,513153
4325,100,8867,513102,513202
1074,100,8963,513057,513157
8448,100,9166,512905,513005
5399,100,9400,512722,512822
4341,100,9614,512559,512659
3784,100,9668,512556,512656
3969,100,9689,512586,512686
9344,100,9695,512631,512731
2612,100,9707,512670,512770
6865,100,9745,512683,512783
9682,100,9773,512706,512806
4595,100,9776,512754,512854
5731,100,9783,512798,512898
1142,100,9832,512800,512900
1120,100,9921,512762,512862
7273,100,9984,512750,512850
601,149,270,522466,522615
958,149,330,522457,522606
944,149,722,522116,522265
383,149,770,522119,522268
2675,101,8057,514932,515033
1035,101,8115,514926,515027
7464,101,8131,514962,515063
4073,101,8172,514973,515074
4476,101,8202,514995,515096
6022,101,8324,514925,515026
8599,101,8346,514955,515056
6689,101,8781,514572,514673
7670,101,8821,514584,514685
2676,101,8921,514536,514637
9811,101,9054,514455,514556
6551,101,9081,514480,514581
3674,101,9120,514493,514594
1325,101,9153,514512,514613
2669,101,9317,514400,514501
1746,101,9329,514440,514541
1465,101,9420,514401,514502
6524,101,9475,514398,514499
4489,101,9647,514278,514379
6408,101,9652,514325,514426
7427,101,9665,514364,514465
6457,101,9674,514407,514508
6224,101,9905,514228,514329
4616,101,9936,514249,514350
595,150,154,524034,524184
908,150,221,524019,524169
428,150,689,523603,523753
819,150,895,523449,523599
2257,102,8040,516405,516507
9029,102,8044,516454,516556
8075,102,8156,516395,516497
1780,102,8222,516382,516484
8434,102,8253,516404,516506
4114,102,8285,516425,516527
4211,102,8345,516418,516520
4384,102,8357,516459,516561
9864,102,8368,516501,516603
2306,102,8460,516462,516564
6887,102,8460,516515,516617
2163,102,8497,516531,516633
1397,102,8598,516483,516585
2051,102,8698,516436,516538
9341,102,8758,516429,516531
2610,102,8830,516410,516512
2472,102,8857,516436,516538
4996,102,8888,516458,516560
5549,102,8953,516446,516548
2668,102,9202,516250,516352
5101,102,9232,516273,516375
3858,102,9236,516322,516424
5611,102,9456,516155,516257
9709,102,9472,516192,516294
9547,102,9480,516237,516339
9519,102,9482,516288,516390
4212,102,9518,516305,516407
8822,102,9542,516334,516436
2253,102,9560,516369,516471
9102,102,9612,516370,516472
4282,102,9640,516395,516497
5922,102,9659,516429,516531
1522,102,9677,516464,516566
8335,102,9704,516490,516592
5836,102,9856,516391,516493
8380,102,9979,516321,516423
959,151,80,526224,526375
215,151,106,526251,526402
382,151,149,526261,526412
690,151,693,525770,525921
291,151,907,525609,525760
2653,103,8061,518557,518660
3291,103,8223,518449,518552
8563,103,8225,518501,518604
6183,103,8278,518502,518605
7809,103,8286,518548,518651
9090,103,8344,518544,518647
7841,103,8454,518488,518591
4442,103,8505,518491,518594
2979,103,8578,518472,518575
3622,103,8602,518502,518605
1434,103,8621,518537,518640
7312,103,8889,518323,518426
3919,103,8901,518365,518468
8235,103,9048,518272,518375
7170,103,9206,518168,518271
9094,103,9331,518097,518200
2504,103,9378,518104,518207
2934,103,9407,518129,518232
1226,103,9443,518147,518250
7889,103,9542,518102,518205
6830,103,9549,518149,518252
7745,103,9672,518080,518183
8645,103,9726,518080,518183
7929,103,9823,518037,518140
9169,103,9862,518052,518155
7433,103,9915,518053,518156
4630,103,9924,518098,518201
297,152,131,527896,528048
213,152,174,527907,528059
234,152,644,527491,527643
425,152,795,527394,527546
7149,104,8064,520228,520332
8587,104,8502,519845,519949
9425,104,8565,519837,519941
3653,104,8568,519889,519993
4096,104,8572,519940,520044
1160,104,8797,519770,519874
9244,104,8811,519811,519915
2241,104,8836,519841,519945
2301,104,8900,519832,519936
2915,104,8942,519845,519949
3277,104,9088,519754,519858
7396,104,9091,519806,519910
6487,104,9256,519696,519800
6666,104,9275,519732,519836
1279,104,9319,519743,519847
7110,104,9399,519718,519822
4386,104,9463,519709,519813
8202,104,9537,519690,519794
3276,104,9539,519743,519847
4033,104,9662,519675,519779
5198,104,9758,519634,519738
9889,104,9761,519686,519790
2432,104,9766,519736,519840
1865,104,9972,519585,519689
9999,104,9994,519618,519722
497,153,438,529180,529333
2593,105,8060,521662,521767
4841,105,8078,521700,521805
3225,105,8093,521741,521846
3083,105,8145,521745,521850
9949,105,8270,521676,521781
2896,105,8437,521565,521670
9161,105,8601,521457,521562
9828,105,8698,521416,521521
7011,105,8710,521460,521565
9402,105,8872,521354,521459
6373,105,9052,521230,521335
9282,105,9098,521240,521345
4143,105,9208,521186,521291
1304,105,9291,521159,521264
9261,105,9296,521210,521315
9125,105,9304,521258,521363
3546,105,9443,521175,521280
8533,105,9517,521157,521262
7328,105,9571,521159,521264
8264,105,9656,521130,521235
1521,105,9736,521106,521211
2161,105,9890,521008,521113
4712,105,9921,521033,521138
8133,106,8085,522925,523031
7490,106,8091,522976,523082
5314,106,8335,522789,522895
7318,106,8579,522602,522708
8307,106,8663,522575,522681
2221,106,8707,522588,522694
6948,106,8770,522582,522688
1349,106,8771,522638,522744
6699,106,8801,522665,522771
2608,106,8833,522690,522796
1475,106,8839,522741,522847
7072,106,8845,522792,522898
7247,106,9000,522694,522800
3914,106,9112,522639,522745
2817,106,9185,522623,522729
7597,106,9464,522401,522507
3295,106,9514,522408,522514
1644,106,9550,522429,522535
1879,106,9623,522413,522519
7754,106,9628,522465,522571
4805,106,9664,522486,522592
9486,106,9710,522497,522603
3409,106,9712,522552,522658
2268,106,9722,522599,522705
6277,106,9722,522656,522762
6153,106,9723,522712,522818
3358,106,9786,522706,522812
8702,106,9832,522717,522823
6379,106,9859,522747,522853
7199,106,9953,522710,522816
3099,106,9979,522741,522847
637,155,368,532360,532515
107,155,459,532326,532481
240,155,966,531876,532031
8276,107,8048,524900,525007
8294,107,8185,524821,524928
5045,107,8191,524873,524980
5911,107,8438,524684,524791
1859,107,8495,524685,524792
6086,107,8533,524705,524812
9227,107,8573,524723,524830
8950,107,8750,524604,524711
1582,107,8810,524602,524709
5843,107,8877,524593,524700
3071,107,9041,524487,524594
3717,107,9065,524521,524628
6255,107,9161,524483,524590
6570,107,9186,524516,524623
4406,107,9196,524564,524671
9150,107,9198,524620,524727
7669,107,9206,524670,524777
5349,107,9293,524641,524748
5205,107,9346,524646,524753
7912,107,9349,524701,524808
1846,107,9392,524716,524823
1715,107,9514,524652,524759
5354,107,9639,524585,524692
8598,107,9658,524624,524731
268,156,165,534126,534282
160,156,924,533425,533581
8714,108,8022,526434,526542
2436,108,8038,526477,526585
6949,108,8202,526372,526480
8781,108,8294,526339,526447
8503,108,8446,526246,526354
9822,108,8485,526266,526374
1196,108,8500,526310,526418
8790,108,8580,526289,526397
8213,108,8667,526261,526369
1712,108,8902,526085,526193
5775,108,8916,526130,526238
3664,108,8919,526186,526294
7860,108,8993,526171,526279
8678,108,9028,526195,526303
4535,108,9077,526205,526313
1148,108,9091,526250,526358
9857,108,9142,526258,526366
4407,108,9151,526308,526416
9594,108,9273,526245,526353
9337,108,9363,526214,526322
4119,108,9386,526250,526358
5947,108,9472,526223,526331
8504,108,9574,526180,526288
4225,108,9590,526223,526331
9914,108,9684,526188,526296
7163,108,9732,526199,526307
9430,108,9921,526069,526177
6043,108,9941,526108,526216
4639,108,9946,526162,526270
1922,108,9994,526173,526281
478,157,601,535576,535733
969,157,684,535552,535709
415,157,871,535424,535581
3834,109,8004,528399,528508
2397,109,8021,528442,528551
6739,109,8194,528329,528438
6190,109,8400,528183,528292
1837,109,8435,528208,528317
5289,109,8568,528135,528244
5937,109,8692,528071,528180
2107,109,8698,528125,528234
6823,109,8721,528162,528271
5552,109,8737,528206,528315
8012,109,8786,528217,528326
2969,109,8814,528249,528358
8576,109,8866,528257,528366
9380,109,8916,528267,528376
9304,109,8953,528290,528399
7100,109,9090,528213,528322
4732,109,9111,528252,528361
8440,109,9202,528221,528330
4504,109,9216,528267,528376
3507,109,9283,528260,528369
5257,109,9394,528209,528318
1219,109,9435,528228,528337
7062,109,9569,528154,528263
6216,109,9575,528208,528317
3009,109,9590,528253,528362
8899,109,9630,528273,528382
5248,109,9739,528224,528333
9335,109,9766,528257,528366
6637,109,9800,528283,528392
8661,109,9810,528333,528442
6864,109,9822,528381,528490
9774,109,9880,528383,528492
5892,109,9965,528358,528467
883,158,414,537920,538078
9959,110,8427,530016,530126
1748,110,8442,530062,530172
5893,110,8666,529899,530009
9082,110,8666,529960,530070
2920,110,8774,529913,530023
4834,110,9029,529719,529829
5212,110,9205,529604,529714
4402,110,9271,529599,529709
5301,110,9314,529617,529727
7704,110,9322,529670,529780
5204,110,9505,529548,529658
3444,110,9565,529549,529659
6355,110,9614,529561,529671
3828,110,9619,529617,529727
4924,110,9636,529661,529771
1953,110,9686,529672,529782
3219,110,9812,529607,529717
8886,110,9839,529641,529751
2153,110,9915,529626,529736
642,159,277,539276,539435
838,159,464,539150,539309
249,159,557,539118,539277
906,159,788,538948,539107
5903,111,8013,531833,531944
9356,111,8053,531855,531966
9809,111,8069,531901,532012
4830,111,8116,531916,532027
3835,111,8127,531967,532078
8487,111,8140,532016,532127
1731,111,8266,531952,532063
8819,111,8314,531966,532077
8967,111,8343,531999,532110
6405,111,8468,531936,532047
5579,111,8583,531883,531994
7095,111,8590,531938,532049
3816,111,8591,531999,532110
5040,111,8615,532037,532148
5939,111,8680,532034,532145
2128,111,8714,532062,532173
5201,111,8715,532123,532234
8928,111,8838,532062,532173
2577,111,8926,532036,532147
3650,111,9002,532022,532133
1815,111,9018,532068,532179
9466,111,9081,532067,532178
5515,111,9171,532039,532150
9673,111,9235,532037,532148
5804,111,9350,531984,532095
9552,111,9380,532016,532127
9358,111,9396,532062,532173
6758,111,9458,532062,532173
6450,111,9472,532110,532221
5267,111,9529,532115,532226
2555,111,9871,531835,531946
4436,111,9901,531867,531978
274,160,90,541691,541851
635,160,239,541604,541764
305,160,251,541654,541814
176,160,376,541591,541751
8746,112,8024,534054,534166
5813,112,8031,534110,534222
6387,112,8196,534008,534120
3665,112,8272,533995,534107
5419,112,8422,533908,534020
7909,112,8442,533951,534063
5735,112,8460,533996,534108
2206,112,8470,534049,534161
9047,112,8600,533982,534094
9815,112,8709,533936,534048
4327,112,8778,533930,534042
7070,112,8838,533933,534045
5094,112,8858,533976,534088
4216,112,8877,534020,534132
5886,112,8937,534023,534135
1039,112,8959,534064,534176
6687,112,9013,534073,534185
3496,112,9131,534018,534130
9536,112,9194,534018,534130
8797,112,9215,534060,534172
6761,112,9402,533936,534048
9585,112,9425,533976,534088
3515,112,9450,534014,534126
7079,112,9496,534031,534143
8607,112,9622,533968,534080
1354,112,9728,533925,534037
7484,112,9841,533875,533987
713,161,133,543597,543758
732,161,257,543536,543697
141,161,438,543418,543579
9313,113,8107,535861,535974
2018,113,8130,535902,536015
2320,113,8155,535941,536054
7749,113,8266,535894,536007
1993,113,8281,535943,536056
2559,113,8338,535950,536063
3270,113,8343,536009,536122
5233,113,8376,536040,536153
9713,113,8376,536104,536217
2251,113,8468,536076,536189
7843,113,8509,536099,536212
6349,113,8528,536144,536257
1440,113,8575,536161,536274
5014,113,8576,536224,536337
1795,113,8677,536187,536300
9900,113,8689,536239,536352
6334,113,8694,536298,536411
2933,113,8734,536322,536435
5229,113,8744,536376,536489
6062,113,8771,536413,536526
8660,113,8911,536337,536450
3278,113,8923,536389,536502
6832,113,8959,536417,536530
2521,113,8976,536464,536577
9640,113,9033,536471,536584
7974,113,9085,536483,536596
6145,113,9104,536528,536641
3360,113,9176,536520,536633
5834,113,9323,536437,536550
8324,113,9405,536419,536532
9348,113,9476,536412,536525
7472,113,9478,536474,536587
4735,113,9576,536440,536553
3201,113,9790,536290,536403
8608,113,9821,536323,536436
7216,113,9838,536370,536483
2882,113,9922,536350,536463
9137,113,9979,536357,536470
996,162,225,546126,546288
592,162,587,545828,545990
393,162,797,545682,545844
825,162,957,545586,545748
4765,114,8125,538531,538645
7370,114,8213,538508,538622
7536,114,8267,538519,538633
6353,114,8421,538430,538544
5353,114,8484,538432,538546
2750,114,8530,538451,538565
3317,114,8595,538451,538565
3831,114,8658,538453,538567
3770,114,8707,538469,538583
7058,114,8762,538479,538593
3248,114,8938,538368,538482
1197,114,9110,538261,538375
8720,114,9136,538300,538414
1267,114,9187,538314,538428
3055,114,9191,538375,538489
4262,114,9291,538340,538454
5774,114,9432,538264,538378
7000,114,9465,538296,538410
2184,114,9510,538316,538430
5755,114,9652,538239,538353
4829,114,9817,538139,538253
7480,114,9885,538136,538250
758,163,125,547912,548075
661,163,449,547653,547816
828,163,654,547513,547676
697,163,974,547258,547421
7913,115,8063,540283,540398
4603,115,8080,540332,540447
4091,115,8185,540293,540408
6217,115,8194,540350,540465
7719,115,8250,540360,540475
7642,115,8345,540331,540446
7560,115,8355,540387,540502
6325,115,8592,540216,540331
3703,115,8710,540164,540279
2563,115,8716,540224,540339
9937,115,8792,540214,540329
1256,115,8819,540253,540368
3250,115,9109,540029,540144
9306,115,9183,540021,540136
6888,115,9248,540022,540137
5450,115,9280,540056,540171
4989,115,9304,540098,540213
4467,115,9319,540149,540264
3040,115,9452,540082,540197
1023,115,9596,540004,540119
5963,115,9640,540026,540141
4973,115,9986,539746,539861
787,164,103,549646,549810
308,164,140,549675,549839
301,164,290,549591,549755
239,164,699,549248,549412
560,164,718,549295,549459
1585,116,8052,542076,542192
3039,116,8057,542138,542254
2168,116,8058,542204,542320
4659,116,8134,542195,542311
2660,116,8207,542189,542305
2037,116,8217,542246,542362
9786,116,8257,542273,542389
3685,116,8327,542270,542386
6138,116,8464,542200,542316
9178,116,8465,542266,542382
4283,116,8475,542323,542439
3528,116,8637,542228,542344
9200,116,8654,542278,542394
2344,116,8760,542239,542355
5421,116,8772,542294,542410
9716,116,8789,542344,542460
6682,116,8807,542393,542509
7354,116,8958,542309,542425
3077,116,8988,542346,542462
6681,116,9093,542308,542424
7518,116,9094,542374,542490
8690,116,9149,542386,542502
4815,116,9218,542384,542500
1087,116,9224,542445,542561
9986,116,9265,542471,542587
2451,116,9449,542354,542470
3349,116,9469,542401,542517
4919,116,9607,542330,542446
5701,116,9617,542387,542503
7923,116,9695,542376,542492
1721,116,9717,542421,542537
175,165,208,551948,552113
223,165,350,551873,552038
419,165,620,551670,551835
1115,117,8036,544370,544487
3939,117,8127,544347,544464
2978,117,8135,544407,544524
1432,117,8164,544446,544563
7756,117,8167,544511,544628
2131,117,8189,544557,544674
7789,117,8321,544493,544610
9484,117,8544,544338,544455
9043,117,8595,544355,544472
1516,117,8618,544400,544517
4214,117,8645,544441,544558
5441,117,8720,544434,544551
9495,117,8914,544308,544425
9722,117,9040,544250,544367
7962,117,9230,544128,544245
8302,117,9422,544004,544121
4163,117,9479,544015,544132
3533,117,9482,544080,544197
2710,117,9684,543946,544063
1055,117,9836,543862,543979
4455,117,9876,543890,544007
6606,117,9982,543852,543969
587,166,243,553610,553776
719,166,454,553467,553633
792,166,478,553511,553677
724,166,516,553541,553707
963,166,730,553395,553561
235,166,742,553451,553617
7307,118,8216,546094,546212
4883,118,8227,546152,546270
5535,118,8236,546212,546330
3715,118,8259,546258,546376
2222,118,8403,546183,546301
1534,118,8407,546248,546366
5415,118,8454,546270,546388
9657,118,8482,546311,546429
7302,118,8508,546354,546472
3719,118,8544,546387,546505
5840,118,8647,546353,546471
8413,118,8676,546393,546511
8729,118,8691,546447,546565
9101,118,8698,546509,546627
8051,118,8761,546515,546633
7971,118,8953,546392,546510
5133,118,9012,546402,546520
5883,118,9048,546435,546553
7899,118,9074,546478,546596
1916,118,9102,546519,546637
7918,118,9176,546514,546632
3080,118,9224,546535,546653
1156,118,9231,546597,546715
1575,118,9295,546602,546720
2769,118,9469,546497,546615
1381,118,9550,546485,546603
8066,118,9735,546369,546487
10000,118,9752,546421,546539
6575,118,9886,546356,546474
6642,118,9924,546387,546505
9797,118,9938,546442,546560
4358,119,8276,548173,548292
3329,119,8331,548188,548307
5678,119,8356,548233,548352
1514,119,8362,548297,548416
3288,119,8396,548333,548452
5746,119,8446,548353,548472
1310,119,8616,548253,548372
3028,119,8617,548322,548441
7261,119,8647,548362,548481
8723,119,8709,548370,548489
3890,119,8794,548355,548474
7483,119,8811,548408,548527
6765,119,8979,548310,548429
6403,119,9012,548347,548466
9697,119,9158,548271,548390
6267,119,9338,548161,548280
2490,119,9607,547962,548081
3441,119,9611,548028,548147
8074,119,9650,548059,548178
3231,119,9652,548127,548246
9416,119,9693,548156,548275
1699,119,9843,548076,548195
394,168,296,557644,557812
791,168,622,557388,557556
655,168,760,557320,557488
6635,120,8027,550172,550292
4828,120,8105,550165,550285
2585,120,8150,550191,550311
8841,120,8241,550171,550291
3508,120,8452,550031,550151
4731,120,8490,550064,550184
5747,120,8538,550087,550207
7172,120,8564,550132,550252
7936,120,8717,550050,550170
2627,120,8760,550078,550198
9586,120,8776,550133,550253
9679,120,8847,550133,550253
9955,120,8855,550196,550316
2736,120,9085,550037,550157
2850,120,9138,550055,550175
9886,120,9166,550098,550218
2172,120,9267,550068,550188
7549,120,9333,550073,550193
8427,120,9435,550042,550162
9618,120,9444,550104,550224
1905,120,9479,550140,550260
4201,120,9540,550150,550270
6826,120,9690,550071,550191
8712,120,9705,550127,550247
2752,120,9728,550175,550295
9584,120,9767,550207,550327
6874,120,9954,550091,550211
146,169,320,559747,559916
355,169,709,559429,559598
743,169,757,559452,559621
191,169,870,559410,559579
5317,121,8110,552290,552411
1708,121,8123,552349,552470
1199,121,8257,552287,552408
3370,121,8269,552347,552468
5523,121,8376,552312,552433
9629,121,8471,552289,552410
5486,121,8533,552299,552420
9751,121,8679,552225,552346
7983,121,8759,552217,552338
8372,121,8810,552238,552359
4887,121,8838,552282,552403
8842,121,8946,552246,552367
5365,121,8955,552309,552430
1934,121,8980,552356,552477
8673,121,9011,552397,552518
8748,121,9053,552427,552548
1974,121,9118,552434,552555
2442,121,9125,552499,552620
6725,121,9161,552535,552656
7138,121,9215,552553,552674
7886,121,9341,552499,552620
7074,121,9389,552523,552644
7269,121,9458,552526,552647
9324,121,9539,552517,552638
1456,121,9565,552563,552684
9238,121,9616,552584,552705
7127,121,9641,552631,552752
8619,121,9695,552649,552770
9671,121,9790,552626,552747
3886,121,9942,552546,552667
9483,121,9993,552567,552688
870,170,361,562222,562392
506,170,713,561942,562112
228,170,971,561756,561926
5555,122,8195,554653,554775
1766,122,8243,554678,554800
7231,122,8265,554729,554851
3025,122,8320,554747,554869
7586,122,8459,554681,554803
7481,122,8465,554748,554870
2715,122,8491,554795,554917
4382,122,8537,554822,554944
4548,122,8546,554886,555008
6368,122,8714,554791,554913
1682,122,8774,554804,554926
6370,122,8875,554776,554898
1927,122,8908,554816,554938
4048,122,9061,554736,554858
2998,122,9113,554757,554879
2095,122,9139,554804,554926
9262,122,9250,554766,554888
6469,122,9263,554826,554948
2195,122,9327,554835,554957
9207,122,9394,554841,554963
3102,122,9411,554897,555019
8523,122,9504,554877,554999
4418,122,9545,554909,555031
2893,122,9565,554962,555084
5604,122,9577,555023,555145
6651,122,9606,555067,555189
8867,122,9616,555130,555252
6121,122,9682,555137,555259
6506,122,9711,555181,555303
3782,122,9736,555229,555351
4613,122,9758,555280,555402
3322,122,9798,555313,555435
2735,122,9923,555261,555383
8099,122,9964,555293,555415
2420,122,9993,555337,555459
803,171,684,564670,564841
721,171,856,564571,564742
4228,123,8007,557542,557665
3460,123,8101,557522,557645
8323,123,8188,557509,557632
3941,123,8413,557358,557481
5163,123,8428,557417,557540
2439,123,8461,557458,557581
8766,123,8482,557511,557634
4545,123,8529,557538,557661
7376,123,8634,557507,557630
9112,123,8646,557569,557692
6214,123,8721,557568,557691
7141,123,8906,557457,557580
3239,123,8980,557457,557580
7005,123,9050,557461,557584
7085,123,9062,557523,557646
2187,123,9117,557542,557665
9184,123,9203,557530,557653
8354,123,9246,557561,557684
5936,123,9254,557627,557750
1446,123,9264,557691,557814
4159,123,9287,557742,557865
8454,123,9387,557716,557839
9475,123,9413,557764,557887
6003,123,9567,557684,557807
1491,123,9596,557729,557852
5181,123,9616,557783,557906
1954,123,9672,557801,557924
7542,123,9706,557841,557964
6026,123,9725,557896,558019
4264,123,9757,557938,558061
2909,123,9767,558002,558125
8926,123,9846,557997,558120
708,172,375,567493,567665
528,172,649,567293,567465
928,172,658,567358,567530
143,172,917,567173,567345
2880,124,8161,560052,560176
6191,124,8316,559972,560096
6849,124,8351,560012,560136
5320,124,8403,560035,560159
3777,124,8515,559998,560122
2484,124,8574,560014,560138
1931,124,8591,560072,560196
6553,124,8725,560013,560137
8028,124,8904,559909,560033
7491,124,8911,559977,560101
3300,124,9113,559850,559974
8765,124,9197,559841,559965
5990,124,9261,559852,559976
8573,124,9394,559794,559918
9966,124,9420,559843,559967
3761,124,9480,559858,559982
1045,124,9528,559885,560009
3635,124,9668,559820,559944
8491,124,9687,559876,560000
4255,124,9784,559854,559978
5445,124,9938,559775,559899
386,173,272,569467,569640
345,173,990,568824,568997
6805,125,8051,561887,562012
5081,125,8102,561912,562037
1679,125,8147,561943,562068
4339,125,8186,561980,562105
9562,125,8226,562016,562141
7580,125,8340,561978,562103
4850,125,8474,561920,562045
7740,125,8578,561892,562017
9442,125,8607,561939,562064
8234,125,8612,562010,562135
1437,125,8656,562042,562167
4657,125,8662,562112,562237
9249,125,8662,562188,562313
7197,125,8715,562211,562336
5575,125,8772,562230,562355
4821,125,8790,562288,562413
6688,125,8818,562336,562461
5548,125,8878,562352,562477
2831,125,8883,562423,562548
1591,125,8903,562479,562604
2943,125,8979,562479,562604
1391,125,8983,562551,562676
3798,125,9002,562608,562733
2643,125,9016,562670,562795
7016,125,9094,562668,562793
1977,125,9101,562737,562862
8894,125,9106,562808,562933
5806,125,9141,562849,562974
1146,125,9146,562920,563045
4598,125,9257,562885,563010
2384,125,9290,562928,563053
6402,125,9486,562808,562933
3194,125,9525,562845,562970
4371,125,9560,562886,563011
1235,125,9598,562924,563049
1847,125,9600,562998,563123
685,174,613,572012,572186
799,174,957,571744,571918
9820,126,8132,564694,564820
6581,126,8223,564680,564806
2513,126,8243,564737,564863
8478,126,8246,564811,564937
8906,126,8268,564866,564992
2479,126,8280,564931,565057
6497,126,8291,564997,565123
2500,126,8316,565049,565175
9139,126,8327,565115,565241
7714,126,8489,565030,565156
9254,126,8510,565086,565212
2125,126,8552,565121,565247
4733,126,8695,565055,565181
3924,126,8712,565115,565241
3853,126,8717,565187,565313
7296,126,8842,565139,565265
2508,126,8882,565176,565302
1907,126,8895,565240,565366
2122,126,8906,565306,565432
8154,126,8915,565374,565500
3423,126,9003,565363,565489
7759,126,9007,565436,565562
6378,126,9022,565498,565624
3388,126,9035,565562,565688
7176,126,9087,565587,565713
6250,126,9092,565659,565785
2724,126,9212,565616,565742
4459,126,9223,565682,565808
1547,126,9230,565752,565878
8312,126,9582,565477,565603
3615,126,9722,565414,565540
5085,126,9788,565425,565551
1626,126,9813,565477,565603
6517,126,9906,565461,565587
7566,126,9908,565536,565662
7003,126,9962,565559,565685
871,175,195,575354,575529
337,175,842,574784,574959
561,175,897,574806,574981
617,175,994,574786,574961
8035,127,8108,567798,567925
2727,127,8150,567834,567961
1124,127,8180,567882,568009
7475,127,8183,567957,568084
7799,127,8298,567920,568047
2631,127,8303,567993,568120
3456,127,8615,567759,567886
2486,127,8637,567815,567942
2906,127,8716,567814,567941
8067,127,8819,567789,567916
3458,127,8908,567778,567905
3902,127,8916,567848,567975
2140,127,8943,567899,568026
7125,127,8990,567930,568057
3529,127,8998,568000,568127
3218,127,9002,568074,568201
5168,127,9041,568113,568240
4584,127,9141,568091,568218
5454,127,9166,568144,568271
6580,127,9192,568196,568323
4890,127,9284,568182,568309
5680,127,9308,568236,568363
9923,127,9556,568066,568193
2822,127,9876,567824,567951
7244,127,9883,567895,568022
704,176,554,577253,577429
6597,128,8023,569911,570039
5868,128,8031,569982,570110
7262,128,8135,569957,570085
3325,128,8260,569911,570039
3193,128,8310,569940,570068
1218,128,8413,569916,570044
6034,128,8460,569948,570076
9290,128,8519,569968,570096
3894,128,8532,570034,570162
7277,128,8843,569802,569930
9648,128,8925,569799,569927
4050,128,8975,569828,569956
2829,128,9020,569862,569990
6601,128,9034,569927,570055
3389,128,9074,569966,570094
1961,128,9139,569980,570108
6712,128,9242,569956,570084
8627,128,9419,569858,569986
3817,128,9433,569923,570051
9884,128,9467,569968,570096
6711,128,9494,570020,570148
6071,128,9573,570020,570148
7413,128,9649,570023,570151
4905,128,9742,570009,570137
1131,128,9970,569860,569988
2767,128,9986,569923,570051
876,177,472,579467,579644
662,177,523,579495,579672
683,177,711,579386,579563
187,177,969,579207,579384
8390,129,8111,572193,572322
8418,129,8190,572194,572323
4324,129,8296,572168,572297
8492,129,8357,572187,572316
5725,129,8434,572190,572319
3204,129,8530,572174,572303
1826,129,8536,572248,572377
2079,129,8555,572309,572438
4594,129,8617,572327,572456
2002,129,8755,572269,572398
6070,129,8761,572343,572472
1507,129,8780,572404,572533
9916,129,8818,572446,572575
2825,129,8826,572518,572647
5876,129,8899,572525,572654
2154,129,8900,572604,572733
3313,129,9004,572580,572709
6839,129,9013,572651,572780
3301,129,9134,572610,572739
8501,129,9148,572676,572805
6528,129,9165,572739,572868
2052,129,9343,572641,572770
2606,129,9406,572658,572787
6531,129,9408,572736,572865
9088,129,9426,572798,572927
6612,129,9458,572846,572975
5391,129,9637,572747,572876
6362,129,9686,572778,572907
4564,129,9717,572827,572956
4029,129,9791,572833,572962
5578,129,9845,572859,572988
9491,129,9925,572859,572988
951,178,952,581863,582041
261,178,959,581936,582114
9288,130,8139,574885,575015
6117,130,8155,574950,575080
9701,130,8177,575009,575139
8779,130,8184,575083,575213
8700,130,8598,574750,574880
1610,130,8795,574634,574764
3129,130,8796,574714,574844
4172,130,8815,574776,574906
6051,130,8938,574734,574864
1596,130,8944,574809,574939
8207,130,9034,574800,574930
5545,130,9163,574752,574882
9216,130,9182,574814,574944
1209,130,9213,574864,574994
8517,130,9281,574877,575007
8877,130,9610,574629,574759
1495,130,9647,574673,574803
5378,130,9760,574641,574771
6564,130,9773,574709,574839
5462,130,9777,574786,574916
2571,130,9862,574782,574912
9345,130,9899,574826,574956
3567,130,9922,574884,575014
3142,130,9952,574935,575065
1188,130,9997,574971,575101
439,179,195,584805,584984
461,179,298,584783,584962
488,179,593,584569,584748
3537,131,8117,577175,577306
3412,131,8188,577186,577317
6091,131,8257,577199,577330
9456,131,8271,577267,577398
6127,131,8362,577258,577389
3473,131,8375,577327,577458
2071,131,8411,577373,577504
2144,131,8437,577429,577560
3235,131,8536,577412,577543
5098,131,8667,577363,577494
5528,131,8901,577211,577342
2662,131,8959,577235,577366
3101,131,8988,577288,577419
6661,131,9030,577328,577459
5873,131,9148,577292,577423
2526,131,9211,577311,577442
4642,131,9243,577361,577492
1175,131,9247,577439,577570
7088,131,9267,577501,577632
3182,131,9312,577538,577669
5581,131,9326,577606,577737
1240,131,9373,577641,577772
4049,131,9407,577689,577820
4090,131,9526,577652,577783
8274,131,9581,577679,577810
2123,131,9666,577676,577807
6490,131,9729,577695,577826
4150,131,9824,577682,577813
7369,131,9830,577758,577889
8650,131,9919,577751,577882
5206,131,9947,577805,577936
209,180,183,587602,587782
779,180,184,587683,587863
633,180,353,587596,587776
484,180,698,587333,587513
3595,132,8091,580071,580203
2358,132,8125,580120,580252
8786,132,8295,580033,580165
2366,132,8312,580099,580231
1166,132,8313,580181,580313
9910,132,8331,580246,580378
3304,132,8345,580315,580447
7701,132,8355,580388,580520
3738,132,8367,580459,580591
2417,132,8392,580517,580649
7511,132,8511,580481,580613
6299,132,8611,580464,580596
2722,132,8727,580431,580563
7460,132,8859,580382,580514
5463,132,8881,580443,580575
6515,132,8943,580464,580596
9253,132,8983,580507,580639
2778,132,9042,580531,580663
1421,132,9068,580588,580720
3289,132,9302,580437,580569
3942,132,9318,580504,580636
2374,132,9344,580561,580693
8744,132,9503,580485,580617
8800,132,9503,580568,580700
2356,132,9687,580467,580599
2023,132,9719,580518,580650
5359,132,9741,580579,580711
2604,132,9814,580589,580721
8734,132,9841,580645,580777
9401,132,9862,580707,580839
6095,132,9988,580664,580796
889,181,149,590537,590718
993,181,623,590146,590327
8887,133,8002,582899,583032
9414,133,8192,582793,582926
3661,133,8302,582767,582900
5624,133,8365,582788,582921
7421,133,8377,582860,582993
1962,133,8624,582697,582830
5352,133,8782,582623,582756
7767,133,8815,582674,582807
6427,133,8946,582627,582760
8777,133,9044,582613,582746
3008,133,9081,582660,582793
5783,133,9086,582739,582872
9581,133,9237,582672,582805
4817,133,9276,582717,582850
1245,133,9322,582755,582888
2312,133,9358,582803,582936
9110,133,9429,582816,582949
8293,133,9433,582896,583029
8295,133,9595,582818,582951
3079,133,9912,582585,582718
5152,133,9994,582587,582720
133,182,540,592076,592258
4605,134,8003,584746,584880
4008,134,8098,584736,584870
2840,134,8367,584552,584686
5767,134,8420,584584,584718
4704,134,8501,584588,584722
8979,134,8510,584664,584798
3988,134,8557,584702,584836
7569,134,8608,584736,584870
5064,134,8797,584632,584766
3700,134,8834,584680,584814
3561,134,8961,584638,584772
1689,134,8996,584688,584822
1299,134,9005,584764,584898
9065,134,9028,584826,584960
6850,134,9072,584867,585001
2363,134,9182,584842,584976
3874,134,9291,584818,584952
5165,134,9307,584887,585021
4531,134,9523,584756,584890
8222,134,9524,584840,584974
2155,134,9663,584786,584920
2886,134,9777,584757,584891
7130,134,9809,584810,584944
3480,134,9839,584865,584999
2842,134,9924,584865,584999
3189,134,9975,584899,585033
546,183,133,594777,594960
651,183,168,594827,595010
273,183,358,594722,594905
977,183,738,594427,594610
3868,135,8070,587229,587364
1988,135,8213,587172,587307
4570,135,8252,587219,587354
4687,135,8318,587239,587374
8564,135,8365,587278,587413
2694,135,8525,587204,587339
8701,135,8579,587236,587371
4814,135,8589,587312,587447
8740,135,8616,587371,587506
3202,135,8629,587444,587579
1506,135,8650,587509,587644
8464,135,8817,587428,587563
5216,135,8935,587396,587531
8298,135,8965,587452,587587
9208,135,9037,587466,587601
7784,135,9044,587545,587680
2329,135,9098,587577,587712
4133,135,9204,587557,587692
1172,135,9278,587569,587704
7793,135,9290,587643,587778
3476,135,9548,587471,587606
3739,135,9603,587502,587637
3948,135,9699,587492,587627
7673,135,9712,587565,587700
5789,135,9805,587558,587693
2859,135,9892,587557,587692
7862,135,9893,587642,587777
7443,135,9921,587700,587835
6170,135,9926,587781,587916
4128,135,9949,587844,587979
1069,135,9959,587920,588055
150,184,362,597554,597738
9725,136,8031,590020,590156
7744,136,8104,590034,590170
4475,136,8181,590044,590180
5178,136,8204,590108,590244
6456,136,8355,590044,590180
7737,136,8367,590119,590255
3659,136,8603,589970,590106
1372,136,8759,589901,590037
8303,136,8801,589946,590082
8552,136,8802,590032,590168
7826,136,8847,590074,590210
4397,136,8892,590116,590252
6987,136,9017,590078,590214
3120,136,9074,590108,590244
6470,136,9188,590081,590217
8490,136,9204,590152,590288
6296,136,9226,590217,590353
1099,136,9270,590260,590396
5026,136,9362,590255,590391
1571,136,9383,590321,590457
3283,136,9448,590343,590479
5015,136,9492,590386,590522
2524,136,9506,590459,590595
7444,136,9575,590477,590613
1088,136,9640,590499,590635
6160,136,9719,590507,590643
9548,136,9828,590485,590621
6168,136,9842,590558,590694
1943,136,9954,590533,590669
2557,136,9973,590601,590737
5831,136,9986,590675,590811
987,185,437,600262,600447
646,185,715,600071,600256
282,185,957,599916,600101
8148,137,8076,592933,593070
4160,137,8191,592906,593043
2985,137,8204,592981,593118
8365,137,8447,592826,592963
3797,137,8459,592902,593039
8320,137,8579,592870,593007
4395,137,8696,592841,592978
2411,137,8742,592883,593020
3467,137,8756,592957,593094
4620,137,8793,593008,593145
3413,137,8807,593082,593219
6180,137,8842,593135,593272
6769,137,8845,593220,593357
2572,137,8948,593205,593342
9665,137,8991,593250,593387
6738,137,9237,593092,593229
5125,137,9316,593101,593238
5169,137,9325,593180,593317
2097,137,9513,593080,593217
5243,137,9522,593159,593296
7022,137,9583,593186,593323
4992,137,9654,593203,593340
3897,137,9677,593268,593405
4847,137,9704,593329,593466
9865,137,9865,593256,593393
388,186,157,603003,603189
513,186,348,602900,603086
573,186,960,602376,602562
4858,138,8065,595408,595546
3424,138,8101,595461,595599
1703,138,8167,595484,595622
2739,138,8236,595504,595642
2117,138,8318,595511,595649
5897,138,8366,595552,595690
6568,138,8408,595599,595737
4501,138,8433,595663,595801
4592,138,8440,595745,595883
4016,138,8478,595796,595934
3011,138,8508,595855,595993
6100,138,8555,595897,596035
9929,138,8563,595978,596116
8373,138,8579,596051,596189
3326,138,8695,596024,596162
7646,138,8733,596075,596213
4839,138,8809,596088,596226
5593,138,8816,596170,596308
3198,138,8908,596167,596305
9616,138,9068,596096,596234
3419,138,9167,596086,596224
6173,138,9192,596150,596288
8223,138,9337,596094,596232
8052,138,9452,596068,596206
6000,138,9454,596155,596293
6058,138,9542,596156,596294
8063,138,9546,596241,596379
3244,138,9547,596329,596467
6212,138,9577,596388,596526
4196,138,9594,596460,596598
5768,138,9697,596446,596584
9342,138,9715,596517,596655
2275,138,9785,596536,596674
9527,138,9806,596604,596742
292,187,105,606345,606532
972,187,271,606268,606455
224,187,682,605946,606133
440,187,734,605983,606170
829,187,987,605819,606006
2730,139,8107,598837,598976
5740,139,8109,598925,599064
6734,139,8439,598685,598824
3309,139,8485,598729,598868
8666,139,8493,598811,598950
6545,139,8537,598857,598996
5580,139,8634,598850,598989
5392,139,8698,598876,599015
4810,139,8738,598926,599065
7514,139,8743,599011,599150
5136,139,8783,599061,599200
3891,139,8826,599108,599247
2258,139,8934,599090,599229
6611,139,8941,599173,599312
2376,139,9046,599158,599297
9898,139,9061,599233,599372
9375,139,9088,599296,599435
5302,139,9272,599202,599341
6954,139,9365,599199,599338
3887,139,9496,599158,599297
6670,139,9690,599054,599193
4230,139,9724,599110,599249
1771,139,9740,599184,599323
9807,139,9756,599258,599397
5172,139,9820,599284,599423
9322,139,9820,599374,599513
7724,139,9867,599417,599556
5059,139,9892,599482,599621
9847,139,9945,599519,599658
407,188,519,608986,609174
692,188,712,608883,609071
765,188,912,608773,608961
4357,140,8282,601542,601682
9773,140,8464,601451,601591
5687,140,8506,601500,601640
6358,140,8521,601576,601716
4012,140,8540,601648,601788
6906,140,8551,601728,601868
7557,140,8657,601713,601853
1097,140,8659,601802,601942
3387,140,8666,601886,602026
2207,140,8756,601887,602027
3946,140,8775,601959,602099
7806,140,8895,601930,602070
4391,140,8955,601961,602101
8655,140,9007,602000,602140
1258,140,9049,602049,602189
2667,140,9125,602064,602204
3658,140,9167,602113,602253
6916,140,9198,602173,602313
6060,140,9432,602030,602170
5769,140,9489,602064,602204
5652,140,9598,602046,602186
1466,140,9613,602122,602262
7830,140,9723,602103,602243
4708,140,9818,602099,602239
9308,140,9823,602185,602325
5907,140,9827,602272,602412
9231,140,9884,602306,602446
3453,140,9886,602395,602535
7568,140,9911,602461,602601
2057,140,9921,602542,602682
3943,140,9964,602590,602730
3143,140,9975,602670,602810
418,189,367,612320,612509
961,189,898,611880,612069
1052,141,8005,604913,605054
9202,141,8011,604999,605140
1210,141,8024,605078,605219
1118,141,8104,605090,605231
1365,141,8204,605082,605223
8687,141,8216,605162,605303
8839,141,8279,605191,605332
7094,141,8492,605070,605211
3995,141,8522,605132,605273
2648,141,8612,605134,605275
8818,141,8637,605201,605342
1862,141,8673,605257,605398
4398,141,8677,605345,605486
3745,141,8777,605337,605478
7473,141,8834,605372,605513
5190,141,8840,605458,605599
8266,141,9103,605287,605428
1161,141,9309,605173,605314
1549,141,9394,605180,605321
3468,141,9402,605264,605405
1359,141,9516,605242,605383
8400,141,9569,605281,605422
7449,141,9584,605358,605499
1841,141,9592,605442,605583
5822,141,9662,605464,605605
339,190,132,615037,615227
465,190,832,614429,614619
462,190,983,614370,614560
6656,142,8004,607490,607632
8364,142,8042,607545,607687
8996,142,8087,607593,607735
7414,142,8143,607630,607772
2424,142,8165,607701,607843
3230,142,8169,607790,607932
7938,142,8191,607861,608003
3765,142,8200,607945,608087
1614,142,8216,608022,608164
3437,142,8251,608080,608222
8847,142,8321,608103,608245
7152,142,8364,608153,608295
8799,142,8434,608176,608318
5388,142,8631,608072,608214
1026,142,8738,608058,608200
1028,142,8777,608112,608254
2126,142,9013,607969,608111
5981,142,9024,608051,608193
3920,142,9042,608126,608268
5004,142,9160,608101,608243
6600,142,9168,608186,608328
4745,142,9340,608107,608249
6126,142,9415,608125,608267
8869,142,9492,608141,608283
7885,142,9503,608223,608365
2689,142,9614,608205,608347
6923,142,9661,608251,608393
2296,142,9668,608337,608479
4312,142,9748,608350,608492
9727,142,9770,608421,608563
5634,142,9788,608496,608638
2364,142,9879,608498,608640
2181,142,9884,608586,608728
6419,142,9952,608611,608753
3167,142,9992,608664,608806
941,191,123,618577,618768
6527,143,8004,610838,610981
2511,143,8031,610905,611048
9042,143,8073,610957,611100
1893,143,8109,611015,611158
6840,143,8147,611071,611214
4409,143,8251,611061,611204
6137,143,8274,611132,611275
8721,143,8320,611180,611323
6464,143,8434,611160,611303
3395,143,8483,611205,611348
6305,143,8502,611280,611423
6110,143,8517,611359,611502
1270,143,8575,611395,611538
8585,143,8599,611465,611608
9835,143,8677,611481,611624
3601,143,8730,611522,611665
6841,143,8742,611604,611747
9354,143,8780,611660,611803
8715,143,8827,611707,611850
8758,143,8916,611712,611855
6135,143,8951,611771,611914
5704,143,9064,611752,611895
2861,143,9210,611700,611843
6395,143,9261,611743,611886
8946,143,9277,611821,611964
4284,143,9317,611875,612018
9626,143,9324,611962,612105
2830,143,9378,612002,612145
4635,143,9564,611910,612053
7081,143,9586,611982,612125
2622,143,9599,612063,612206
2600,143,9643,612113,612256
8056,143,9690,612160,612303
5850,143,9835,612109,612252
7271,143,9998,612040,612183
432,192,804,621279,621471
715,192,879,621298,621490
811,241,60,622162,622403
8417,144,8040,614374,614518
7972,144,8044,614465,614609
2601,144,8112,614492,614636
6078,144,8216,614483,614627
9280,144,8243,614551,614695
2547,144,8251,614638,614782
1764,144,8318,614666,614810
7592,144,8432,614647,614791
4077,144,8457,614717,614861
7415,144,8481,614788,614932
6413,144,8494,614870,615014
6609,144,8500,614959,615103
6192,144,8501,615053,615197
5406,144,8510,615139,615283
9078,144,8514,615230,615374
8201,144,8641,615198,615342
3341,144,8690,615244,615388
5744,144,8720,615309,615453
4930,144,8793,615331,615475
9796,144,8876,615343,615487
4140,144,8970,615344,615488
4224,144,9001,615408,615552
3293,144,9091,615413,615557
5499,144,9161,615438,615582
9226,144,9180,615514,615658
6028,144,9198,615591,615735
6304,144,9252,615632,615776
3382,144,9259,615720,615864
1986,144,9315,615759,615903
5160,144,9338,615831,615975
2323,144,9582,615682,615826
8142,144,9722,615637,615781
1485,144,9753,615701,615845
173,193,77,625423,625616
157,193,490,625105,625298
216,193,797,624893,625086
981,193,870,624915,625108
1991,145,8084,617845,617990
5447,145,8246,617779,617924
9961,145,8450,617671,617816
3223,145,8505,617712,617857
7107,145,8546,617767,617912
4784,145,8850,617559,617704
2617,145,9005,617500,617645
4298,145,9090,617511,617656
8329,145,9201,617496,617641
7802,145,9348,617445,617590
7217,145,9397,617492,617637
6134,145,9400,617585,617730
5321,145,9494,617587,617732
4571,145,9560,617617,617762
5764,145,9599,617674,617819
1659,145,9766,617603,617748
9609,145,9822,617643,617788
5174,145,9931,617630,617775
914,194,278,627330,627524
574,194,530,627174,627368
652,194,647,627153,627347
710,194,831,627065,627259
8817,146,8068,619973,620119
3314,146,8143,619995,620141
8197,146,8209,620026,620172
3577,146,8246,620086,620232
3014,146,8386,620043,620189
6435,146,8388,620138,620284
2532,146,8490,620133,620279
7215,146,8538,620182,620328
7822,146,8548,620269,620415
7067,146,8750,620164,620310
7401,146,8751,620260,620406
3251,146,8760,620348,620494
8753,146,8817,620388,620534
6560,146,9083,620219,620365
5413,146,9107,620292,620438
1250,146,9203,620293,620439
1107,146,9289,620304,620450
8985,146,9452,620238,620384
6964,146,9498,620289,620435
2628,146,9507,620377,620523
6383,146,9560,620421,620567
7434,146,9753,620325,620471
8330,146,9770,620405,620551
8695,146,9803,620469,620615
9981,146,9817,620552,620698
1383,146,9894,620572,620718
856,195,441,630073,630268
256,195,459,630152,630347
278,195,529,630179,630374
994,195,647,630158,630353
544,195,829,630073,630268
738,195,832,630167,630362
5653,147,8055,623090,623237
2777,147,8068,623175,623322
9617,147,8086,623255,623402
8621,147,8167,623272,623419
2597,147,8338,623199,623346
1788,147,8416,623219,623366
9776,147,8438,623295,623442
5396,147,8541,623290,623437
8988,147,8591,623338,623485
6027,147,8779,623248,623395
9171,147,8808,623317,623464
4229,147,8837,623386,623533
9240,147,8880,623441,623588
1639,147,9128,623291,623438
4503,147,9203,623314,623461
5377,147,9211,623404,623551
6213,147,9261,623452,623599
5649,147,9296,623515,623662
3963,147,9329,623580,623727
9209,147,9393,623614,623761
1208,147,9397,623708,623855
6041,147,9500,623703,623850
1800,147,9524,623777,623924
1632,147,9525,623874,624021
8444,147,9616,623881,624028
3721,147,9656,623939,624086
7949,147,9775,623918,624065
1947,147,9868,623923,624070
6731,147,9967,623922,624069
113,196,140,633798,633994
751,196,288,633748,633944
875,196,440,633694,633890
606,196,473,633759,633955
414,196,532,633798,633994
766,196,767,633661,633857
208,196,810,633716,633912
280,196,844,633780,633976
6959,148,8007,867109,867257
9656,148,8080,867086,867234
6187,148,8082,867134,867282
9802,148,8187,867079,867227
7317,148,8222,867094,867242
7613,148,8316,867050,867198
8569,148,8319,867097,867245
4126,148,8325,867141,867289
4432,148,8350,867166,867314
2208,148,8355,867211,867359
3964,148,8448,867168,867316
9526,148,8532,867134,867282
9081,148,8591,867125,867273
9858,148,8613,867153,867301
3926,148,8627,867189,867337
1246,148,8772,867094,867242
5866,148,8881,867035,867183
5663,148,9182,866784,866932
8431,148,9365,866651,866799
4052,148,9422,866644,866792
6708,148,9474,866642,866790
6702,148,9519,866647,866795
8108,148,9533,866683,866831
3168,148,9595,866671,866819
1309,148,9639,866677,866825
2054,148,9704,866662,866810
8949,148,9758,866658,866806
8178,148,9777,866689,866837
8408,148,9945,866571,866719
6939,148,9954,866612,866760
2284,148,9984,866632,866780
885,197,299,876318,876515
741,197,445,876222,876419
613,197,592,876125,876322
250,197,780,875987,876184
9469,149,8044,868822,868971
4879,149,8175,868742,868891
3621,149,8226,868742,868891
6944,149,8227,868792,868941
1204,149,8230,868840,868989
1902,149,8239,868882,869031
7780,149,8311,868861,869010
1492,149,8459,868764,868913
1508,149,8482,868792,868941
2986,149,8589,868736,868885
3256,149,8697,868679,868828
7950,149,8718,868709,868858
3095,149,8942,868536,868685
3115,149,8958,868571,868720
5667,149,8975,868605,868754
2992,149,8998,868633,868782
1110,149,9027,868655,868804
2349,149,9241,868492,868641
4785,149,9276,868508,868657
6155,149,9281,868554,868703
9627,149,9329,868557,868706
7932,149,9626,868311,868460
9030,149,9702,868286,868435
2127,149,9726,868313,868462
7721,149,9729,868361,868510
4047,149,9786,868355,868504
6476,149,9794,868398,868547
9595,149,9841,868402,868551
7479,149,9856,868438,868587
3605,149,9870,868475,868624
9885,149,9891,868505,868654
5538,149,9930,868517,868666
7850,149,9940,868558,868707
1702,149,9950,868599,868748
2685,149,9995,868605,868754
602,198,77,878525,878723
579,198,492,878161,878359
7029,150,8043,870710,870860
7572,150,8217,870588,870738
2326,150,8284,870573,870723
9921,150,8321,870588,870738
8865,150,8545,870416,870566
4356,150,8596,870417,870567
1509,150,8736,870329,870479
7555,150,8863,870254,870404
7770,150,8934,870235,870385
6242,150,8975,870246,870396
8137,150,9017,870256,870406
5491,150,9051,870274,870424
9388,150,9107,870270,870420
9758,150,9147,870282,870432
7864,150,9310,870171,870321
7656,150,9355,870178,870328
5107,150,9401,870184,870334
1247,150,9404,870233,870383
8085,150,9450,870239,870389
8939,150,9552,870189,870339
8510,150,9569,870224,870374
8040,150,9593,870252,870402
9093,150,9615,870282,870432
7853,150,9673,870276,870426
7768,150,9695,870306,870456
1044,150,9703,870350,870500
1650,150,9873,870232,870382
2714,150,9979,870178,870328
327,199,263,879897,880096
672,199,520,879692,879891
214,199,607,879657,879856
3748,151,8008,872357,872508
3714,151,8039,872379,872530
9892,151,8135,872336,872487
5778,151,8285,872239,872390
9087,151,8302,872275,872426
3696,151,8311,872319,872470
3127,151,8354,872329,872480
4633,151,8369,872367,872518
7772,151,8566,872223,872374
1554,151,8580,872262,872413
9872,151,8675,872220,872371
7672,151,8808,872140,872291
3929,151,8965,872036,872187
1386,151,8984,872070,872221
4728,151,8993,872114,872265
5087,151,9005,872155,872306
5285,151,9036,872177,872328
7340,151,9093,872173,872324
4430,151,9152,872167,872318
5532,151,9382,871990,872141
7895,151,9400,872025,872176
4625,151,9407,872071,872222
4286,151,9561,871970,872121
2870,151,9670,871914,872065
7432,151,9707,871930,872081
8164,151,9717,871973,872124
3205,151,9855,871888,872039
6988,151,9909,871887,872038
4107,151,9918,871931,872082
1095,151,9960,871942,872093
8159,151,9970,871985,872136
2197,151,9990,872018,872169
772,200,477,881535,881735
369,200,510,881555,881755
2003,152,8016,874151,874303
9560,152,8100,874121,874273
3280,152,8209,874066,874218
5682,152,8213,874116,874268
4864,152,8276,874107,874259
1147,152,8394,874043,874195
3663,152,8431,874060,874212
8997,152,8728,873817,873969
5307,152,8767,873832,873984
1855,152,8973,873680,873832
3090,152,9038,873669,873821
9148,152,9046,873715,873867
4258,152,9053,873762,873914
6156,152,9122,873747,873899
1620,152,9268,873655,873807
2256,152,9310,873667,873819
2980,152,9438,873593,873745
8039,152,9543,873542,873694
5051,152,9598,873541,873693
9174,152,9626,873567,873719
3840,152,9632,873615,873767
3502,152,9649,873652,873804
5650,152,9712,873643,873795
3169,152,9748,873661,873813
6852,152,9911,873552,873704
2507,152,9997,873520,873672
376,201,157,883365,883566
420,201,291,883285,883486
481,201,863,882767,882968
7836,153,8095,875638,875791
2887,153,8139,875649,875802
3440,153,8233,875610,875763
9612,153,8250,875648,875801
1342,153,8254,875699,875852
8236,153,8329,875679,875832
2784,153,8368,875695,875848
4726,153,8403,875715,875868
3132,153,8421,875752,875905
7679,153,8468,875760,875913
6389,153,8525,875758,875911
7711,153,8633,875705,875858
1296,153,8787,875606,875759
6982,153,8871,875577,875730
8394,153,8879,875624,875777
8629,153,9071,875487,875640
1763,153,9184,875429,875582
2156,153,9390,875278,875431
8318,153,9431,875292,875445
6258,153,9513,875265,875418
8475,153,9515,875318,875471
5244,153,9577,875311,875464
8784,153,9604,875339,875492
7213,153,9749,875249,875402
9296,153,9795,875258,875411
4246,153,9803,875305,875458
9500,153,9858,875305,875458
3131,153,9882,875336,875489
4181,153,9921,875352,875505
6759,153,9926,875402,875555
894,202,108,885226,885428
242,202,383,885006,885208
905,202,757,884687,884889
350,202,764,884735,884937
114,202,892,884662,884864
711,202,920,884689,884891
4410,154,8079,877634,877788
1889,154,8180,877589,877743
3498,154,8190,877635,877789
6218,154,8326,877555,877709
5895,154,8344,877593,877747
4902,154,8481,877512,877666
1625,154,8537,877512,877666
6177,154,8594,877511,877665
9222,154,8669,877492,877646
2895,154,8734,877483,877637
5356,154,8831,877442,877596
9037,154,8889,877440,877594
9806,154,8971,877414,877568
2691,154,9122,877319,877473
3743,154,9138,877359,877513
7089,154,9171,877382,877536
3339,154,9181,877428,877582
3649,154,9196,877469,877623
9555,154,9315,877406,877560
2899,154,9350,877427,877581
7728,154,9372,877461,877615
1064,154,9462,877427,877581
8773,154,9542,877403,877557
7133,154,9556,877445,877599
8916,154,9614,877443,877597
1253,154,9621,877492,877646
4109,154,9678,877491,877645
8341,154,9851,877374,877528
4393,154,9933,877348,877502
5612,154,9941,877396,877550
3513,154,9978,877415,877569
865,203,550,886850,887053
277,203,571,886885,887088
104,203,616,886896,887099
938,203,857,886711,886914
2152,155,8013,879660,879815
1785,155,8059,879671,879826
8808,155,8127,879660,879815
3562,155,8295,879549,879704
3985,155,8321,879580,879735
6629,155,8344,879614,879769
9634,155,8427,879588,879743
5818,155,8501,879571,879726
4673,155,8522,879607,879762
4906,155,8618,879568,879723
9320,155,8655,879588,879743
7010,155,8755,879545,879700
9156,155,8899,879458,879613
6842,155,8916,879498,879653
2734,155,8984,879487,879642
4931,155,9024,879504,879659
6910,155,9058,879527,879682
3407,155,9059,879583,879738
1183,155,9067,879632,879787
7289,155,9132,879624,879779
1412,155,9231,879582,879737
1301,155,9252,879618,879773
1505,155,9284,879643,879798
7811,155,9440,879544,879699
7452,155,9604,879437,879592
1063,155,9747,879351,879506
7605,155,9981,879174,879329
493,204,749,888414,888618
5158,156,8054,881215,881371
8024,156,8076,881251,881407
2086,156,8080,881305,881461
2440,156,8201,881242,881398
4772,156,8209,881292,881448
4916,156,8253,881306,881462
3479,156,8325,881292,881448
3667,156,8420,881255,881411
4370,156,8508,881225,881381
8123,156,8512,881279,881435
6227,156,8533,881316,881472
3190,156,8552,881355,881511
3847,156,8749,881216,881372
6701,156,8908,881115,881271
1540,156,8918,881163,881319
1282,156,8969,881170,881326
6619,156,9068,881129,881285
9027,156,9191,881064,881220
1607,156,9196,881117,881273
3702,156,9241,881130,881286
4909,156,9258,881171,881327
8679,156,9309,881178,881334
6380,156,9318,881227,881383
7284,156,9344,881259,881415
7755,156,9418,881243,881399
2590,156,9464,881255,881411
9250,156,9583,881194,881350
8048,156,9614,881221,881377
8195,156,9668,881225,881381
8049,156,9680,881271,881427
3471,156,9721,881288,881444
9636,156,9755,881312,881468
7112,156,9776,881349,881505
6922,156,9809,881374,881530
4588,156,9905,881336,881492
276,205,82,891168,891373
454,205,88,891220,891425
939,205,415,890951,891156
530,205,485,890939,891144
519,205,604,890878,891083
3470,157,8006,883583,883740
9191,157,8008,883640,883797
5539,157,8009,883698,883855
9750,157,8126,883640,883797
2517,157,8128,883697,883854
4652,157,8428,883456,883613
6356,157,8428,883515,883672
3553,157,8454,883548,883705
2793,157,8470,883591,883748
6563,157,8503,883617,883774
5837,157,8593,883586,883743
4252,157,8708,883530,883687
3638,157,8735,883562,883719
3525,157,8853,883503,883660
8004,157,8957,883458,883615
4036,157,8976,883498,883655
6900,157,8977,883556,883713
3998,157,9122,883470,883627
1056,157,9126,883525,883682
3241,157,9198,883512,883669
1683,157,9209,883560,883717
3590,157,9234,883594,883751
8206,157,9384,883503,883660
2925,157,9411,883535,883692
5557,157,9555,883450,883607
5658,157,9641,883423,883580
7052,157,9700,883423,883580
8242,157,9739,883443,883600
9967,157,9758,883483,883640
9975,157,9794,883506,883663
3294,157,9931,883428,883585
6307,157,9932,883486,883643
3108,157,9952,883525,883682
2809,157,9993,883543,883700
218,206,147,893399,893605
736,206,804,892801,893007
5844,158,8025,885688,885846
5654,158,8069,885704,885862
9138,158,8182,885651,885809
9470,158,8419,885474,885632
8726,158,8436,885517,885675
5195,158,8469,885544,885702
7180,158,8525,885548,885706
6017,158,8529,885604,885762
6188,158,8554,885639,885797
9135,158,8674,885579,885737
2966,158,8728,885585,885743
1206,158,8936,885437,885595
1388,158,8964,885469,885627
2322,158,8995,885498,885656
2564,158,9021,885532,885690
3641,158,9116,885497,885655
4470,158,9291,885382,885540
5573,158,9298,885435,885593
8892,158,9357,885436,885594
6924,158,9423,885430,885588
4383,158,9483,885430,885588
5763,158,9488,885485,885643
9405,158,9534,885499,885657
3367,158,9559,885534,885692
6566,158,9821,885332,885490
495,207,354,894810,895017
890,207,388,894836,895043
901,207,520,894764,894971
702,207,752,894592,894799
296,207,756,894648,894855
3245,159,8078,887435,887594
2000,159,8081,887493,887652
8509,159,8081,887554,887713
1130,159,8143,887553,887712
6793,159,8143,887614,887773
5473,159,8213,887605,887764
1286,159,8280,887599,887758
1488,159,8292,887648,887807
8306,159,8338,887663,887822
1642,159,8344,887718,887877
9386,159,8486,887637,887796
7178,159,8698,887486,887645
3639,159,8732,887513,887672
6963,159,8748,887558,887717
4368,159,8796,887571,887730
2396,159,8797,887631,887790
6878,159,8829,887660,887819
9704,159,9000,887550,887709
6069,159,9010,887601,887760
8747,159,9052,887620,887779
8017,159,9086,887647,887806
3759,159,9191,887603,887762
4978,159,9274,887581,887740
6396,159,9295,887621,887780
4649,159,9337,887640,887799
7238,159,9339,887699,887858
5175,159,9367,887732,887891
6663,159,9520,887640,887799
8284,159,9550,887671,887830
4040,159,9558,887724,887883
1543,159,9570,887773,887932
6815,159,9633,887771,887930
7787,159,9657,887808,887967
4434,159,9699,887827,887986
8456,159,9708,887879,888038
373,208,503,897096,897304
581,208,674,896986,897194
2688,160,8009,889761,889921
8711,160,8124,889708,889868
1742,160,8158,889736,889896
3778,160,8412,889544,889704
3207,160,8430,889588,889748
3836,160,8441,889639,889799
6773,160,8452,889690,889850
1657,160,8464,889740,889900
6005,160,8558,889708,889868
5075,160,8563,889765,889925
6508,160,8688,889702,889862
4076,160,8697,889755,889915
1694,160,8700,889814,889974
3323,160,8762,889814,889974
7108,160,8876,889762,889922
2062,160,8964,889736,889896
1530,160,8972,889790,889950
2672,160,9005,889819,889979
1933,160,9013,889873,890033
9596,160,9080,889868,890028
5187,160,9094,889916,890076
6994,160,9150,889922,890082
9323,160,9294,889840,890000
3489,160,9397,889799,889959
8458,160,9589,889669,889829
2544,160,9640,889680,889840
6195,160,9666,889716,889876
4053,160,9677,889767,889927
7054,160,9701,889805,889965
8793,160,9777,889791,889951
5380,160,9788,889842,890002
2903,160,9824,889868,890028
9294,160,9835,889919,890079
162,209,174,899593,899802
720,209,278,899551,899760
6485,161,8000,891940,892101
8304,161,8167,891836,891997
9360,161,8291,891775,891936
9918,161,8315,891814,891975
9670,161,8367,891825,891986
6583,161,8385,891870,892031
7723,161,8486,891832,891993
9098,161,8493,891888,892049
4401,161,8530,891914,892075
9574,161,8568,891939,892100
9721,161,8589,891981,892142
5327,161,8663,891970,892131
1174,161,8755,891941,892102
7046,161,8755,892004,892165
1912,161,8808,892014,892175
1011,161,8822,892063,892224
6875,161,8897,892051,892212
9642,161,8898,892113,892274
2913,161,8969,892105,892266
8845,161,8982,892155,892316
6858,161,9145,892055,892216
3573,161,9213,892050,892211
8020,161,9219,892107,892268
6899,161,9280,892109,892270
3272,161,9285,892167,892328
1233,161,9496,892019,892180
1076,161,9555,892023,892184
8073,161,9625,892016,892177
4928,161,9626,892078,892239
4556,161,9775,891992,892153
7763,161,9799,892031,892192
3710,161,9873,892020,892181
631,210,894,901013,901223
9759,162,8151,893868,894030
9067,162,8271,893812,893974
6011,162,8297,893850,894012
3393,162,8377,893834,893996
4734,162,8470,893805,893967
4355,162,8574,893765,893927
7164,162,8637,893766,893928
2589,162,8685,893782,893944
4868,162,8740,893791,893953
2385,162,8761,893834,893996
8691,162,8925,893734,893896
7903,162,9002,893721,893883
6237,162,9015,893772,893934
9913,162,9025,893826,893988
2976,162,9047,893868,894030
9039,162,9199,893780,893942
8955,162,9365,893678,893840
9031,162,9620,893487,893649
2064,162,9787,893384,893546
6845,162,9981,893254,893416
7930,162,9990,893309,893471
714,211,100,903214,903425
413,211,207,903171,903382
233,211,272,903170,903381
241,211,687,902819,903030
3707,163,8016,895603,895766
9074,163,8136,895548,895711
4261,163,8139,895610,895773
4509,163,8200,895614,895777
2953,163,8212,895667,895830
5727,163,8226,895718,895881
7939,163,8463,895546,895709
7786,163,8522,895552,895715
9840,163,8574,895565,895728
8470,163,8609,895595,895758
6671,163,8660,895609,895772
5504,163,8709,895625,895788
1407,163,8714,895685,895848
2330,163,8750,895714,895877
9119,163,8844,895685,895848
6567,163,8860,895734,895897
6113,163,8919,895740,895903
4979,163,8950,895774,895937
7463,163,9095,895694,895857
5342,163,9143,895711,895874
3072,163,9187,895732,895895
6737,163,9196,895788,895951
5111,163,9456,895593,895756
1337,163,9586,895528,895691
3742,163,9591,895588,895751
8457,163,9664,895580,895743
5151,163,9742,895567,895730
4820,163,9800,895574,895737
5730,163,9988,895451,895614
861,212,551,904904,905116
863,212,724,904796,905008
4174,164,8013,897621,897785
1744,164,8083,897617,897781
6533,164,8203,897563,897727
9654,164,8291,897541,897705
3776,164,8542,897356,897520
6215,164,8616,897348,897512
6905,164,8629,897401,897565
7782,164,8767,897329,897493
2310,164,8855,897307,897471
7995,164,8936,897292,897456
6935,164,8953,897341,897505
7964,164,9005,897355,897519
8838,164,9124,897302,897466
5467,164,9158,897334,897498
5824,164,9293,897265,897429
2462,164,9313,897311,897475
3511,164,9331,897359,897523
1312,164,9363,897393,897557
9396,164,9444,897378,897542
7023,164,9470,897418,897582
6165,164,9584,897370,897534
4780,164,9585,897435,897599
2100,164,9611,897475,897639
7422,164,9658,897494,897658
8911,164,9664,897554,897718
4848,164,9718,897566,897730
1894,164,9844,897506,897670
9800,164,9935,897481,897645
196,213,69,907364,907577
3447,165,8017,899531,899696
8112,165,8031,899584,899749
8575,165,8068,899614,899779
7935,165,8103,899646,899811
9685,165,8203,899613,899778
7684,165,8316,899567,899732
3935,165,8329,899621,899786
6112,165,8457,899560,899725
5366,165,8653,899431,899596
5347,165,8660,899491,899656
3691,165,8684,899534,899699
5235,165,8696,899589,899754
7047,165,8732,899620,899785
8882,165,8821,899598,899763
4387,165,8897,899589,899754
1525,165,8915,899638,899803
3376,165,8981,899639,899804
3109,165,8991,899696,899861
2875,165,9072,899682,899847
2328,165,9162,899659,899824
6409,165,9328,899560,899725
2448,165,9368,899587,899752
5300,165,9430,899592,899757
2032,165,9476,899613,899778
5752,165,9856,899300,899465
5505,165,9875,899348,899513
1419,165,9926,899364,899529
7622,165,9934,899423,899588
3994,165,9941,899483,899648
9431,165,9973,899518,899683
9305,165,9993,899565,899730
499,214,728,908848,909062
820,214,952,908691,908905
5646,166,8134,901625,901791
1622,166,8163,901664,901830
2787,166,8169,901726,901892
5270,166,8209,901754,901920
9347,166,8223,901808,901974
5501,166,8316,901783,901949
3959,166,8415,901752,901918
2854,166,8462,901773,901939
1790,166,8600,901703,901869
3238,166,8786,901585,901751
5424,166,8808,901631,901797
1777,166,8845,901662,901828
3173,166,8867,901708,901874
1925,166,8888,901755,901921
1490,166,8967,901744,901910
9471,166,8979,901800,901966
2794,166,9104,901743,901909
2847,166,9113,901802,901968
2713,166,9253,901730,901896
2399,166,9284,901767,901933
1417,166,9300,901819,901985
7979,166,9388,901799,901965
7884,166,9509,901746,901912
6455,166,9574,901749,901915
5080,166,9603,901788,901954
8377,166,9705,901754,901920
1005,166,9708,901819,901985
3950,166,9760,901835,902001
3097,166,9862,901801,901967
9702,166,9876,901855,902021
8849,166,9907,901892,902058
379,215,397,911421,911636
956,215,490,911396,911611
733,215,606,911348,911563
387,215,777,911245,911460
810,215,839,911251,911466
430,215,894,911264,911479
542,264,56,912121,912385
8422,167,8141,904202,904369
5626,167,8303,904109,904276
1720,167,8317,904164,904331
7083,167,8393,904157,904324
4223,167,8437,904182,904349
2114,167,8455,904233,904400
3535,167,8518,904239,904406
7931,167,8590,904236,904403
5773,167,8653,904242,904409
8710,167,8675,904289,904456
7373,167,8679,904354,904521
1532,167,8862,904240,904407
5930,167,8925,904246,904413
8468,167,9142,904098,904265
7816,167,9226,904083,904250
8981,167,9229,904149,904316
4691,167,9237,904210,904377
8493,167,9237,904279,904446
4845,167,9610,903975,904142
5472,167,9632,904022,904189
9787,167,9640,904083,904250
2276,167,9701,904091,904258
1891,167,9742,904119,904286
4664,167,9755,904175,904342
5619,167,9794,904205,904372
7142,167,9855,904213,904380
6535,167,9988,904149,904316
7288,167,9999,904207,904374
618,216,232,913994,914210
341,216,852,913443,913659
725,216,916,913448,913664
5967,168,8056,906426,906594
4788,168,8197,906355,906523
4268,168,8354,906268,906436
3381,168,8495,906197,906365
6674,168,8507,906255,906423
3262,168,8527,906305,906473
5200,168,8561,906341,906509
3125,168,8586,906386,906554
7321,168,8696,906346,906514
4187,168,8715,906397,906565
9473,168,8739,906443,906611
1071,168,8757,906495,906663
9690,168,8759,906563,906731
9995,168,8805,906587,906755
6276,168,8845,906617,906785
4118,168,8857,906675,906843
9783,168,8944,906658,906826
9436,168,9046,906626,906794
3982,168,9278,906464,906632
8241,168,9342,906470,906638
8343,168,9394,906488,906656
8194,168,9531,906421,906589
3386,168,9584,906438,906606
5226,168,9629,906463,906631
1103,168,9673,906489,906657
4882,168,9673,906559,906727
1427,168,9832,906470,906638
6782,168,9884,906488,906656
5942,168,9963,906479,906647
453,217,139,916324,916541
693,217,190,916343,916560
976,217,247,916356,916573
167,217,332,916341,916558
340,217,358,916385,916602
361,217,462,916351,916568
7855,169,8028,908904,909073
7082,169,8041,908962,909131
3952,169,8130,908944,909113
9576,169,8132,909013,909182
1473,169,8155,909061,909230
7535,169,8312,908975,909144
2452,169,8323,909035,909204
6293,169,8416,909013,909182
3724,169,8467,909033,909202
8500,169,8499,909072,909241
8297,169,8521,909121,909290
3636,169,8587,909126,909295
4194,169,8641,909143,909312
7876,169,8660,909195,909364
7033,169,8661,909265,909434
8526,169,8765,909232,909401
8626,169,8767,909301,909470
1739,169,8770,909369,909538
7732,169,8791,909419,909588
6518,169,8807,909474,909643
8280,169,8830,909522,909691
1346,169,8909,909514,909683
9951,169,9040,909454,909623
3310,169,9056,909509,909678
9940,169,9170,909466,909635
5620,169,9179,909528,909697
1464,169,9214,909564,909733
8671,169,9434,909415,909584
7140,169,9445,909475,909644
5438,169,9598,909393,909562
7709,169,9624,909438,909607
6556,169,9691,909442,909611
7792,169,9804,909400,909569
3043,169,9825,909450,909619
4727,169,9830,909516,909685
3053,169,9904,909513,909682
2028,169,9934,909554,909723
7381,169,9959,909600,909769
1285,169,9967,909663,909832
8675,169,9986,909715,909884
344,218,168,919555,919773
755,218,233,919561,919779
9895,170,8015,911899,912069
8395,170,8031,911955,912125
1189,170,8050,912008,912178
9577,170,8166,911964,912134
4336,170,8174,912028,912198
8927,170,8345,911929,912099
2748,170,8369,911977,912147
4900,170,8443,911975,912145
6918,170,8512,911978,912148
3306,170,8522,912040,912210
9383,170,8596,912038,912208
2178,170,8708,911998,912168
9694,170,8798,911980,912150
5673,170,8987,911863,912033
8971,170,9038,911884,912054
7574,170,9062,911932,912102
4082,170,9132,911934,912104
7731,170,9188,911950,912120
3092,170,9243,911967,912137
5982,170,9247,912035,912205
9068,170,9250,912104,912274
4779,170,9362,912064,912234
5475,170,9391,912107,912277
2425,170,9468,912102,912272
9624,170,9633,912009,912179
5595,170,9692,912022,912192
2179,170,9870,911916,912086
2455,170,9966,911892,912062
354,219,514,921367,921586
7694,171,8094,913908,914079
7060,171,8203,913872,914043
5842,171,8269,913879,914050
9266,171,8272,913949,914120
9628,171,8300,913994,914165
7078,171,8336,914031,914202
4874,171,8394,914046,914217
8919,171,8474,914039,914210
1901,171,8703,913883,914054
5123,171,8742,913917,914088
9637,171,8799,913933,914104
7977,171,8802,914003,914174
1237,171,8847,914031,914202
8327,171,8976,913975,914146
8111,171,9025,913999,914170
5908,171,9066,914031,914202
4087,171,9094,914076,914247
3730,171,9130,914113,914284
1106,171,9311,914005,914176
2841,171,9362,914027,914198
5017,171,9405,914057,914228
6266,171,9465,914070,914241
3252,171,9496,914112,914283
1468,171,9521,914160,914331
6943,171,9647,914107,914278
3228,171,9649,914178,914349
7423,171,9693,914207,914378
2720,171,9870,914103,914274
6012,171,9959,914087,914258
8529,171,9995,914124,914295
494,220,134,924009,924229
515,220,985,923231,923451
8305,172,8007,916331,916503
1307,172,8032,916380,916552
4363,172,8066,916420,916592
2607,172,8116,916444,916616
2946,172,8222,916412,916584
5451,172,8299,916409,916581
3631,172,8371,916411,916583
2473,172,8372,916484,916656
7683,172,8593,916337,916509
9046,172,8637,916367,916539
2159,172,8649,916429,916601
7804,172,8665,916487,916659
5241,172,8670,916556,916728
8761,172,8782,916518,916690
5057,172,8937,916437,916609
3430,172,8957,916491,916663
7500,172,9071,916451,916623
2586,172,9091,916505,916677
8705,172,9102,916568,916740
9888,172,9162,916582,916754
2498,172,9226,916592,916764
8506,172,9261,916631,916803
3361,172,9270,916696,916868
3375,172,9291,916749,916921
7242,172,9308,916806,916978
4618,172,9314,916874,917046
6873,172,9338,916924,917096
9008,172,9381,916955,917127
7266,172,9466,916944,917116
7169,172,9493,916991,917163
7037,172,9579,916979,917151
9021,172,9609,917023,917195
7702,172,9741,916965,917137
9711,172,9754,917026,917198
511,221,560,926245,926466
805,221,755,926124,926345
5487,173,8016,918986,919159
6147,173,8021,919056,919229
6561,173,8146,919006,919179
6691,173,8234,918993,919166
9219,173,8376,918926,919099
1979,173,8379,918998,919171
3849,173,8458,918994,919167
9724,173,8523,919004,919177
3510,173,8624,918978,919151
2573,173,8630,919047,919220
2254,173,8637,919115,919288
9853,173,8906,918921,919094
4840,173,8937,918965,919138
3579,173,9069,918908,919081
7725,173,9107,918945,919118
1170,173,9164,918963,919136
1664,173,9471,918731,918904
2706,173,9501,918776,918949
7309,173,9528,918824,918997
4381,173,9584,918843,919016
7365,173,9602,918900,919073
5809,173,9631,918946,919119
4938,173,9653,918999,919172
9817,173,9835,918892,919065
6229,173,9865,918937,919110
815,222,104,928724,928946
598,222,142,928761,928983
728,222,435,928543,928765
835,222,490,928563,928785
202,222,888,928240,928462
654,222,951,928252,928474
1709,174,8011,921316,921490
5182,174,8017,921386,921560
9172,174,8032,921447,921621
1040,174,8057,921498,921672
4478,174,8100,921531,921705
3698,174,8206,921501,921675
5150,174,8210,921573,921747
8835,174,8256,921603,921777
6860,174,8387,921548,921722
8407,174,8611,921400,921574
6320,174,8626,921461,921635
9580,174,8725,921438,921612
3036,174,8964,921275,921449
3596,174,8971,921344,921518
2093,174,8974,921417,921591
8595,174,9032,921435,921609
5288,174,9119,921424,921598
4787,174,9250,921369,921543
2898,174,9305,921390,921564
6608,174,9327,921444,921618
8173,174,9333,921514,921688
3669,174,9379,921544,921718
7235,174,9411,921588,921762
2318,174,9474,921601,921775
2019,174,9485,921666,921840
3543,174,9582,921645,921819
6857,174,9715,921588,921762
9340,174,9749,921630,921804
2695,174,9756,921699,921873
3760,174,9947,921584,921758
390,223,97,931461,931684
859,223,538,931096,931319
115,223,569,931141,931364
983,223,956,930830,931053
9407,175,8103,923808,923983
9399,175,8106,923882,924057
2640,175,8372,923693,923868
7014,175,8489,923653,923828
8488,175,8509,923710,923885
9793,175,8511,923785,923960
9477,175,8537,923836,924011
3655,175,8541,923909,924084
4932,175,8606,923921,924096
3282,175,8668,923936,924111
3136,175,8745,923936,924111
7122,175,8745,924013,924188
9128,175,8775,924060,924235
7610,175,8887,924025,924200
6428,175,8941,924048,924223
2478,175,9028,924038,924213
3672,175,9164,923979,924154
5326,175,9166,924054,924229
1332,175,9261,924036,924211
3237,175,9261,924113,924288
1435,175,9280,924171,924346
3780,175,9383,924145,924320
5672,175,9469,924136,924311
6306,175,9493,924189,924364
9234,175,9614,924145,924320
7680,175,9638,924198,924373
9000,175,9646,924267,924442
9775,175,9697,924293,924468
9737,175,9872,924195,924370
306,224,130,933965,934189
258,224,373,933799,934023
910,224,482,933767,933991
483,224,520,933806,934030
869,224,524,933879,934103
624,224,969,933511,933735
9788,176,8029,926577,926753
6999,176,8031,926653,926829
1630,176,8184,926578,926754
1402,176,8261,926579,926755
4206,176,8263,926655,926831
9997,176,8308,926688,926864
1878,176,8416,926658,926834
3331,176,8541,926611,926787
5628,176,8616,926614,926790
5577,176,8689,926619,926795
9143,176,8767,926619,926795
7554,176,8832,926632,926808
7186,176,9032,926510,926686
5038,176,9109,926511,926687
5644,176,9167,926531,926707
9862,176,9235,926541,926717
6714,176,9289,926565,926741
9069,176,9307,926625,926801
7339,176,9380,926630,926806
6753,176,9396,926692,926868
5128,176,9418,926748,926924
1758,176,9435,926809,926985
3953,176,9478,926844,927020
1135,176,9523,926877,927053
9851,176,9642,926836,927012
8169,176,9648,926908,927084
6787,176,9725,926909,927085
3775,176,9811,926901,927077
3750,176,9812,926978,927154
7066,176,9893,926975,927151
756,225,556,936341,936566
931,225,716,936259,936484
7760,177,8049,929053,929230
3478,177,8060,929121,929298
9153,177,8073,929187,929364
9909,177,8141,929198,929375
5732,177,8181,929237,929414
6222,177,8187,929310,929487
1190,177,8231,929345,929522
9984,177,8251,929404,929581
1054,177,8276,929458,929635
8566,177,8332,929481,929658
1344,177,8423,929469,929646
2020,177,8475,929496,929673
6675,177,8476,929574,929751
8325,177,8568,929561,929738
5915,177,8656,929552,929729
8006,177,8738,929549,929726
1395,177,8771,929595,929772
5046,177,8867,929578,929755
5231,177,8887,929637,929814
5013,177,8984,929619,929796
2027,177,9068,929614,929791
4550,177,9142,929619,929796
7355,177,9157,929683,929860
6348,177,9180,929739,929916
2176,177,9340,929658,929835
5468,177,9414,929663,929840
1863,177,9417,929739,929916
8031,177,9544,929691,929868
4320,177,9555,929759,929936
8361,177,9916,929477,929654
7441,177,9932,929540,929717
564,226,897,938605,938831
668,226,927,938654,938880
1020,178,8045,931664,931842
6010,178,8141,931648,931826
4165,178,8172,931697,931875
3027,178,8188,931761,931939
8200,178,8196,931833,932011
4590,178,8293,931816,931994
4521,178,8303,931886,932064
8991,178,8343,931926,932104
3032,178,8352,931997,932175
6295,178,8561,931868,932046
4553,178,8678,931831,932009
9223,178,8806,931783,931961
1944,178,8838,931831,932009
9530,178,9048,931701,931879
1266,178,9064,931765,931943
9905,178,9129,931780,931958
7306,178,9184,931805,931983
3916,178,9210,931859,932037
3754,178,9243,931906,932084
5651,178,9245,931984,932162
8588,178,9269,932040,932218
3217,178,9311,932078,932256
8932,178,9352,932117,932295
1738,178,9367,932182,932360
6863,178,9443,932186,932364
9286,178,9536,932173,932351
7113,178,9539,932250,932428
4794,178,9546,932323,932501
4439,178,9637,932312,932490
8535,178,9710,932319,932497
3091,178,9773,932336,932514
7341,178,9832,932357,932535
4631,178,9838,932431,932609
5313,178,9871,932478,932656
3335,178,9892,932537,932715
3604,178,9894,932615,932793
304,227,188,942352,942579
212,227,215,942405,942632
4319,179,8013,934736,934915
1942,179,8060,934770,934949
9830,179,8148,934763,934942
9502,179,8168,934824,935003
2285,179,8304,934769,934948
6798,179,8375,934779,934958
5668,179,8458,934777,934956
7620,179,8577,934739,934918
7801,179,8609,934788,934967
6253,179,8809,934669,934848
5390,179,8841,934718,934897
7485,179,8869,934771,934950
8741,179,8910,934811,934990
4614,179,8968,934834,935013
8638,179,9025,934858,935037
2832,179,9092,934872,935051
9881,179,9130,934915,935094
5533,179,9354,934772,934951
7908,179,9446,934761,934940
2069,179,9556,934732,934911
4469,179,9585,934784,934963
9730,179,9613,934837,935016
1018,179,9740,934791,934970
3602,179,9743,934869,935048
5880,179,9787,934906,935085
5657,179,9934,934840,935019
398,228,108,944698,944926
237,228,133,944754,944982
342,228,330,944638,944866
918,228,381,944668,944896
170,228,902,944228,944456
7154,180,8150,937110,937290
8963,180,8296,937046,937226
5521,180,8300,937124,937304
6814,180,8303,937203,937383
4190,180,8337,937251,937431
1387,180,8389,937281,937461
4695,180,8408,937344,937524
6683,180,8494,937340,937520
7748,180,8561,937355,937535
9894,180,8579,937419,937599
1908,180,8602,937478,937658
8993,180,8821,937341,937521
9994,180,8913,937331,937511
6897,180,8988,937338,937518
8802,180,9144,937264,937444
4641,180,9236,937254,937434
9140,180,9260,937312,937492
5588,180,9279,937375,937555
3459,180,9354,937382,937562
8041,180,9445,937373,937553
1592,180,9465,937435,937615
3800,180,9529,937453,937633
9932,180,9563,937501,937681
5428,180,9691,937455,937635
8676,180,9691,937537,937717
1232,180,9750,937560,937740
4179,180,9775,937617,937797
3258,180,9900,937574,937754
480,229,103,947404,947633
801,229,275,947314,947543
888,229,382,947289,947518
764,229,605,947148,947377
980,229,788,947047,947276
4448,181,8026,939940,940121
4901,181,8029,940020,940201
6819,181,8108,940024,940205
4313,181,8151,940064,940245
2650,181,8277,940021,940202
7955,181,8311,940070,940251
8936,181,8328,940136,940317
1449,181,8435,940112,940293
4492,181,8453,940177,940358
6665,181,8464,940249,940430
9866,181,8489,940307,940488
1635,181,8492,940387,940568
2805,181,8933,940029,940210
7944,181,8993,940052,940233
5119,181,8996,940132,940313
8389,181,9020,940191,940372
8141,181,9135,940159,940340
9272,181,9158,940219,940400
3673,181,9237,940223,940404
6800,181,9266,940277,940458
4949,181,9327,940299,940480
3022,181,9444,940265,940446
4374,181,9452,940340,940521
7320,181,9540,940335,940516
5962,181,9563,940395,940576
2503,181,9568,940473,940654
2641,181,9582,940542,940723
6345,181,9682,940525,940706
8371,181,9863,940427,940608
8279,181,9968,940405,940586
6473,181,9993,940463,940644
989,230,78,950412,950642
907,230,114,950459,950689
846,230,452,950204,950434
873,230,556,950183,950413
5374,182,8000,942871,943053
6504,182,8148,942807,942989
7351,182,8188,942851,943033
4940,182,8226,942897,943079
2743,182,8503,942704,942886
9985,182,8535,942756,942938
2243,182,8615,942760,942942
4524,182,8694,942765,942947
1541,182,8707,942836,943018
4069,182,8731,942896,943078
4412,182,8799,942912,943094
4449,182,8827,942968,943150
4912,182,8845,943034,943216
9100,182,8881,943082,943264
4640,182,8893,943154,943336
9805,182,9002,943129,943311
4596,182,9040,943175,943357
6365,182,9055,943244,943426
1430,182,9142,943241,943423
9404,182,9437,943030,943212
3065,182,9474,943077,943259
6393,182,9517,943118,943300
6932,182,9665,943054,943236
7956,182,9689,943114,943296
5814,182,9745,943142,943324
7224,182,9755,943216,943398
8816,182,9873,943182,943364
8531,182,9946,943193,943375
492,231,514,952660,952891
467,231,763,952495,952726
4624,183,8124,945267,945450
6341,183,8140,945336,945519
5251,183,8182,945379,945562
5919,183,8280,945366,945549
5517,183,8313,945418,945601
3021,183,8477,945339,945522
4273,183,8519,945382,945565
7377,183,8785,945201,945384
8999,183,8818,945253,945436
1593,183,8820,945336,945519
9557,183,8822,945419,945602
8046,183,8825,945501,945684
1704,183,8912,945499,945682
4486,183,8982,945514,945697
8693,183,9005,945576,945759
5812,183,9178,945488,945671
5679,183,9187,945564,945747
9813,183,9207,945629,945812
7990,183,9222,945699,945882
9177,183,9397,945609,945792
3704,183,9480,945611,945794
1375,183,9497,945679,945862
5787,183,9503,945758,945941
8977,183,9505,945841,946024
8016,183,9519,945912,946095
6482,183,9571,945945,946128
4103,183,9738,945863,946046
8174,183,9785,945901,946084
8522,183,9822,945949,946132
6541,183,9922,945934,946117
4523,183,9950,945991,946174
915,232,349,955628,955860
1378,184,8052,948059,948243
2047,184,8228,947969,948153
5797,184,8321,947962,948146
7126,184,8348,948021,948205
2264,184,8352,948103,948287
4176,184,8510,948031,948215
5720,184,8527,948100,948284
7629,184,8565,948148,948332
5959,184,8741,948058,948242
1251,184,8910,947975,948159
1633,184,8925,948046,948230
7267,184,9188,947869,948053
8344,184,9204,947939,948123
3264,184,9245,947984,948168
1113,184,9603,947712,947896
4914,184,9639,947762,947946
7641,184,9753,947734,947918
7098,184,9766,947807,947991
1805,184,9781,947878,948062
8686,184,9833,947912,948096
8871,184,9873,947958,948142
3328,184,9898,948019,948203
5281,184,9964,948039,948223
521,233,177,957863,958096
222,233,306,957820,958053
171,233,379,957833,958066
588,233,659,957639,957872
263,233,845,957539,957772
750,233,968,957502,957735
2905,185,8108,950497,950682
2760,185,8245,950447,950632
9363,185,8268,950511,950696
3678,185,8295,950571,950756
1627,185,8369,950584,950769
6572,185,8394,950646,950831
1244,185,8423,950704,950889
9639,185,8471,950743,950928
1776,185,8577,950724,950909
1567,185,8579,950809,950994
4936,185,8596,950879,951064
3772,185,8625,950937,951122
8930,185,8709,950940,951125
5074,185,8735,951001,951186
9790,185,8799,951024,951209
5610,185,8810,951100,951285
5556,185,8825,951172,951357
1015,185,8960,951124,951309
7980,185,9050,951121,951306
6300,185,9086,951172,951357
4933,185,9103,951242,951427
4299,185,9135,951297,951482
9823,185,9192,951327,951512
6268,185,9204,951402,951587
4445,185,9239,951454,951639
2211,185,9326,951454,951639
7399,185,9340,951527,951712
1511,185,9355,951599,951784
7655,185,9361,951680,951865
5525,185,9415,951713,951898
3692,185,9530,951685,951870
2939,185,9754,951548,951733
9418,185,9793,951596,951781
7502,185,9814,951662,951847
8763,185,9817,951746,951931
3690,185,9896,951754,951939
3162,185,9928,951809,951994
558,234,287,961488,961722
700,234,952,960910,961144
1334,186,8000,953998,954184
3073,186,8004,954082,954268
7272,186,8032,954142,954328
3070,186,8035,954227,954413
3903,186,8112,954238,954424
5191,186,8200,954238,954424
4572,186,8208,954318,954504
2088,186,8296,954318,954504
1425,186,8304,954398,954584
2263,186,8353,954437,954623
2141,186,8539,954339,954525
2311,186,8583,954383,954569
3815,186,8621,954433,954619
6941,186,8791,954351,954537
9461,186,8865,954365,954551
3716,186,8902,954416,954602
3493,186,8906,954500,954686
3563,186,9100,954394,954580
2820,186,9212,954370,954556
1262,186,9241,954429,954615
3442,186,9252,954506,954692
8527,186,9256,954590,954776
3679,186,9316,954618,954804
3740,186,9328,954694,954880
3086,186,9471,954639,954825
4457,186,9532,954666,954852
6377,186,9543,954743,954929
5247,186,9601,954773,954959
3351,186,9622,954840,955026
9989,186,9687,954863,955049
1331,186,9708,954930,955116
2616,186,9831,954895,955081
3005,186,9857,954957,955143
3141,186,9873,955029,955215
2860,186,9942,955048,955234
7667,186,9998,955080,955266
860,235,85,965032,965267
512,235,372,964833,965068
696,235,502,964791,965026
260,235,792,964589,964824
464,235,941,964528,964763
2968,187,8058,957548,957735
4667,187,8107,957588,957775
1706,187,8112,957672,957859
4854,187,8248,957625,957812
9614,187,8254,957708,957895
5512,187,8296,957755,957942
3364,187,8445,957695,957882
6825,187,8459,957770,957957
1479,187,8549,957769,957956
3758,187,8560,957847,958034
8520,187,8602,957894,958081
7968,187,8614,957971,958158
7546,187,8660,958014,958201
3199,187,8838,957925,958112
6475,187,8890,957962,958149
8026,187,8899,958042,958229
5010,187,9006,958024,958211
6164,187,9040,958079,958266
5431,187,9147,958061,958248
3096,187,9272,958025,958212
3180,187,9303,958083,958270
7682,187,9358,958117,958304
2897,187,9727,957837,958024
9891,187,9739,957914,958101
9285,187,9900,957842,958029
622,236,138,967644,967880
681,236,317,967554,967790
144,236,341,967619,967855
557,236,436,967613,967849
680,236,798,967340,967576
4155,188,8230,960046,960234
8947,188,8353,960013,960201
7857,188,8376,960080,960268
4435,188,8417,960129,960317
1077,188,8483,960153,960341
1774,188,8510,960216,960404
2418,188,8593,960223,960411
5306,188,8621,960285,960473
3657,188,8672,960324,960512
6754,188,8859,960227,960415
7006,188,9217,959959,960147
3155,188,9390,959876,960064
4964,188,9403,959953,960141
5798,188,9508,959938,960126
7063,188,9522,960014,960202
8941,188,9554,960072,960260
1773,188,9591,960125,960313
3383,188,9832,959974,960162
5639,188,9856,960040,960228
188,237,397,969540,969777
940,237,406,969621,969858
434,237,680,969437,969674
600,237,900,969307,969544
5614,189,8079,962267,962456
1665,189,8210,962227,962416
9742,189,8247,962281,962470
8480,189,8571,962048,962237
4518,189,8590,962120,962309
2914,189,8609,962192,962381
7353,189,8644,962248,962437
9962,189,8739,962244,962433
4505,189,8744,962330,962519
2958,189,8810,962355,962544
5176,189,8836,962420,962609
1369,189,8883,962464,962653
5047,189,8891,962547,962736
6346,189,9180,962349,962538
8820,189,9202,962418,962607
6727,189,9348,962363,962552
5291,189,9365,962437,962626
3500,189,9385,962508,962697
8959,189,9423,962561,962750
8116,189,9495,962580,962769
7640,189,9557,962609,962798
1772,189,9590,962667,962856
6129,189,9611,962737,962926
8435,189,9695,962744,962933
2583,189,9752,962778,962967
9108,189,9787,962834,963023
3401,189,9812,962900,963089
5709,189,9820,962983,963172
8933,189,9888,963006,963195
3074,189,9946,963039,963228
5471,190,8073,965003,965193
4202,190,8116,965052,965242
9883,190,8131,965129,965319
7582,190,8187,965165,965355
7275,190,8200,965244,965434
3416,190,8254,965282,965472
2007,190,8412,965216,965406
8050,190,8551,965169,965359
6703,190,8559,965253,965443
8647,190,8620,965284,965474
8956,190,8692,965304,965494
3064,190,8874,965214,965404
6851,190,9096,965084,965274
9189,190,9200,965072,965262
6678,190,9283,965081,965271
3634,190,9309,965147,965337
3418,190,9383,965165,965355
6705,190,9423,965217,965407
2639,190,9571,965161,965351
8778,190,9657,965167,965357
9147,190,9684,965232,965422
4080,190,9709,965299,965489
9149,190,9727,965373,965563
4217,190,9762,965430,965620
9948,190,9774,965510,965700
7155,190,9921,965455,965645
5224,190,9993,965475,965665
504,239,283,975228,975467
8084,191,8033,967619,967810
7746,191,8046,967699,967890
6184,191,8301,967537,967728
7477,191,8438,967493,967684
7096,191,8515,967509,967700
6534,191,8567,967550,967741
5542,191,8576,967634,967825
1860,191,8601,967702,967893
2942,191,8611,967785,967976
3944,191,8658,967831,968022
8787,191,8880,967702,967893
7053,191,8957,967718,967909
7743,191,9209,967559,967750
5494,191,9247,967614,967805
1297,191,9293,967661,967852
8366,191,9326,967721,967912
4987,191,9327,967813,968004
8577,191,9350,967883,968074
2584,191,9377,967949,968140
9488,191,9433,967986,968177
2971,191,9497,968015,968206
8368,191,9587,968018,968209
2891,191,9643,968055,968246
9749,191,9663,968128,968319
7470,191,9752,968132,968323
8275,191,9757,968220,968411
9762,191,9847,968223,968414
3814,191,9871,968292,968483
2940,191,9898,968358,968549
3612,191,9949,968400,968591
6025,191,9988,968454,968645
763,240,420,978066,978306
2514,192,8096,970532,970724
6552,192,8277,970445,970637
1254,192,8293,970523,970715
5030,192,8303,970607,970799
2515,192,8495,970509,970701
1861,192,8542,970556,970748
9163,192,8568,970624,970816
5027,192,8659,970627,970819
1973,192,8682,970698,970890
9765,192,8750,970724,970916
4771,192,8754,970814,971006
7132,192,8838,970824,971016
8053,192,8849,970907,971099
5970,192,8923,970927,971119
6057,192,8971,970973,971165
5002,192,9008,971030,971222
7501,192,9123,971009,971201
1937,192,9141,971085,971277
5934,192,9171,971149,971341
5553,192,9179,971235,971427
9683,192,9211,971297,971489
4042,192,9223,971379,971571
7996,192,9230,971466,971658
5372,192,9231,971559,971751
8083,192,9242,971642,971834
1851,192,9316,971662,971854
8193,192,9331,971741,971933
6716,192,9344,971822,972014
8403,192,9390,971870,972062
8994,192,9444,971910,972102
6124,192,9462,971986,972178
6505,192,9533,972009,972201
5253,192,9577,972059,972251
3177,192,9649,972081,972273
1672,192,9686,972138,972330
6081,192,9739,972179,972371
1265,192,9752,972260,972452
4066,192,9951,972155,972347
6031,192,9984,972216,972408
391,241,229,982016,982257
2826,193,8010,974378,974571
5078,193,8036,974447,974640
9597,193,8067,974511,974704
7417,193,8157,974516,974709
1367,193,8239,974529,974722
8336,193,8438,974425,974618
4257,193,8477,974481,974674
9941,193,8585,974468,974661
4106,193,8597,974551,974744
9032,193,8610,974633,974826
7958,193,8732,974606,974799
8339,193,8732,974701,974894
4307,193,8870,974658,974851
7314,193,8931,974692,974885
6972,193,9067,974651,974844
2625,193,9070,974743,974936
1980,193,9138,974770,974963
1740,193,9169,974834,975027
5779,193,9197,974901,975094
3484,193,9216,974977,975170
6789,193,9342,974946,975139
6519,193,9407,974976,975169
3026,193,9431,975047,975240
5887,193,9550,975023,975216
6417,193,9551,975117,975310
7298,193,9657,975106,975299
6125,193,9671,975187,975380
6859,193,9681,975272,975465
6546,193,9732,975316,975509
5694,193,9854,975289,975482
813,242,569,984620,984862
225,242,667,984617,984859
140,242,750,984629,984871
5375,194,8125,977398,977592
6676,194,8391,977228,977422
9550,194,8464,977251,977445
5796,194,8618,977193,977387
9492,194,8688,977219,977413
9938,194,8925,977078,977272
9126,194,9072,977027,977221
7649,194,9174,977021,977215
8081,194,9208,977083,977277
8823,194,9357,977030,977224
8832,194,9360,977123,977317
3783,194,9523,977056,977250
7762,194,9534,977141,977335
9387,194,9541,977230,977424
8511,194,9655,977212,977406
3640,194,9687,977276,977470
7734,194,9764,977295,977489
1287,194,9815,977340,977534
9476,194,9963,977288,977482
438,243,593,986705,986948
412,243,969,986425,986668
6639,195,8008,979531,979726
1755,195,8039,979597,979792
2343,195,8218,979515,979710
3591,195,8223,979607,979802
2105,195,8226,979701,979896
8610,195,8270,979754,979949
8543,195,8324,979797,979992
9283,195,8419,979799,979994
9855,195,8448,979867,980062
7336,195,8450,979962,980157
5164,195,8470,980039,980234
6436,195,8520,980086,980281
5572,195,8579,980124,980319
2499,195,8580,980220,980415
2182,195,8625,980272,980467
1179,195,8693,980301,980496
3018,195,8694,980397,980592
4330,195,8700,980488,980683
5632,195,8717,980568,980763
5617,195,8722,980660,980855
1143,195,8771,980708,980903
7619,195,8789,980787,980982
9435,195,8810,980863,981058
4807,195,8918,980852,981047
8689,195,8922,980945,981140
7881,195,9011,980953,981148
1850,195,9092,980969,981164
8565,195,9123,981035,981230
6343,195,9140,981115,981310
3620,195,9194,981158,981353
7478,195,9214,981235,981430
6958,195,9223,981323,981518
5899,195,9254,981389,981584
4566,195,9278,981462,981657
1358,195,9302,981535,981730
4405,195,9592,981342,981537
7925,195,9603,981428,981623
7466,195,9634,981494,981689
2529,195,9850,981375,981570
8210,195,9872,981450,981645
1141,195,9912,981507,981702
4714,195,9923,981593,981788
8198,195,9929,981684,981879
967,244,639,991022,991266
334,244,658,991100,991344
505,244,881,990974,991218
6205,196,8122,983879,984075
9677,196,8183,983916,984112
4813,196,8245,983952,984148
7570,196,8268,984027,984223
2889,196,8333,984060,984256
5315,196,8335,984156,984352
1431,196,8402,984187,984383
4796,196,8505,984182,984378
7951,196,8620,984165,984361
2309,196,8725,984158,984354
2293,196,8868,984113,984309
9014,196,8942,984137,984333
8814,196,8943,984234,984430
5885,196,9235,984040,984236
2556,196,9352,984021,984217
1207,196,9385,984086,984282
6104,196,9507,984062,984258
5692,196,9550,984117,984313
7561,196,9562,984203,984399
9091,196,9686,984177,984373
3554,196,9718,984243,984439
1579,196,9751,984308,984504
9943,196,9766,984391,984587
7285,196,9821,984434,984630
1280,196,9862,984491,984687
8023,196,9924,984527,984723
267,245,370,994130,994375
995,245,525,994073,994318
824,245,595,994101,994346
7034,197,8001,1147709,1147906
6848,197,8054,1147706,1147903
1264,197,8156,1147654,1147851
1347,197,8343,1147517,1147714
3830,197,8370,1147540,1147737
9025,197,8447,1147513,1147710
6975,197,8626,1147384,1147581
3391,197,8633,1147427,1147624
6710,197,8655,1147455,1147652
2118,197,8681,1147479,1147676
2129,197,8714,1147496,1147693
6399,197,8721,1147539,1147736
1268,197,8756,1147554,1147751
8160,197,8809,1147551,1147748
8005,197,8983,1147427,1147624
7080,197,9038,1147422,1147619
1433,197,9044,1147466,1147663
6431,197,9045,1147515,1147712
6579,197,9108,1147502,1147699
6006,197,9137,1147523,1147720
6537,197,9269,1147441,1147638
4560,197,9287,1147473,1147670
3068,197,9307,1147503,1147700
6998,197,9651,1147209,1147406
3996,197,9753,1147157,1147354
8068,197,9766,1147194,1147391
7777,197,9798,1147212,1147409
1483,197,9816,1147244,1147441
7630,197,9945,1147165,1147362
997,246,195,1156916,1157162
406,246,780,1156381,1156627
1428,198,8001,1149259,1149457
5938,198,8031,1149280,1149478
6587,198,8052,1149310,1149508
2858,198,8142,1149271,1149469
6454,198,8211,1149253,1149451
4123,198,8246,1149269,1149467
7726,198,8255,1149311,1149509
4170,198,8406,1149211,1149409
5303,198,8460,1149208,1149406
1073,198,8569,1149150,1149348
5665,198,8611,1149159,1149357
4027,198,8786,1149035,1149233
3298,198,8794,1149078,1149276
9652,198,8811,1149112,1149310
6632,198,8929,1149045,1149243
5758,198,8945,1149080,1149278
6742,198,8947,1149129,1149327
1520,198,9040,1149087,1149285
7703,198,9074,1149104,1149302
9141,198,9185,1149044,1149242
7290,198,9304,1148976,1149174
4697,198,9429,1148902,1149100
8186,198,9827,1148555,1148753
2890,198,9936,1148497,1148695
4755,198,9986,1148498,1148696
211,247,329,1158157,1158404
990,247,447,1158090,1158337
571,247,467,1158121,1158368
1643,199,8077,1150611,1150810
9443,199,8110,1150630,1150829
1194,199,8380,1150412,1150611
7219,199,8579,1150265,1150464
1870,199,8583,1150313,1150512
1756,199,8596,1150352,1150551
4937,199,8618,1150382,1150581
6736,199,8730,1150322,1150521
4191,199,8734,1150370,1150569
7349,199,8768,1150388,1150587
1613,199,8805,1150403,1150602
2828,199,8807,1150453,1150652
9432,199,8812,1150500,1150699
4582,199,8834,1150530,1150729
1336,199,8874,1150542,1150741
1408,199,9162,1150306,1150505
7695,199,9261,1150259,1150458
9048,199,9304,1150268,1150467
8034,199,9371,1150253,1150452
5144,199,9529,1150147,1150346
5503,199,9543,1150185,1150384
4108,199,9616,1150164,1150363
8857,199,9791,1150041,1150240
5008,199,9822,1150062,1150261
1024,199,9827,1150109,1150308
5585,199,9893,1150095,1150294
401,248,521,1159470,1159718
1163,200,8005,1152087,1152287
7910,200,8022,1152123,1152323
6468,200,8135,1152063,1152263
8542,200,8195,1152056,1152256
8021,200,8249,1152055,1152255
2673,200,8273,1152084,1152284
3275,200,8324,1152086,1152286
7209,200,8366,1152097,1152297
5507,200,8387,1152129,1152329
7371,200,8475,1152094,1152294
5117,200,8573,1152049,1152249
6775,200,8648,1152027,1152227
3908,200,8788,1151940,1152140
5536,200,8852,1151929,1152129
9942,200,8879,1151955,1152155
9755,200,8894,1151993,1152193
1404,200,8945,1151995,1152195
1474,200,9090,1151903,1152103
7769,200,9167,1151879,1152079
9927,200,9222,1151877,1152077
6172,200,9423,1151729,1151929
6936,200,9432,1151773,1151973
4536,200,9445,1151813,1152013
3185,200,9459,1151852,1152052
1580,200,9573,1151791,1151991
2331,200,9599,1151818,1152018
9524,200,9683,1151787,1151987
1828,200,9702,1151821,1152021
9232,200,9737,1151839,1152039
5753,200,9769,1151860,1152060
8622,200,9896,1151786,1151986
194,249,112,1161574,1161823
962,249,278,1161461,1161710
945,249,813,1160979,1161228
785,249,891,1160954,1161203
9849,201,8017,1153930,1154131
9256,201,8070,1153931,1154132
7595,201,8092,1153963,1154164
3212,201,8328,1153781,1153982
5220,201,8359,1153804,1154005
9688,201,8452,1153765,1153966
2395,201,8662,1153609,1153810
9958,201,8667,1153658,1153859
2621,201,8779,1153600,1153801
5960,201,8786,1153647,1153848
6585,201,8910,1153577,1153778
1736,201,9060,1153481,1153682
7258,201,9125,1153470,1153671
5474,201,9136,1153513,1153714
6385,201,9204,1153499,1153700
5992,201,9208,1153549,1153750
1370,201,9221,1153590,1153791
5985,201,9229,1153636,1153837
9687,201,9275,1153644,1153845
1906,201,9299,1153674,1153875
7017,201,9311,1153716,1153917
1524,201,9341,1153740,1153941
6643,201,9444,1153691,1153892
3837,201,9520,1153669,1153870
5484,201,9549,1153694,1153895
1638,201,9641,1153656,1153857
9195,201,9774,1153577,1153778
2138,201,9788,1153617,1153818
1606,201,9834,1153625,1153826
9633,201,9959,1153554,1153755
7342,201,9967,1153600,1153801
8258,201,9981,1153640,1153841
4104,202,8063,1155612,1155814
5722,202,8119,1155611,1155813
5576,202,8137,1155648,1155850
3788,202,8184,1155656,1155858
7245,202,8279,1155616,1155818
8579,202,8303,1155647,1155849
1100,202,8383,1155622,1155824
5065,202,8395,1155665,1155867
6088,202,8529,1155586,1155788
2753,202,8536,1155634,1155836
1201,202,8580,1155645,1155847
2901,202,8637,1155643,1155845
1460,202,8650,1155685,1155887
3987,202,8693,1155697,1155899
1070,202,8711,1155734,1155936
6101,202,8734,1155766,1155968
4947,202,8848,1155707,1155909
1634,202,8881,1155729,1155931
5265,202,8913,1155752,1155954
5786,202,8999,1155721,1155923
5183,202,9051,1155724,1155926
3818,202,9053,1155777,1155979
9496,202,9063,1155822,1156024
1544,202,9069,1155871,1156073
4743,202,9085,1155910,1156112
1357,202,9090,1155960,1156162
9553,202,9099,1156006,1156208
4045,202,9148,1156012,1156214
6791,202,9318,1155897,1156099
5086,202,9330,1155940,1156142
2565,202,9419,1155906,1156108
1932,202,9488,1155892,1156094
9077,202,9548,1155887,1156089
4837,202,9558,1155932,1156134
7036,202,9652,1155893,1156095
7752,202,9672,1155928,1156130
1098,202,9730,1155925,1156127
2935,202,9740,1155970,1156172
1743,202,9744,1156021,1156223
9063,202,9810,1156010,1156212
8218,202,9878,1155997,1156199
5676,202,9978,1155952,1156154
148,251,112,1165824,1166075
253,251,143,1165848,1166099
641,251,311,1165735,1165986
403,251,367,1165734,1165985
151,251,395,1165761,1166012
254,251,463,1165748,1165999
6143,203,8011,1158304,1158507
4646,203,8170,1158201,1158404
2527,203,8203,1158224,1158427
8088,203,8211,1158272,1158475
9700,203,8268,1158271,1158474
3243,203,8331,1158264,1158467
3530,203,8335,1158316,1158519
3233,203,8460,1158247,1158450
1167,203,8484,1158279,1158482
3152,203,8622,1158197,1158400
8450,203,8796,1158079,1158282
3668,203,8863,1158068,1158271
8439,203,8864,1158123,1158326
1948,203,8917,1158126,1158329
6453,203,8972,1158127,1158330
6768,203,8981,1158174,1158377
2487,203,9041,1158170,1158373
6451,203,9078,1158189,1158392
9371,203,9103,1158220,1158423
1277,203,9138,1158241,1158444
1155,203,9396,1158039,1158242
9241,203,9510,1157981,1158184
4419,203,9565,1157982,1158185
8630,203,9714,1157889,1158092
8812,203,9731,1157928,1158131
1042,203,9736,1157979,1158182
6252,203,9868,1157903,1158106
6586,203,9883,1157944,1158147
991,252,384,1167450,1167702
130,252,845,1167045,1167297
3779,204,8014,1159981,1160185
7487,204,8074,1159978,1160182
7686,204,8158,1159951,1160155
1281,204,8262,1159904,1160108
9911,204,8393,1159830,1160034
8374,204,8624,1159656,1159860
1096,204,8645,1159692,1159896
6599,204,8660,1159734,1159938
5800,204,8712,1159739,1159943
4151,204,8722,1159786,1159990
7181,204,8791,1159774,1159978
5608,204,8873,1159749,1159953
1371,204,8966,1159713,1159917
5167,204,9091,1159645,1159849
5790,204,9187,1159606,1159810
5986,204,9344,1159506,1159710
8826,204,9480,1159427,1159631
4500,204,9484,1159480,1159684
6221,204,9541,1159480,1159684
1818,204,9556,1159522,1159726
3031,204,9580,1159555,1159759
9662,204,9667,1159525,1159729
1476,204,9675,1159574,1159778
1001,204,9682,1159624,1159828
8037,204,9683,1159680,1159884
1374,204,9714,1159706,1159910
8560,204,9855,1159622,1159826
7654,204,9876,1159658,1159862
8008,204,9886,1159705,1159909
1814,204,9928,1159720,1159924
5043,204,9929,1159776,1159980
5056,204,9983,1159779,1159983
311,253,158,1169612,1169865
514,253,206,1169621,1169874
193,253,556,1169328,1169581
2755,205,8044,1161946,1162151
1451,205,8198,1161850,1162055
2638,205,8420,1161686,1161891
1553,205,8438,1161726,1161931
5592,205,8455,1161767,1161972
1126,205,8507,1161773,1161978
3705,205,8529,1161809,1162014
3399,205,8603,1161793,1161998
1111,205,8668,1161786,1161991
4026,205,8688,1161824,1162029
7115,205,8688,1161882,1162087
1390,205,8741,1161887,1162092
5855,205,8756,1161930,1162135
3764,205,8917,1161827,1162032
1187,205,8959,1161843,1162048
2480,205,8988,1161872,1162077
1423,205,9027,1161891,1162096
5909,205,9125,1161851,1162056
5964,205,9193,1161841,1162046
6995,205,9208,1161884,1162089
6880,205,9313,1161837,1162042
7583,205,9387,1161821,1162026
6194,205,9432,1161834,1162039
7446,205,9448,1161876,1162081
6007,205,9497,1161885,1162090
9753,205,9546,1161894,1162099
8096,205,9563,1161935,1162140
8064,205,9593,1161963,1162168
6501,205,9731,1161883,1162088
5743,205,9750,1161922,1162127
3684,205,9865,1161865,1162070
1562,205,9907,1161881,1162086
4249,205,9945,1161901,1162106
3733,205,9946,1161958,1162163
1724,205,9987,1161975,1162180
252,254,203,1171768,1172022
881,254,350,1171679,1171933
640,254,791,1171296,1171550
3312,206,8067,1164127,1164333
2083,206,8133,1164120,1164326
7856,206,8292,1164020,1164226
8460,206,8336,1164035,1164241
6990,206,8777,1163653,1163859
1628,206,8781,1163708,1163914
6309,206,8854,1163694,1163900
5304,206,9023,1163584,1163790
9415,206,9052,1163614,1163820
6111,206,9082,1163643,1163849
6774,206,9098,1163686,1163892
3878,206,9104,1163739,1163945
9270,206,9104,1163798,1164004
4634,206,9136,1163825,1164031
9053,206,9138,1163882,1164088
6598,206,9200,1163879,1164085
1526,206,9230,1163908,1164114
2110,206,9253,1163944,1164150
1678,206,9260,1163996,1164202
5225,206,9358,1163957,1164163
4997,206,9373,1164001,1164207
9510,206,9524,1163909,1164115
6940,206,9531,1163961,1164167
3954,206,9555,1163996,1164202
9906,206,9576,1164034,1164240
7547,206,9607,1164062,1164268
3292,206,9621,1164107,1164313
4606,206,9665,1164122,1164328
1951,206,9679,1164167,1164373
7119,206,9711,1164194,1164400
1955,206,9751,1164213,1164419
5913,206,9781,1164242,1164448
9370,206,9814,1164268,1164474
8139,206,9870,1164271,1164477
8308,206,9877,1164323,1164529
6915,206,9888,1164371,1164577
4354,206,9946,1164372,1164578
862,255,149,1174179,1174434
445,255,266,1174121,1174376
583,255,751,1173695,1173950
433,255,847,1173658,1173913
1839,207,8005,1166608,1166815
8269,207,8012,1166661,1166868
1941,207,8196,1166537,1166744
1897,207,8238,1166555,1166762
9182,207,8298,1166555,1166762
7241,207,8347,1166566,1166773
8611,207,8414,1166559,1166766
4100,207,8487,1166546,1166753
4913,207,8517,1166576,1166783
9236,207,8520,1166633,1166840
3899,207,8561,1166652,1166859
2325,207,8571,1166702,1166909
8346,207,8650,1166683,1166890
1887,207,8698,1166695,1166902
4669,207,8706,1166747,1166954
4724,207,8740,1166773,1166980
6414,207,8744,1166829,1167036
8954,207,8792,1166841,1167048
3885,207,8883,1166810,1167017
5177,207,8893,1166860,1167067
8425,207,9001,1166812,1167019
7194,207,9019,1166854,1167061
1753,207,9033,1166900,1167107
1765,207,9106,1166887,1167094
5568,207,9369,1166684,1166891
8070,207,9403,1166710,1166917
5371,207,9492,1166681,1166888
9873,207,9572,1166661,1166868
5025,207,9589,1166704,1166911
3153,207,9674,1166679,1166886
2701,207,9689,1166724,1166931
3343,207,9719,1166754,1166961
1884,207,9753,1166780,1166987
2632,207,9767,1166826,1167033
8553,207,9795,1166858,1167065
7256,207,9866,1166847,1167054
8229,208,8018,1168755,1168963
8277,208,8035,1168799,1169007
6260,208,8065,1168830,1169038
8362,208,8109,1168847,1169055
6317,208,8143,1168874,1169082
5944,208,8368,1168710,1168918
7545,208,8402,1168737,1168945
2185,208,8475,1168725,1168933
1510,208,8804,1168457,1168665
9271,208,8807,1168515,1168723
2528,208,8810,1168573,1168781
3940,208,8825,1168619,1168827
6833,208,8826,1168679,1168887
2955,208,8901,1168665,1168873
4079,208,8940,1168687,1168895
4737,208,8958,1168730,1168938
1032,208,9063,1168686,1168894
8410,208,9075,1168735,1168943
1255,208,9134,1168737,1168945
9452,208,9393,1168539,1168747
7521,208,9399,1168594,1168802
9590,208,9473,1168581,1168789
1976,208,9552,1168563,1168771
6008,208,9642,1168534,1168742
4280,208,9808,1168429,1168637
8419,208,9910,1168388,1168596
8825,208,9924,1168435,1168643
771,257,326,1178045,1178302
4348,209,8145,1170336,1170545
4719,209,8147,1170396,1170605
7347,209,8199,1170406,1170615
8386,209,8205,1170462,1170671
2655,209,8221,1170508,1170717
4378,209,8254,1170537,1170746
3415,209,8318,1170535,1170744
6461,209,8344,1170571,1170780
1441,209,8410,1170567,1170776
9543,209,8500,1170539,1170748
1842,209,8519,1170582,1170791
5058,209,8521,1170642,1170851
7819,209,8539,1170686,1170895
5483,209,8635,1170652,1170861
1835,209,8636,1170713,1170922
1539,209,8693,1170718,1170927
6039,209,8808,1170665,1170874
3921,209,8895,1170640,1170849
5738,209,8907,1170690,1170899
1162,209,9298,1170361,1170570
2768,209,9357,1170364,1170573
3947,209,9435,1170348,1170557
4562,209,9485,1170360,1170569
6232,209,9676,1170231,1170440
9804,209,9678,1170291,1170500
4941,209,9706,1170325,1170534
9675,209,9714,1170379,1170588
8635,209,9761,1170394,1170603
6256,209,9772,1170445,1170654
9389,209,9827,1170452,1170661
6132,209,9884,1170457,1170666
2001,209,9900,1170503,1170712
639,258,234,1180182,1180440
317,258,462,1180016,1180274
255,258,578,1179962,1180220
503,258,721,1179881,1180139
6240,210,8058,1172655,1172865
5643,210,8187,1172589,1172799
1542,210,8275,1172564,1172774
2932,210,8349,1172553,1172763
1913,210,8385,1172580,1172790
5792,210,8546,1172482,1172692
1429,210,8588,1172503,1172713
4775,210,8613,1172541,1172751
6843,210,8627,1172590,1172800
3297,210,8631,1172649,1172859
8976,210,8649,1172694,1172904
1438,210,8667,1172739,1172949
7160,210,8675,1172794,1173004
7167,210,8723,1172809,1173019
4269,210,8745,1172850,1173060
4417,210,8975,1172683,1172893
5526,210,9046,1172675,1172885
5033,210,9058,1172726,1172936
1231,210,9061,1172786,1172996
8771,210,9174,1172736,1172946
2148,210,9182,1172791,1173001
4010,210,9194,1172842,1173052
2469,210,9197,1172902,1173112
2834,210,9211,1172951,1173161
3708,210,9211,1173014,1173224
4831,210,9291,1172997,1173207
2099,210,9334,1173017,1173227
7906,210,9473,1172941,1173151
4078,210,9501,1172976,1173186
4600,210,9552,1172988,1173198
2819,210,9847,1172756,1172966
441,259,812,1181805,1182064
2863,211,8080,1174649,1174860
3599,211,8306,1174487,1174698
7810,211,8343,1174514,1174725
1975,211,8413,1174508,1174719
1868,211,8422,1174563,1174774
2287,211,8497,1174552,1174763
3752,211,8499,1174614,1174825
9766,211,8516,1174661,1174872
2618,211,8517,1174724,1174935
2162,211,8729,1174576,1174787
9582,211,8775,1174594,1174805
3723,211,8843,1174590,1174801
2690,211,8868,1174629,1174840
2248,211,8984,1174577,1174788
7345,211,9109,1174516,1174727
7044,211,9276,1174413,1174624
7442,211,9282,1174471,1174682
5928,211,9376,1174441,1174652
3751,211,9384,1174497,1174708
9428,211,9434,1174511,1174722
9159,211,9505,1174504,1174715
2929,211,9508,1174565,1174776
6986,211,9531,1174606,1174817
2398,211,9543,1174658,1174869
4462,211,9543,1174722,1174933
8704,211,9544,1174785,1174996
4643,211,9604,1174789,1175000
6089,211,9643,1174814,1175025
4444,211,9650,1174871,1175082
2510,211,9715,1174870,1175081
7661,211,9828,1174821,1175032
4496,211,9928,1174785,1174996
753,260,502,1184226,1184486
466,260,772,1184020,1184280
1014,212,8064,1176841,1177053
6529,212,8117,1176853,1177065
9664,212,8250,1176785,1176997
4520,212,8422,1176678,1176890
7689,212,8500,1176665,1176877
5856,212,8512,1176718,1176930
2538,212,8565,1176730,1176942
4157,212,8576,1176784,1176996
2327,212,8735,1176690,1176902
2303,212,8744,1176746,1176958
5761,212,8800,1176755,1176967
7069,212,8848,1176772,1176984
3829,212,8910,1176775,1176987
5481,212,9019,1176731,1176943
8062,212,9022,1176793,1177005
2788,212,9065,1176815,1177027
9850,212,9214,1176731,1176943
2092,212,9257,1176753,1176965
6788,212,9266,1176809,1177021
2230,212,9494,1176646,1176858
9197,212,9615,1176590,1176802
5830,212,9624,1176646,1176858
1283,212,9639,1176696,1176908
1760,212,9705,1176695,1176907
4778,212,9714,1176751,1176963
2237,212,9721,1176809,1177021
2737,212,9861,1176734,1176946
5110,212,9869,1176791,1177003
2944,212,9872,1176853,1177065
887,261,249,1186492,1186753
569,261,865,1185941,1186202
6151,213,8012,1178908,1179121
3260,213,8019,1178967,1179180
5333,213,8172,1178880,1179093
1168,213,8174,1178944,1179157
4352,213,8364,1178820,1179033
6061,213,8390,1178860,1179073
9333,213,8508,1178808,1179021
4674,213,8534,1178848,1179061
6807,213,8551,1178897,1179110
9243,213,8555,1178959,1179172
7278,213,8557,1179023,1179236
4388,213,8564,1179082,1179295
8868,213,8606,1179106,1179319
8359,213,8652,1179126,1179339
8191,213,8745,1179099,1179312
2382,213,8774,1179136,1179349
6971,213,8905,1179071,1179284
2390,213,8910,1179132,1179345
5335,213,9038,1179070,1179283
2649,213,9040,1179134,1179347
5179,213,9051,1179189,1179402
2175,213,9167,1179139,1179352
1320,213,9185,1179187,1179400
7175,213,9252,1179186,1179399
1403,213,9274,1179230,1179443
5209,213,9278,1179292,1179505
2652,213,9307,1179329,1179542
2823,213,9377,1179325,1179538
8498,213,9758,1179010,1179223
3058,213,9934,1178900,1179113
8209,213,9964,1178936,1179149
536,262,303,1188614,1188876
446,262,690,1188293,1188555
678,262,791,1188258,1188520
7450,214,8193,1180971,1181185
1496,214,8253,1180978,1181192
4851,214,8273,1181025,1181239
9441,214,8384,1180981,1181195
5524,214,8388,1181044,1181258
9350,214,8421,1181078,1181292
5791,214,8523,1181043,1181257
9571,214,8568,1181065,1181279
8385,214,8637,1181063,1181277
9193,214,8661,1181106,1181320
3362,214,8677,1181157,1181371
3514,214,8886,1181015,1181229
4054,214,8941,1181027,1181241
2269,214,8954,1181081,1181295
6176,214,8975,1181127,1181341
9034,214,9034,1181135,1181349
2965,214,9066,1181170,1181384
6966,214,9093,1181210,1181424
2633,214,9188,1181182,1181396
2712,214,9196,1181241,1181455
7457,214,9247,1181257,1181471
5188,214,9253,1181318,1181532
1603,214,9302,1181336,1181550
6391,214,9346,1181359,1181573
1321,214,9360,1181412,1181626
8807,214,9421,1181418,1181632
4403,214,9455,1181451,1181665
4859,214,9599,1181374,1181588
3517,214,9710,1181330,1181544
2708,214,9803,1181304,1181518
7849,214,9839,1181335,1181549
1398,214,9849,1181392,1181606
9953,214,9892,1181416,1181630
929,263,569,1190757,1191020
2878,215,8012,1183430,1183645
2813,215,8042,1183468,1183683
5420,215,8055,1183523,1183738
4797,215,8103,1183543,1183758
8093,215,8159,1183555,1183770
7988,215,8175,1183607,1183822
6885,215,8192,1183658,1183873
6776,215,8245,1183673,1183888
4679,215,8268,1183718,1183933
3111,215,8269,1183785,1184000
8680,215,8305,1183817,1184032
3324,215,8309,1183881,1184096
8942,215,8328,1183930,1184145
8806,215,8331,1183995,1184210
3224,215,8514,1183880,1184095
1239,215,8554,1183908,1184123
6152,215,8595,1183935,1184150
4532,215,8605,1183993,1184208
4684,215,8831,1183835,1184050
9515,215,8916,1183818,1184033
8285,215,9015,1183787,1184002
6460,215,9024,1183846,1184061
2970,215,9139,1183799,1184014
4950,215,9199,1183807,1184022
4121,215,9290,1183784,1183999
7815,215,9297,1183845,1184060
5721,215,9419,1183791,1184006
3369,215,9441,1183837,1184052
1224,215,9555,1183791,1184006
8131,215,9657,1183757,1183972
1112,215,9719,1183763,1183978
4632,215,9822,1183728,1183943
3211,215,9901,1183717,1183932
3271,215,9938,1183748,1183963
6406,216,8110,1185644,1185860
4960,216,8199,1185624,1185840
1696,216,8259,1185633,1185849
7493,216,8562,1185399,1185615
6662,216,8692,1185338,1185554
9604,216,8710,1185389,1185605
6004,216,8748,1185420,1185636
3851,216,8754,1185483,1185699
8282,216,8778,1185528,1185744
6634,216,8844,1185531,1185747
4034,216,8915,1185529,1185745
9251,216,8934,1185579,1185795
2745,216,9017,1185565,1185781
9050,216,9040,1185611,1185827
7715,216,9056,1185664,1185880
7888,216,9107,1185682,1185898
4974,216,9297,1185561,1185777
3820,216,9327,1185600,1185816
3931,216,9609,1185387,1185603
6925,216,9775,1185290,1185506
8486,216,9821,1185313,1185529
4889,216,9844,1185359,1185575
6697,216,9862,1185410,1185626
9504,216,9952,1185389,1185605
6223,216,9975,1185435,1185651
184,265,124,1195306,1195571
283,265,714,1194785,1195050
4037,217,8074,1187543,1187760
4999,217,8180,1187507,1187724
6280,217,8243,1187514,1187731
6909,217,8287,1187540,1187757
6693,217,8297,1187600,1187817
5346,217,8325,1187642,1187859
1636,217,8465,1187572,1187789
3094,217,8469,1187638,1187855
7002,217,8764,1187413,1187630
6993,217,8818,1187429,1187646
4783,217,8851,1187466,1187683
3693,217,8921,1187466,1187683
2924,217,9089,1187368,1187585
8032,217,9133,1187394,1187611
1223,217,9672,1186925,1187142
9366,217,9676,1186991,1187208
2995,217,9678,1187059,1187276
6338,217,9786,1187021,1187238
2080,217,9817,1187060,1187277
1356,217,9829,1187118,1187335
3884,217,9859,1187158,1187375
9329,217,9875,1187212,1187429
5920,217,9877,1187280,1187497
2443,217,9900,1187327,1187544
9398,217,9967,1187330,1187547
7916,217,9991,1187376,1187593
331,266,176,1197212,1197478
548,266,332,1197126,1197392
270,266,483,1197045,1197311
531,266,960,1196638,1196904
3049,218,8010,1189707,1189925
3203,218,8027,1189761,1189979
7157,218,8051,1189808,1190026
6024,218,8114,1189816,1190034
5310,218,8232,1189769,1189987
4431,218,8237,1189835,1190053
2781,218,8294,1189849,1190067
5736,218,8304,1189910,1190128
7185,218,8379,1189906,1190124
6481,218,8454,1189902,1190120
2274,218,8468,1189959,1190177
1874,218,8743,1189755,1189973
6082,218,8765,1189804,1190022
3100,218,8811,1189829,1190047
6278,218,8857,1189854,1190072
8775,218,8916,1189866,1190084
7576,218,8932,1189921,1190139
1305,218,8971,1189953,1190171
1857,218,8971,1190024,1190242
5566,218,9170,1189896,1190114
1728,218,9180,1189957,1190175
2681,218,9182,1190026,1190244
9841,218,9197,1190082,1190300
8674,218,9400,1189950,1190168
8101,218,9490,1189931,1190149
8132,218,9499,1189993,1190211
3826,218,9520,1190043,1190261
4563,218,9522,1190112,1190330
3560,218,9544,1190161,1190379
9175,218,9567,1190209,1190427
2983,218,9599,1190248,1190466
3491,218,9619,1190299,1190517
3911,218,9761,1190228,1190446
5946,218,9869,1190191,1190409
4135,218,9880,1190251,1190469
8798,218,9886,1190316,1190534
5261,218,9954,1190319,1190537
5041,218,9975,1190369,1190587
9792,218,9986,1190429,1190647
529,267,455,1199982,1200249
450,267,554,1199954,1200221
768,267,903,1199676,1199943
4182,219,8038,1192661,1192880
8078,219,8041,1192730,1192949
2666,219,8150,1192693,1192912
2795,219,8223,1192692,1192911
7476,219,8250,1192737,1192956
4956,219,8316,1192743,1192962
3822,219,8402,1192729,1192948
8462,219,8498,1192705,1192924
3871,219,8511,1192764,1192983
8290,219,8512,1192835,1193054
2603,219,8534,1192885,1193104
5194,219,8575,1192916,1193135
7368,219,8652,1192911,1193130
1090,219,8657,1192978,1193197
8110,219,8869,1192838,1193057
4670,219,8909,1192870,1193089
6530,219,9063,1192788,1193007
9976,219,9101,1192822,1193041
2295,219,9110,1192885,1193104
9957,219,9140,1192927,1193146
7236,219,9202,1192937,1193156
6297,219,9321,1192890,1193109
8398,219,9394,1192889,1193108
9684,219,9418,1192937,1193156
7540,219,9421,1193006,1193225
9040,219,9494,1193005,1193224
9316,219,9497,1193074,1193293
2996,219,9529,1193114,1193333
6892,219,9593,1193122,1193341
2770,219,9684,1193103,1193322
5449,219,9856,1193003,1193222
7028,219,9877,1193054,1193273
5242,219,9941,1193062,1193281
397,268,705,1202321,1202589
1489,220,8134,1195013,1195233
4725,220,8237,1194983,1195203
4730,220,8272,1195021,1195241
8167,220,8313,1195053,1195273
1573,220,8319,1195120,1195340
5350,220,8558,1194954,1195174
9520,220,8641,1194944,1195164
6532,220,8669,1194989,1195209
5756,220,8743,1194988,1195208
2218,220,8749,1195055,1195275
5488,220,8828,1195049,1195269
8204,220,8846,1195104,1195324
9482,220,8879,1195144,1195364
6799,220,8888,1195208,1195428
4718,220,8915,1195254,1195474
4766,220,8926,1195316,1195536
5386,220,8989,1195326,1195546
9756,220,9157,1195231,1195451
3845,220,9245,1195216,1195436
8895,220,9295,1195239,1195459
1322,220,9510,1195097,1195317
4855,220,9559,1195121,1195341
1538,220,9594,1195159,1195379
4844,220,9850,1194976,1195196
7426,220,9899,1195000,1195220
7534,220,9955,1195017,1195237
1560,220,9986,1195059,1195279
798,269,88,1204981,1205250
744,269,643,1204499,1204768
597,269,709,1204506,1204775
2636,221,8015,1197322,1197543
9230,221,8060,1197351,1197572
2677,221,8128,1197357,1197578
4910,221,8151,1197408,1197629
6991,221,8152,1197481,1197702
5803,221,8153,1197554,1197775
4244,221,8262,1197519,1197740
2308,221,8706,1197149,1197370
3933,221,8745,1197184,1197405
7867,221,8784,1197219,1197440
9593,221,8925,1197152,1197373
4242,221,8932,1197219,1197440
1930,221,9017,1197208,1197429
1027,221,9105,1197194,1197415
9164,221,9459,1196914,1197135
6327,221,9548,1196899,1197120
4800,221,9589,1196932,1197153
2124,221,9664,1196931,1197152
3059,221,9669,1197000,1197221
5427,221,9683,1197060,1197281
4166,221,9714,1197103,1197324
5250,221,9733,1197158,1197379
7750,221,9734,1197231,1197452
2428,221,9763,1197276,1197497
6755,221,9841,1197272,1197493
8541,221,9873,1197314,1197535
761,270,588,1206624,1206894
8866,222,8004,1199331,1199553
9061,222,8150,1199260,1199482
8631,222,8180,1199305,1199527
6562,222,8181,1199379,1199601
1278,222,8348,1199287,1199509
2993,222,8448,1199262,1199484
9754,222,8478,1199307,1199529
5466,222,8490,1199370,1199592
6591,222,8496,1199439,1199661
1940,222,8820,1199190,1199412
3972,222,8852,1199233,1199455
8546,222,8911,1199249,1199471
1202,222,8937,1199298,1199520
3024,222,8943,1199367,1199589
5249,222,8945,1199440,1199662
9499,222,9022,1199438,1199660
2280,222,9136,1199399,1199621
3532,222,9163,1199447,1199669
2300,222,9263,1199422,1199644
8910,222,9318,1199442,1199664
6673,222,9322,1199513,1199735
6032,222,9345,1199565,1199787
9854,222,9351,1199634,1199856
6613,222,9387,1199673,1199895
3516,222,9404,1199731,1199953
4416,222,9639,1199571,1199793
8337,222,9706,1199579,1199801
9689,222,9743,1199617,1199839
8612,222,9874,1199561,1199783
4030,222,9930,1199580,1199802
5118,222,9988,1199597,1199819
456,271,65,1209546,1209817
475,271,382,1209304,1209575
111,271,425,1209336,1209607
9381,223,8072,1201813,1202036
9187,223,8140,1201821,1202044
9426,223,8217,1201820,1202043
9812,223,8356,1201757,1201980
7102,223,8626,1201563,1201786
8685,223,8737,1201528,1201751
9513,223,8765,1201576,1201799
9225,223,8771,1201646,1201869
4240,223,8953,1201540,1201763
7239,223,8966,1201603,1201826
4456,223,8971,1201674,1201897
4051,223,9029,1201692,1201915
7607,223,9072,1201725,1201948
5412,223,9153,1201720,1201943
3821,223,9175,1201774,1201997
8129,223,9299,1201726,1201949
8391,223,9354,1201747,1201970
2761,223,9390,1201787,1202010
5674,223,9398,1201855,1202078
4585,223,9402,1201927,1202150
6410,223,9408,1201997,1202220
6467,223,9412,1202069,1202292
6204,223,9470,1202087,1202310
6818,223,9575,1202058,1202281
6439,223,9628,1202081,1202304
1467,223,9636,1202149,1202372
4221,223,9700,1202161,1202384
8772,223,9719,1202218,1202441
4019,223,9793,1202220,1202443
8187,223,9798,1202291,1202514
6749,223,9807,1202358,1202581
330,272,292,1211900,1212172
3846,224,8168,1204149,1204373
9203,224,8195,1204199,1204423
5935,224,8556,1203915,1204139
3085,224,8716,1203832,1204056
3466,224,8737,1203888,1204112
7177,224,8739,1203963,1204187
4577,224,8740,1204039,1204263
7496,224,8793,1204063,1204287
9130,224,8882,1204051,1204275
6622,224,9094,1203916,1204140
6167,224,9240,1203847,1204071
4581,224,9267,1203897,1204121
8214,224,9291,1203950,1204174
9092,224,9294,1204024,1204248
4464,224,9344,1204051,1204275
3556,224,9363,1204109,1204333
8770,224,9378,1204171,1204395
3398,224,9399,1204227,1204451
5827,224,9456,1204247,1204471
5896,224,9482,1204298,1204522
9947,224,9488,1204369,1204593
9083,224,9515,1204419,1204643
8384,224,9538,1204473,1204697
7920,224,9645,1204443,1204667
7332,224,9647,1204518,1204742
6816,224,9672,1204570,1204794
7134,224,9683,1204636,1204860
4081,224,9711,1204685,1204909
5024,224,9817,1204656,1204880
7305,224,9868,1204682,1204906
8736,224,9894,1204733,1204957
9377,224,9911,1204793,1205017
1029,224,9945,1204836,1205060
946,273,827,1213982,1214255
2928,225,8118,1206817,1207042
9769,225,8144,1206869,1207094
6064,225,8148,1206943,1207168
4116,225,8240,1206929,1207154
8605,225,8357,1206890,1207115
5777,225,8841,1206484,1206709
7326,225,9000,1206403,1206628
1784,225,9072,1206409,1206634
8171,225,9106,1206453,1206678
3454,225,9292,1206345,1206570
3974,225,9347,1206368,1206593
8743,225,9398,1206395,1206620
8699,225,9511,1206360,1206585
6066,225,9620,1206329,1206554
8788,225,9657,1206370,1206595
9922,225,9739,1206366,1206591
4173,225,9798,1206385,1206610
6767,225,9883,1206378,1206603
6158,225,9983,1206356,1206581
7087,225,9992,1206425,1206650
443,274,988,1215458,1215732
4147,226,8077,1208496,1208722
3627,226,8147,1208505,1208731
1486,226,8255,1208476,1208702
1080,226,8316,1208494,1208720
2911,226,8345,1208544,1208770
6596,226,8412,1208556,1208782
4990,226,8516,1208531,1208757
2104,226,8553,1208573,1208799
7337,226,8601,1208604,1208830
5109,226,8708,1208576,1208802
5848,226,8784,1208579,1208805
6401,226,8805,1208637,1208863
3799,226,9135,1208386,1208612
4622,226,9139,1208461,1208687
6162,226,9151,1208528,1208754
5955,226,9177,1208581,1208807
3174,226,9275,1208562,1208788
5714,226,9455,1208461,1208687
3075,226,9460,1208535,1208761
5516,226,9489,1208585,1208811
3587,226,9620,1208533,1208759
2811,226,9687,1208545,1208771
2113,226,9707,1208604,1208830
3183,226,9778,1208612,1208838
1072,226,9810,1208659,1208885
4353,226,9872,1208676,1208902
1527,226,9887,1208740,1208966
586,275,381,1218276,1218551
312,275,572,1218164,1218439
727,275,884,1217931,1218206
9022,227,8098,1210845,1211072
8776,227,8124,1210899,1211126
8855,227,8139,1210964,1211191
9691,227,8196,1210987,1211214
6861,227,8244,1211019,1211246
5948,227,8321,1211022,1211249
2717,227,8325,1211098,1211325
1877,227,8330,1211173,1211400
4615,227,8330,1211253,1211480
8332,227,8376,1211287,1211514
9198,227,8391,1211352,1211579
8811,227,8469,1211354,1211581
8299,227,8551,1211352,1211579
3774,227,8587,1211396,1211623
7948,227,8610,1211453,1211680
9157,227,8629,1211514,1211741
3130,227,8640,1211583,1211810
1578,227,8703,1211600,1211827
2401,227,8723,1211660,1211887
3405,227,8727,1211736,1211963
1484,227,8780,1211763,1211990
5655,227,8810,1211813,1212040
4122,227,9009,1211694,1211921
2060,227,9117,1211666,1211893
8080,227,9151,1211712,1211939
3354,227,9191,1211752,1211979
7922,227,9194,1211829,1212056
4823,227,9211,1211892,1212119
5418,227,9270,1211913,1212140
7565,227,9317,1211946,1212173
2137,227,9456,1211887,1212114
6448,227,9544,1211879,1212106
2074,227,9593,1211910,1212137
3918,227,9596,1211987,1212214
1038,227,9686,1211977,1212204
9718,227,9707,1212036,1212263
5969,227,9748,1212075,1212302
1442,227,9756,1212147,1212374
6281,227,9765,1212218,1212445
6677,227,9895,1212168,1212395
986,276,347,1221747,1222023
8578,228,8072,1214151,1214379
2930,228,8087,1214217,1214445
1830,228,8212,1214173,1214401
7643,228,8269,1214197,1214425
9952,228,8408,1214139,1214367
8584,228,8438,1214190,1214418
2757,228,8551,1214158,1214386
7865,228,8573,1214217,1214445
8257,228,8600,1214271,1214499
1813,228,8618,1214334,1214562
8029,228,8708,1214325,1214553
3681,228,8720,1214394,1214622
2562,228,8908,1214287,1214515
4438,228,8932,1214344,1214572
2004,228,8933,1214424,1214652
7544,228,9088,1214350,1214578
9621,228,9189,1214330,1214558
3307,228,9228,1214372,1214600
4660,228,9243,1214438,1214666
1046,228,9278,1214484,1214712
3348,228,9297,1214546,1214774
7249,228,9341,1214583,1214811
3675,228,9443,1214562,1214790
1651,228,9541,1214545,1214773
4110,228,9615,1214552,1214780
7324,228,9642,1214606,1214834
6660,228,9653,1214676,1214904
4921,228,9661,1214749,1214977
2413,228,9855,1214636,1214864
2279,228,9895,1214677,1214905
4247,228,9906,1214747,1214975
8754,228,9984,1214750,1214978
1203,228,9988,1214827,1215055
712,277,87,1224760,1225037
101,277,265,1224663,1224940
802,277,408,1224601,1224878
653,277,679,1224411,1224688
364,277,691,1224480,1224757
7147,229,8111,1217190,1217419
8055,229,8162,1217221,1217450
7814,229,8224,1217241,1217470
9268,229,8273,1217274,1217503
1501,229,8284,1217345,1217574
8416,229,8363,1217348,1217577
3912,229,8419,1217374,1217603
8182,229,8500,1217375,1217604
4758,229,8614,1217343,1217572
1227,229,8631,1217408,1217637
3592,229,8765,1217356,1217585
3338,229,8815,1217388,1217617
9537,229,8829,1217456,1217685
3357,229,8964,1217403,1217632
7018,229,9016,1217433,1217662
6412,229,9084,1217447,1217676
8175,229,9113,1217500,1217729
5469,229,9213,1217482,1217711
6834,229,9321,1217456,1217685
3279,229,9394,1217465,1217694
2642,229,9400,1217541,1217770
9795,229,9442,1217581,1217810
3191,229,9443,1217662,1217891
7503,229,9648,1217539,1217768
1654,229,9649,1217620,1217849
4750,229,9738,1217613,1217842
8717,229,9909,1217524,1217753
7251,229,9911,1217604,1217833
804,278,629,1226919,1227197
4756,230,8104,1219575,1219805
2359,230,8180,1219582,1219812
4878,230,8456,1219389,1219619
4893,230,8468,1219460,1219690
4923,230,8501,1219510,1219740
9592,230,8562,1219532,1219762
3396,230,8617,1219560,1219790
9908,230,8692,1219568,1219798
2598,230,8750,1219593,1219823
3811,230,8752,1219674,1219904
3259,230,8798,1219711,1219941
9424,230,8811,1219781,1220011
9761,230,8954,1219721,1219951
5493,230,9001,1219757,1219987
2470,230,9072,1219769,1219999
5274,230,9124,1219800,1220030
2202,230,9204,1219803,1220033
8764,230,9327,1219763,1219993
7987,230,9349,1219824,1220054
7424,230,9394,1219862,1220092
8313,230,9492,1219847,1220077
4567,230,9498,1219924,1220154
8228,230,9515,1219990,1220220
9453,230,9541,1220047,1220277
9506,230,9570,1220101,1220331
7837,230,9636,1220118,1220348
6667,230,9716,1220121,1220351
8525,230,9721,1220199,1220429
5633,230,9855,1220148,1220378
8423,230,9865,1220221,1220451
6083,230,9867,1220302,1220532
3474,230,9992,1220260,1220490
189,279,260,1230026,1230305
6772,231,8112,1222306,1222537
9931,231,8123,1222379,1222610
9038,231,8161,1222425,1222656
5854,231,8168,1222502,1222733
1515,231,8221,1222533,1222764
3319,231,8243,1222595,1222826
7165,231,8275,1222647,1222878
2160,231,8333,1222673,1222904
8113,231,8422,1222668,1222899
3588,231,8541,1222633,1222864
6429,231,8567,1222691,1222922
7915,231,8649,1222693,1222924
8003,231,8709,1222717,1222948
1471,231,8743,1222767,1222998
4490,231,8755,1222839,1223070
4881,231,8808,1222870,1223101
2077,231,8845,1222917,1223148
9413,231,8906,1222940,1223171
4977,231,8949,1222981,1223212
4972,231,8965,1223049,1223280
5574,231,8975,1223123,1223354
1004,231,9111,1223071,1223302
2536,231,9173,1223093,1223324
4175,231,9255,1223095,1223326
3864,231,9333,1223101,1223332
9220,231,9432,1223086,1223317
7805,231,9466,1223136,1223367
8602,231,9481,1223205,1223436
7385,231,9506,1223264,1223495
7362,231,9543,1223311,1223542
3462,231,9560,1223378,1223609
5022,231,9611,1223411,1223642
6960,231,9661,1223445,1223676
8544,231,9774,1223416,1223647
3978,231,9847,1223427,1223658
1687,231,9893,1223465,1223696
1068,231,9975,1223467,1223698
4773,231,9976,1223550,1223781
5149,231,9983,1223627,1223858
934,280,317,1233328,1233608
806,280,486,1233243,1233523
152,280,574,1233239,1233519
180,280,771,1233126,1233406
4554,232,8074,1225956,1226188
5173,232,8183,1225932,1226164
8158,232,8244,1225956,1226188
9144,232,8293,1225992,1226224
2246,232,8368,1226002,1226234
7924,232,8397,1226058,1226290
9049,232,8403,1226137,1226369
4827,232,8427,1226198,1226430
6653,232,8470,1226240,1226472
6261,232,8563,1226232,1226464
8449,232,8587,1226293,1226525
2368,232,8588,1226377,1226609
2749,232,8623,1226427,1226659
1867,232,8696,1226439,1226671
4035,232,8698,1226522,1226754
5508,232,8710,1226595,1226827
3160,232,8844,1226546,1226778
6735,232,8859,1226616,1226848
4390,232,8913,1226647,1226879
2139,232,8981,1226664,1226896
1945,232,8997,1226733,1226965
4085,232,9117,1226698,1226930
5583,232,9194,1226706,1226938
2866,232,9281,1226704,1226936
2492,232,9323,1226747,1226979
9217,232,9361,1226794,1227026
6796,232,9422,1226818,1227050
9969,232,9521,1226804,1227036
5951,232,9586,1226824,1227056
7468,232,9615,1226880,1227112
5882,232,9625,1226955,1227187
1293,232,9674,1226991,1227223
7516,232,9727,1227023,1227255
9252,232,9778,1227057,1227289
172,281,278,1236593,1236874
3727,233,8033,1228972,1229205
5703,233,8156,1228935,1229168
7300,233,8182,1228995,1229228
3839,233,8274,1228989,1229222
2102,233,8419,1228930,1229163
7204,233,8738,1228697,1228930
5616,233,8850,1228671,1228904
9334,233,8932,1228675,1228908
1604,233,9002,1228691,1228924
8079,233,9021,1228758,1228991
5540,233,9023,1228842,1229075
7282,233,9064,1228887,1229120
7869,233,9124,1228913,1229146
5857,233,9210,1228913,1229146
4866,233,9292,1228917,1229150
2087,233,9350,1228945,1229178
8238,233,9418,1228963,1229196
9870,233,9470,1228997,1229230
5765,233,9528,1229025,1229258
3374,233,9753,1228886,1229119
2574,233,9896,1228829,1229062
667,282,267,1238495,1238777
463,282,496,1238352,1238634
576,282,624,1238310,1238592
7410,234,8125,1230944,1231178
2923,234,8157,1230999,1231233
6616,234,8181,1231062,1231296
4801,234,8209,1231121,1231355
6952,234,8239,1231178,1231412
7611,234,8257,1231247,1231481
1677,234,8295,1231296,1231530
2599,234,8316,1231362,1231596
6123,234,8425,1231340,1231574
1022,234,8440,1231412,1231646
6251,234,8488,1231451,1231685
7311,234,8512,1231514,1231748
7921,234,8841,1231272,1231506
8246,234,8858,1231342,1231576
8145,234,8880,1231407,1231641
8633,234,8986,1231388,1231622
2485,234,9002,1231459,1231693
9939,234,9078,1231470,1231704
5343,234,9103,1231532,1231766
4289,234,9278,1231444,1231678
5810,234,9356,1231453,1231687
3786,234,9373,1231523,1231757
6424,234,9394,1231589,1231823
6756,234,9426,1231644,1231878
5278,234,9473,1231684,1231918
6146,234,9474,1231770,1232004
5713,234,9622,1231709,1231943
7738,234,9675,1231743,1231977
9551,234,9866,1231639,1231873
3411,234,9945,1231647,1231881
3524,234,9972,1231707,1231941
5079,234,9990,1231776,1232010
487,283,256,1241548,1241831
797,283,683,1241208,1241491
363,283,816,1241162,1241445
716,283,851,1241214,1241497
4482,235,8002,1234199,1234434
7004,235,8042,1234247,1234482
3318,235,8085,1234292,1234527
7696,235,8095,1234370,1234605
2548,235,8099,1234454,1234689
5519,235,8158,1234483,1234718
7585,235,8216,1234513,1234748
6520,235,8219,1234598,1234833
5607,235,8240,1234665,1234900
2679,235,8241,1234752,1234987
2575,235,8253,1234828,1235063
1272,235,8350,1234819,1235054
5254,235,8410,1234847,1235082
1049,235,8416,1234929,1235164
2039,235,8551,1234882,1235117
4231,235,8565,1234956,1235191
1981,235,8631,1234978,1235213
8125,235,8850,1234847,1235082
8840,235,8936,1234849,1235084
2849,235,8976,1234897,1235132
8128,235,9003,1234958,1235193
7834,235,9008,1235041,1235276
1717,235,9021,1235116,1235351
8162,235,9452,1234773,1235008
7392,235,9567,1234746,1234981
5958,235,9671,1234730,1234965
2543,235,9823,1234666,1234901
4976,235,9857,1234720,1234955
6282,235,9940,1234725,1234960
203,284,200,1244504,1244788
265,284,201,1244591,1244875
777,284,362,1244518,1244802
5141,236,8015,1237002,1237238
2026,236,8046,1237060,1237296
4274,236,8082,1237113,1237349
8181,236,8206,1237078,1237314
3494,236,8226,1237147,1237383
9715,236,8367,1237095,1237331
7255,236,8488,1237063,1237299
3060,236,8519,1237121,1237357
1618,236,8632,1237097,1237333
5825,236,8705,1237113,1237349
4031,236,8838,1237069,1237305
1883,236,9000,1236996,1237232
1314,236,9009,1237076,1237312
1416,236,9023,1237151,1237387
7961,236,9061,1237202,1237438
2558,236,9135,1237217,1237453
5529,236,9161,1237280,1237516
5596,236,9397,1237133,1237369
6526,236,9426,1237193,1237429
8756,236,9721,1236987,1237223
2531,236,9780,1237017,1237253
9445,236,9797,1237089,1237325
7824,236,9910,1237065,1237301
2426,236,9941,1237123,1237359
7192,236,9987,1237166,1237402
782,285,231,1246962,1247247
448,285,425,1246857,1247142
201,285,886,1246485,1246770
4602,237,8011,1239498,1239735
4655,237,8053,1239546,1239783
6361,237,8134,1239555,1239792
2656,237,8262,1239517,1239754
5729,237,8305,1239564,1239801
7991,237,8398,1239561,1239798
2073,237,8428,1239621,1239858
4092,237,8478,1239661,1239898
8738,237,8507,1239722,1239959
7879,237,8549,1239770,1240007
7823,237,8571,1239838,1240075
3372,237,8599,1239900,1240137
5440,237,8656,1239933,1240170
2130,237,8695,1239984,1240221
6249,237,8716,1240053,1240290
6329,237,8806,1240053,1240290
1529,237,9153,1239796,1240033
6376,237,9233,1239806,1240043
7101,237,9365,1239764,1240001
2226,237,9431,1239788,1240025
9803,237,9527,1239782,1240019
1458,237,9538,1239861,1240098
8850,237,9604,1239885,1240122
8363,237,9617,1239962,1240199
3286,237,9734,1239935,1240172
3448,237,9806,1239953,1240190
7515,237,9830,1240019,1240256
7111,237,9874,1240065,1240302
4461,237,9910,1240119,1240356
259,286,278,1249792,1250078
518,286,346,1249814,1250100
9480,238,8006,1242293,1242531
1294,238,8029,1242361,1242599
9897,238,8032,1242449,1242687
1426,238,8133,1242439,1242677
6434,238,8162,1242501,1242739
3986,238,8210,1242544,1242782
3197,238,8243,1242602,1242840
5355,238,8348,1242588,1242826
7498,238,8487,1242540,1242778
6245,238,8622,1242496,1242734
9106,238,8663,1242546,1242784
3734,238,8690,1242610,1242848
2775,238,8700,1242691,1242929
3378,238,8704,1242778,1243016
4056,238,8730,1242843,1243081
4537,238,8837,1242827,1243065
6882,238,8954,1242801,1243039
9437,238,9027,1242819,1243057
5811,238,9382,1242555,1242793
2919,238,9408,1242620,1242858
4793,238,9416,1242703,1242941
6352,238,9484,1242726,1242964
4232,238,9723,1242578,1242816
207,287,64,1252279,1252566
318,287,492,1251942,1252229
472,287,712,1251813,1252100
784,287,900,1251716,1252003
1017,239,8208,1244548,1244787
1154,239,8223,1244625,1244864
4359,239,8235,1244705,1244944
8405,239,8338,1244694,1244933
9297,239,8346,1244778,1245017
7690,239,8354,1244862,1245101
3810,239,8362,1244946,1245185
7379,239,8486,1244914,1245153
2354,239,8524,1244968,1245207
2289,239,8864,1244720,1244959
1260,239,8920,1244756,1244995
7230,239,8925,1244843,1245082
9608,239,9089,1244771,1245010
8150,239,9311,1244641,1244880
5584,239,9320,1244724,1244963
1570,239,9326,1244810,1245049
4285,239,9420,1244808,1245047
7040,239,9438,1244882,1245121
5874,239,9446,1244966,1245205
3054,239,9456,1245048,1245287
8466,239,9511,1245085,1245324
8912,239,9587,1245101,1245340
5961,239,9595,1245185,1245424
9729,239,9603,1245269,1245508
6201,239,9644,1245320,1245559
7448,239,9745,1245311,1245550
7281,239,9753,1245395,1245634
2169,239,9761,1245479,1245718
8502,239,9806,1245526,1245765
2475,239,9834,1245590,1245829
4120,239,9985,1245531,1245770
163,288,136,1255423,1255711
694,288,294,1255357,1255645
423,288,597,1255146,1255434
9570,240,8005,1247879,1248119
2068,240,8101,1247876,1248116
7831,240,8120,1247950,1248190
7387,240,8253,1247910,1248150
1844,240,8274,1247982,1248222
9946,240,8424,1247925,1248165
7700,240,8508,1247934,1248174
7507,240,8530,1248005,1248245
8483,240,8571,1248057,1248297
9780,240,8572,1248149,1248389
5035,240,8648,1248166,1248406
6292,240,8784,1248123,1248363
1326,240,8834,1248166,1248406
5666,240,8944,1248149,1248389
1500,240,8953,1248233,1248473
5711,240,8964,1248315,1248555
2177,240,9197,1248175,1248415
2705,240,9222,1248243,1248483
1797,240,9329,1248229,1248469
2165,240,9443,1248208,1248448
2457,240,9531,1248213,1248453
3012,240,9538,1248299,1248539
1242,240,9576,1248354,1248594
1410,240,9682,1248341,1248581
4006,240,9710,1248406,1248646
4922,240,9738,1248471,1248711
1003,240,9743,1248559,1248799
5613,240,9796,1248599,1248839
2098,240,9897,1248591,1248831
7188,240,9902,1248679,1248919
6493,240,9906,1248768,1249008
8768,240,9935,1248832,1249072
7852,240,9988,1248872,1249112
658,289,698,1258206,1258495
4340,241,8043,1251003,1251244
9319,241,8045,1251095,1251336
6199,241,8082,1251152,1251393
5966,241,8086,1251242,1251483
6438,241,8093,1251329,1251570
6549,241,8103,1251413,1251654
1083,241,8131,1251479,1251720
3249,241,8211,1251493,1251734
4565,241,8263,1251535,1251776
3253,241,8330,1251562,1251803
7451,241,8331,1251655,1251896
8692,241,8514,1251566,1251807
4329,241,8669,1251505,1251746
6794,241,8691,1251577,1251818
4153,241,8810,1251552,1251793
4227,241,8816,1251640,1251881
3246,241,8898,1251652,1251893
6479,241,9121,1251523,1251764
3862,241,9258,1251480,1251721
6886,241,9271,1251561,1251802
3833,241,9289,1251637,1251878
9215,241,9331,1251689,1251930
3350,241,9373,1251741,1251982
5132,241,9461,1251747,1251988
2560,241,9596,1251706,1251947
126,290,73,1261274,1261564
671,290,628,1260813,1261103
427,290,938,1260597,1260887
2422,242,8041,1253637,1253879
5863,242,8085,1253688,1253930
3227,242,8162,1253706,1253948
7388,242,8205,1253758,1254000
2205,242,8213,1253845,1254087
8634,242,8304,1253849,1254091
2776,242,8453,1253795,1254037
2429,242,8522,1253821,1254063
2227,242,8544,1253894,1254136
7603,242,8584,1253949,1254191
6444,242,8722,1253906,1254148
8651,242,8738,1253985,1254227
8161,242,8818,1254000,1254242
9538,242,8835,1254078,1254320
3488,242,8906,1254102,1254344
4498,242,8921,1254182,1254424
2512,242,8950,1254248,1254490
6375,242,8957,1254336,1254578
3451,242,9076,1254312,1254554
4710,242,9104,1254379,1254621
7315,242,9112,1254466,1254708
8713,242,9138,1254535,1254777
8783,242,9138,1254630,1254872
8259,242,9149,1254714,1254956
4589,242,9166,1254792,1255034
5240,242,9230,1254823,1255065
1457,242,9325,1254823,1255065
6934,242,9359,1254884,1255126
5554,242,9417,1254921,1255163
9221,242,9446,1254987,1255229
2038,242,9464,1255064,1255306
2780,242,9470,1255153,1255395
1406,242,9487,1255231,1255473
5339,242,9493,1255320,1255562
3042,242,9495,1255413,1255655
5287,242,9660,1255343,1255585
4888,242,9694,1255404,1255646
8378,242,9704,1255489,1255731
5011,242,9725,1255563,1255805
6507,242,9843,1255540,1255782
5677,242,9874,1255604,1255846
767,291,122,1265402,1265693
156,291,972,1264647,1264938
4446,243,8036,1257727,1257970
8117,243,8089,1257770,1258013
6627,243,8118,1257837,1258080
5071,243,8259,1257792,1258035
6472,243,8271,1257876,1258119
7019,243,8289,1257954,1258197
8143,243,8516,1257823,1258066
2845,243,8546,1257889,1258132
8278,243,8672,1257859,1258102
4146,243,8749,1257878,1258121
8978,243,8815,1257908,1258151
6357,243,8837,1257982,1258225
7378,243,8846,1258069,1258312
2489,243,8858,1258153,1258396
5434,243,8874,1258233,1258476
8952,243,8883,1258320,1258563
9142,243,8897,1258402,1258645
4337,243,8943,1258452,1258695
4604,243,8972,1258519,1258762
4961,243,9058,1258529,1258772
8505,243,9085,1258598,1258841
2869,243,9097,1258682,1258925
1787,243,9155,1258720,1258963
3342,243,9315,1258656,1258899
2171,243,9326,1258741,1258984
2145,243,9447,1258716,1258959
4694,243,9482,1258777,1259020
8597,243,9493,1258862,1259105
8593,243,9511,1258940,1259183
4952,243,9597,1258950,1259193
5534,243,9777,1258866,1259109
935,292,147,1268543,1268835
333,292,288,1268498,1268790
565,292,618,1268264,1268556
174,292,636,1268342,1268634
371,292,673,1268401,1268693
3118,244,8082,1261137,1261381
1061,244,8136,1261180,1261424
4819,244,8269,1261144,1261388
4350,244,8324,1261186,1261430
2072,244,8329,1261278,1261522
3728,244,8407,1261297,1261541
9255,244,8574,1261227,1261471
2419,244,8618,1261280,1261524
3949,244,8689,1261306,1261550
5221,244,8695,1261397,1261641
9745,244,8764,1261425,1261669
5615,244,8884,1261402,1261646
2839,244,8894,1261489,1261733
5387,244,8912,1261568,1261812
8203,244,8975,1261602,1261846
3144,244,8999,1261675,1261919
1276,244,9039,1261732,1261976
6726,244,9097,1261771,1262015
2873,244,9138,1261827,1262071
6594,244,9205,1261857,1262101
5127,244,9559,1261600,1261844
5994,244,9566,1261690,1261934
3961,244,9631,1261722,1261966
1548,244,9649,1261801,1262045
9160,244,9730,1261817,1262061
5506,244,9768,1261876,1262120
4111,244,9885,1261856,1262100
316,293,78,1271711,1272004
491,293,527,1271359,1271652
614,293,868,1271115,1271408
2340,245,8021,1264108,1264353
9791,245,8116,1264111,1264356
7223,245,8327,1263998,1264243
3056,245,8477,1263946,1264191
6269,245,8494,1264027,1264272
9310,245,8497,1264122,1264367
2433,245,8498,1264219,1264464
6364,245,8516,1264299,1264544
2116,245,8557,1264356,1264601
4715,245,8622,1264389,1264634
6719,245,8650,1264459,1264704
8903,245,8826,1264381,1264626
5564,245,8832,1264473,1264718
2471,245,8842,1264561,1264806
2302,245,8867,1264634,1264879
5973,245,8891,1264708,1264953
1338,245,8989,1264708,1264953
3527,245,9028,1264767,1265012
8273,245,9074,1264819,1265064
2803,245,9103,1264888,1265133
9162,245,9175,1264914,1265159
1876,245,9217,1264970,1265215
1145,245,9421,1264864,1265109
8881,245,9499,1264884,1265129
4644,245,9504,1264977,1265222
7158,245,9510,1265069,1265314
1629,245,9512,1265165,1265410
5683,245,9557,1265218,1265463
7966,245,9842,1265031,1265276
4738,245,9883,1265088,1265333
4323,245,9943,1265126,1265371
5997,245,9976,1265191,1265436
8283,245,9989,1265276,1265521
589,294,196,1275118,1275412
429,294,383,1275029,1275323
892,294,547,1274963,1275257
524,294,661,1274947,1275241
911,294,752,1274954,1275248
686,294,954,1274850,1275144
549,294,989,1274913,1275207
9669,246,8058,1349135,1349381
7103,246,8192,1349051,1349297
7870,246,8301,1348992,1349238
8445,246,8417,1348926,1349172
8437,246,8454,1348939,1349185
9382,246,8740,1348703,1348949
8844,246,8796,1348697,1348943
2921,246,8834,1348709,1348955
2907,246,8847,1348746,1348992
7189,246,8878,1348765,1349011
7761,246,8891,1348802,1349048
3984,246,8917,1348826,1349072
6513,246,8949,1348844,1349090
7551,246,9030,1348813,1349059
7795,246,9048,1348845,1349091
8796,246,9074,1348869,1349115
3175,246,9168,1348825,1349071
2982,246,9377,1348666,1348912
8998,246,9611,1348482,1348728
8853,246,9630,1348513,1348759
8669,246,9754,1348439,1348685
4656,246,9894,1348349,1348595
2877,246,9941,1348352,1348598
4685,246,9941,1348402,1348648
1013,246,9988,1348405,1348651
8681,246,9993,1348450,1348696
200,295,133,1358311,1358606
322,295,420,1358074,1358369
3628,247,8278,1350315,1350562
7425,247,8366,1350278,1350525
5456,247,8432,1350263,1350510
1228,247,8575,1350171,1350418
6350,247,8610,1350187,1350434
5838,247,8682,1350166,1350413
1284,247,8725,1350174,1350421
6400,247,8814,1350136,1350383
9882,247,8883,1350118,1350365
7598,247,8943,1350109,1350356
6171,247,8946,1350157,1350404
4427,247,8981,1350173,1350420
6976,247,9004,1350201,1350448
5801,247,9008,1350248,1350495
2535,247,9031,1350276,1350523
6672,247,9034,1350324,1350571
4818,247,9051,1350358,1350605
7524,247,9370,1350090,1350337
7697,247,9413,1350098,1350345
4789,247,9624,1349938,1350185
6588,247,9653,1349960,1350207
4698,247,9680,1349984,1350231
3267,247,9804,1349911,1350158
8237,247,9827,1349939,1350186
320,296,730,1359038,1359334
6228,248,8013,1351855,1352103
9454,248,8023,1351897,1352145
3523,248,8054,1351918,1352166
6709,248,8099,1351925,1352173
3575,248,8104,1351972,1352220
3594,248,8201,1351927,1352175
9118,248,8287,1351893,1352141
9075,248,8325,1351907,1352155
5638,248,8337,1351947,1352195
5322,248,8342,1351994,1352242
3906,248,8408,1351980,1352228
7048,248,8468,1351972,1352220
2089,248,8473,1352019,1352267
8559,248,8610,1351934,1352182
6623,248,8644,1351952,1352200
7627,248,8761,1351887,1352135
8653,248,8769,1351931,1352179
9326,248,8783,1351969,1352217
7624,248,8920,1351884,1352132
6049,248,9099,1351757,1352005
8311,248,9118,1351790,1352038
3285,248,9135,1351825,1352073
7765,248,9171,1351841,1352089
9245,248,9209,1351855,1352103
2741,248,9292,1351824,1352072
4192,248,9297,1351871,1352119
5853,248,9316,1351904,1352152
7529,248,9357,1351915,1352163
2591,248,9415,1351909,1352157
7403,248,9445,1351931,1352179
8043,248,9475,1351953,1352201
5007,248,9568,1351912,1352160
2297,248,9735,1351797,1352045
6093,248,9800,1351784,1352032
1415,248,9856,1351780,1352028
5537,248,9964,1351724,1351972
9744,248,9978,1351762,1352010
818,297,442,1361301,1361598
831,297,523,1361272,1361569
139,297,706,1361141,1361438
490,297,733,1361166,1361463
3979,249,8331,1353669,1353918
1995,249,8605,1353448,1353697
7733,249,8616,1353490,1353739
9620,249,8678,1353481,1353730
2680,249,8744,1353468,1353717
4013,249,8799,1353466,1353715
1819,249,8818,1353500,1353749
6853,249,8831,1353540,1353789
9970,249,8916,1353508,1353757
7985,249,8950,1353527,1353776
8387,249,8950,1353580,1353829
2146,249,8954,1353629,1353878
8248,249,9014,1353622,1353871
9352,249,9083,1353606,1353855
2460,249,9085,1353657,1353906
9036,249,9116,1353679,1353928
5092,249,9117,1353731,1353980
4279,249,9151,1353750,1353999
8856,249,9247,1353707,1353956
2199,249,9309,1353698,1353947
5097,249,9432,1353628,1353877
1759,249,9451,1353662,1353911
9693,249,9512,1353654,1353903
2960,249,9687,1353532,1353781
3850,249,9916,1353356,1353605
4761,249,9922,1353403,1353652
9588,249,9937,1353441,1353690
923,298,218,1363164,1363462
206,298,348,1363087,1363385
722,298,532,1362956,1363254
570,298,808,1362733,1363031
9434,250,8015,1355628,1355878
5478,250,8031,1355666,1355916
2421,250,8042,1355709,1355959
9066,250,8094,1355711,1355961
1692,250,8111,1355748,1355998
6150,250,8153,1355760,1356010
6422,250,8160,1355807,1356057
7001,250,8250,1355771,1356021
8271,250,8260,1355815,1356065
2519,250,8298,1355831,1356081
8428,250,8312,1355871,1356121
2644,250,8492,1355745,1355995
2347,250,8566,1355725,1355975
4117,250,8602,1355743,1355993
4574,250,8610,1355789,1356039
6696,250,8706,1355747,1355997
7447,250,8771,1355736,1355986
4156,250,8777,1355784,1356034
4700,250,8824,1355791,1356041
5271,250,8944,1355725,1355975
4318,250,8972,1355751,1356001
5489,250,9057,1355720,1355970
5452,250,9085,1355746,1355996
3923,250,9162,1355723,1355973
3852,250,9189,1355750,1356000
2291,250,9274,1355719,1355969
3263,250,9299,1355748,1355998
8289,250,9448,1355653,1355903
1757,250,9510,1355645,1355895
8243,250,9564,1355645,1355895
4542,250,9658,1355605,1355855
9615,250,9804,1355513,1355763
2375,250,9814,1355557,1355807
2441,250,9877,1355548,1355798
675,299,109,1365321,1365620
457,299,748,1364736,1365035
220,299,921,1364617,1364916
5527,251,8026,1357615,1357866
6904,251,8048,1357648,1357899
5569,251,8083,1357668,1357919
5890,251,8124,1357682,1357933
9720,251,8162,1357699,1357950
8667,251,8212,1357704,1357955
8007,251,8220,1357751,1358002
3975,251,8268,1357758,1358009
7225,251,8292,1357789,1358040
6539,251,8321,1357815,1358066
4757,251,8323,1357868,1358119
1450,251,8345,1357901,1358152
3600,251,8360,1357941,1358192
4502,251,8376,1357980,1358231
2815,251,8484,1357927,1358178
1917,251,8647,1357819,1358070
4058,251,8808,1357713,1357964
4675,251,8963,1357613,1357864
1033,251,9035,1357596,1357847
4908,251,9317,1357369,1357620
1324,251,9341,1357400,1357651
8072,251,9363,1357433,1357684
1673,251,9395,1357456,1357707
5443,251,9524,1357382,1357633
4295,251,9611,1357350,1357601
4953,251,9772,1357244,1357495
3455,251,9778,1357293,1357544
198,300,392,1366685,1366985
769,300,435,1366697,1366997
287,300,690,1366497,1366797
847,300,744,1366498,1366798
479,300,809,1366488,1366788
2283,252,8266,1359135,1359387
6718,252,8505,1358952,1359204
5974,252,8824,1358689,1358941
7621,252,8825,1358744,1358996
5707,252,8835,1358790,1359042
7883,252,8881,1358800,1359052
2112,252,8898,1358839,1359091
9412,252,8920,1358873,1359125
4749,252,9016,1358833,1359085
7954,252,9084,1358821,1359073
2313,252,9122,1358839,1359091
6308,252,9197,1358820,1359072
2937,252,9215,1358858,1359110
1261,252,9222,1358907,1359159
7400,252,9292,1358893,1359145
5121,252,9297,1358944,1359196
6920,252,9303,1358994,1359246
3951,252,9318,1359035,1359287
5995,252,9362,1359047,1359299
5328,252,9364,1359101,1359353
1966,252,9378,1359143,1359395
2525,252,9413,1359164,1359416
8554,252,9421,1359212,1359464
3371,252,9483,1359206,1359458
7880,252,9579,1359166,1359418
8572,252,9653,1359148,1359400
7706,252,9723,1359134,1359386
4422,252,9734,1359179,1359431
5699,252,9747,1359222,1359474
6748,252,9877,1359148,1359400
6801,253,8091,1360990,1361243
8512,253,8153,1360985,1361238
2121,253,8331,1360864,1361117
8240,253,8350,1360902,1361155
1211,253,8396,1360913,1361166
1133,253,8501,1360865,1361118
4969,253,8507,1360916,1361169
2345,253,8609,1360871,1361124
7820,253,8630,1360907,1361160
2989,253,8660,1360934,1361187
2824,253,8786,1360865,1361118
7578,253,8907,1360801,1361054
6102,253,8932,1360833,1361086
8582,253,8933,1360889,1361142
1811,253,8963,1360916,1361169
8549,253,9027,1360909,1361162
8852,253,9080,1360913,1361166
6615,253,9212,1360838,1361091
4465,253,9353,1360754,1361007
8737,253,9359,1360805,1361058
1153,253,9528,1360693,1360946
4514,253,9572,1360706,1360959
7319,253,9759,1360576,1360829
9606,253,9800,1360592,1360845
6340,253,9939,1360510,1360763
4250,253,9944,1360562,1360815
7150,253,9971,1360592,1360845
5410,254,8007,1362613,1362867
9814,254,8027,1362651,1362905
4207,254,8129,1362607,1362861
6919,254,8143,1362651,1362905
6744,254,8173,1362679,1362933
5296,254,8175,1362735,1362989
3795,254,8357,1362611,1362865
4015,254,8496,1362530,1362784
6328,254,8544,1362540,1362794
5061,254,8744,1362398,1362652
9233,254,8906,1362294,1362548
1353,254,8929,1362329,1362583
6133,254,8958,1362358,1362612
9001,254,9047,1362327,1362581
2464,254,9102,1362330,1362584
9645,254,9161,1362329,1362583
6234,254,9173,1362375,1362629
9714,254,9228,1362378,1362632
2630,254,9252,1362412,1362666
9825,254,9292,1362430,1362684
8025,254,9294,1362486,1362740
7494,254,9633,1362205,1362459
2867,254,9646,1362250,1362504
6247,254,9681,1362273,1362527
7838,254,9766,1362246,1362500
4488,254,9768,1362302,1362556
2837,254,9785,1362343,1362597
3067,254,9799,1362387,1362641
3879,254,9868,1362376,1362630
9613,254,9983,1362319,1362573
5954,255,8047,1364313,1364568
3877,255,8120,1364299,1364554
5228,255,8127,1364351,1364606
8211,255,8312,1364225,1364480
3559,255,8439,1364157,1364412
1289,255,8501,1364154,1364409
3421,255,8532,1364182,1364437
2078,255,8584,1364189,1364444
3898,255,8634,1364198,1364453
9185,255,8697,1364194,1364449
3666,255,8722,1364228,1364483
2961,255,8963,1364046,1364301
9876,255,9140,1363928,1364183
5805,255,9152,1363975,1364230
1924,255,9256,1363930,1364185
8481,255,9279,1363966,1364221
8716,255,9280,1364024,1364279
5222,255,9483,1363880,1364135
3255,255,9492,1363930,1364185
4046,255,9515,1363966,1364221
3149,255,9607,1363933,1364188
5120,255,9638,1363961,1364216
3192,255,9662,1363996,1364251
9411,255,9704,1364013,1364268
5000,255,9720,1364056,1364311
2042,255,9732,1364103,1364358
8376,255,9919,1363975,1364230
6073,256,8155,1365798,1366054
4762,256,8239,1365774,1366030
2335,256,8417,1365656,1365912
7509,256,8447,1365686,1365942
5975,256,8535,1365658,1365914
6951,256,8577,1365676,1365932
2438,256,8587,1365726,1365982
1243,256,8619,1365754,1366010
1275,256,8665,1365768,1366024
9827,256,8696,1365797,1366053
6322,256,8719,1365834,1366090
5363,256,8811,1365802,1366058
6015,256,8822,1365851,1366107
2789,256,8869,1365864,1366120
2948,256,8884,1365909,1366165
6314,256,8955,1365898,1366154
8968,256,8963,1365950,1366206
9420,256,9081,1365892,1366148
4301,256,9182,1365851,1366107
2910,256,9319,1365774,1366030
2522,256,9356,1365797,1366053
5551,256,9447,1365766,1366022
1722,256,9454,1365819,1366075
4127,256,9474,1365859,1366115
7645,256,9492,1365901,1366157
4998,256,9519,1365934,1366190
1641,256,9522,1365991,1366247
8270,256,9540,1366033,1366289
9649,256,9763,1365870,1366126
7325,256,9772,1365921,1366177
8153,256,9860,1365893,1366149
7633,256,9886,1365927,1366183
4701,256,9979,1365894,1366150
4477,257,8022,1367911,1368168
4538,257,8026,1367968,1368225
6926,257,8039,1368016,1368273
8106,257,8076,1368040,1368297
8309,257,8126,1368051,1368308
3990,257,8155,1368083,1368340
8497,257,8165,1368134,1368391
1649,257,8170,1368190,1368447
3709,257,8183,1368238,1368495
2147,257,8197,1368285,1368542
4236,257,8318,1368225,1368482
3089,257,8359,1368245,1368502
4311,257,8401,1368264,1368521
3066,257,8411,1368315,1368572
2506,257,8442,1368345,1368602
3046,257,8530,1368318,1368575
4260,257,8581,1368328,1368585
7593,257,8607,1368363,1368620
7232,257,8628,1368403,1368660
8697,257,8652,1368440,1368697
3450,257,8669,1368484,1368741
6550,257,8671,1368543,1368800
1996,257,8678,1368597,1368854
1551,257,8703,1368633,1368890
8219,257,8709,1368688,1368945
8801,257,8732,1368726,1368983
4023,257,8792,1368727,1368984
9501,257,8905,1368675,1368932
8945,257,8923,1368718,1368975
5910,257,8925,1368777,1369034
9698,257,9211,1368552,1368809
5134,257,9322,1368502,1368759
8656,257,9354,1368531,1368788
1019,257,9459,1368487,1368744
2751,257,9531,1368476,1368733
3107,257,9585,1368483,1368740
9237,257,9597,1368532,1368789
7758,257,9652,1368538,1368795
8987,257,9744,1368507,1368764
6326,257,9745,1368567,1368824
7839,257,9799,1368574,1368831
6154,257,9893,1368541,1368798
2537,257,9906,1368589,1368846
1848,257,9916,1368640,1368897
6279,257,9923,1368694,1368951
9020,258,8200,1370478,1370736
3909,258,8290,1370450,1370708
9674,258,8305,1370497,1370755
3832,258,8308,1370556,1370814
5154,258,8345,1370581,1370839
1918,258,8360,1370628,1370886
4671,258,8401,1370649,1370907
4198,258,8461,1370651,1370909
8317,258,8471,1370703,1370961
6447,258,8577,1370659,1370917
1969,258,8700,1370598,1370856
2410,258,8793,1370567,1370825
8751,258,8871,1370551,1370809
1047,258,8935,1370549,1370807
2234,258,9134,1370412,1370670
4965,258,9158,1370450,1370708
9896,258,9217,1370453,1370711
9224,258,9275,1370457,1370715
3936,258,9404,1370390,1370648
9661,258,9465,1370391,1370649
2346,258,9483,1370435,1370693
2447,258,9558,1370422,1370680
3755,258,9617,1370425,1370683
2006,258,9648,1370456,1370714
6337,258,9651,1370515,1370773
2477,258,9687,1370541,1370799
3872,258,9710,1370580,1370838
9779,258,9762,1370590,1370848
6929,258,9787,1370627,1370885
4721,258,9892,1370584,1370842
6884,259,8014,1372524,1372783
1122,259,8019,1372582,1372841
3861,259,8037,1372627,1372886
2260,259,8122,1372605,1372864
2370,259,8152,1372638,1372897
5408,259,8183,1372670,1372929
5544,259,8287,1372629,1372888
3404,259,8309,1372670,1372929
5279,259,8358,1372684,1372943
5637,259,8399,1372706,1372965
4443,259,8453,1372715,1372974
3234,259,8465,1372766,1373025
6879,259,8486,1372808,1373067
9423,259,8516,1372841,1373100
3747,259,8532,1372888,1373147
6746,259,8544,1372939,1373198
9368,259,8624,1372922,1373181
7543,259,8759,1372850,1373109
1350,259,8902,1372770,1373029
9180,259,8904,1372831,1373090
5258,259,8946,1372852,1373111
8474,259,9205,1372656,1372915
3038,259,9250,1372674,1372933
9926,259,9348,1372639,1372898
1159,259,9583,1372467,1372726
7891,259,9722,1372391,1372650
1128,259,9784,1372392,1372651
1693,259,9798,1372441,1372700
1602,259,9806,1372496,1372755
7581,259,9827,1372538,1372797
6386,259,9862,1372566,1372825
2213,260,8199,1374292,1374552
6404,260,8285,1374270,1374530
3330,260,8326,1374293,1374553
8060,260,8384,1374299,1374559
2357,260,8455,1374292,1374552
9707,260,8463,1374348,1374608
1536,260,8533,1374342,1374602
2654,260,8591,1374348,1374608
2435,260,8646,1374357,1374617
2797,260,8768,1374299,1374559
3687,260,8781,1374350,1374610
2239,260,8823,1374372,1374632
1137,260,8834,1374425,1374685
8185,260,8862,1374461,1374721
5166,260,9109,1374278,1374538
6488,260,9112,1374339,1374599
2902,260,9130,1374385,1374645
3593,260,9132,1374447,1374707
4898,260,9137,1374506,1374766
4102,260,9247,1374460,1374720
3221,260,9297,1374474,1374734
7877,260,9348,1374487,1374747
5162,260,9357,1374542,1374802
7584,260,9358,1374605,1374865
3859,260,9452,1374575,1374835
3541,260,9516,1374575,1374835
5904,260,9541,1374614,1374874
6388,260,9556,1374663,1374923
9564,260,9557,1374726,1374986
9532,260,9634,1374713,1374973
7211,260,9679,1374732,1374992
1978,260,9792,1374683,1374943
6336,261,8025,1376514,1376775
6294,261,8060,1376544,1376805
3564,261,8332,1376337,1376598
4742,261,8374,1376360,1376621
8183,261,8386,1376413,1376674
3029,261,8530,1376334,1376595
6525,261,8559,1376370,1376631
7390,261,8709,1376285,1376546
6980,261,8894,1376165,1376426
5733,261,9204,1375920,1376181
2699,261,9228,1375961,1376222
3791,261,9271,1375983,1376244
7791,261,9338,1375981,1376242
7845,261,9404,1375980,1376241
3452,261,9470,1375979,1376240
5436,261,9487,1376027,1376288
2096,261,9501,1376078,1376339
9400,261,9642,1376002,1376263
9494,261,9693,1376016,1376277
1737,261,9888,1375886,1376147
6607,261,9930,1375909,1376170
2892,262,8056,1377848,1378110
8745,262,8296,1377674,1377936
9990,262,8386,1377650,1377912
8616,262,8600,1377502,1377764
3063,262,8669,1377499,1377761
7638,262,8784,1377450,1377712
9397,262,9077,1377223,1377485
2692,262,9135,1377231,1377493
4980,262,9209,1377223,1377485
7992,262,9210,1377288,1377550
3860,262,9250,1377314,1377576
5980,262,9274,1377356,1377618
7389,262,9293,1377403,1377665
3618,262,9346,1377416,1377678
9887,262,9539,1377289,1377551
3552,262,9608,1377286,1377548
6757,262,9647,1377313,1377575
7287,262,9724,1377302,1377564
2365,262,9866,1377226,1377488
1762,263,8217,1378941,1379204
9977,263,8218,1379007,1379270
3866,263,8257,1379035,1379298
1366,263,8508,1378851,1379114
9002,263,8595,1378831,1379094
5495,263,8628,1378865,1379128
1729,263,8741,1378819,1379082
4516,263,8814,1378813,1379076
8296,263,8847,1378847,1379110
6142,263,8948,1378813,1379076
1646,263,8951,1378877,1379140
3807,263,8996,1378899,1379162
9446,263,9163,1378799,1379062
5599,263,9286,1378743,1379006
1273,263,9409,1378687,1378950
4101,263,9487,1378676,1378939
7634,263,9633,1378597,1378860
7525,263,9656,1378641,1378904
3633,263,9753,1378611,1378874
6445,263,9819,1378612,1378875
6120,263,9850,1378648,1378911
3426,263,9941,1378624,1378887
3804,264,8082,1380550,1380814
1512,264,8125,1380575,1380839
2595,264,8250,1380518,1380782
3581,264,8294,1380542,1380806
1803,264,8383,1380521,1380785
2864,264,8480,1380492,1380756
3299,264,8583,1380457,1380721
6084,264,8665,1380443,1380707
8409,264,8671,1380505,1380769
8459,264,8925,1380319,1380583
1012,264,9034,1380278,1380542
9632,264,9126,1380254,1380518
3427,264,9147,1380301,1380565
2785,264,9206,1380310,1380574
2236,264,9315,1380269,1380533
1171,264,9324,1380328,1380592
9467,264,9337,1380383,1380647
1817,264,9368,1380420,1380684
1832,264,9417,1380439,1380703
9904,264,9425,1380499,1380763
8135,264,9567,1380425,1380689
2523,264,9577,1380483,1380747
9930,264,9614,1380514,1380778
7430,264,9625,1380571,1380835
5389,264,9764,1380500,1380764
4235,264,9792,1380540,1380804
9104,264,9885,1380515,1380779
9915,264,9927,1380541,1380805
6193,265,8048,1382488,1382753
4349,265,8053,1382552,1382817
6076,265,8083,1382591,1382856
2404,265,8086,1382657,1382922
1252,265,8151,1382661,1382926
4039,265,8271,1382610,1382875
2045,265,8349,1382601,1382866
7382,265,8470,1382549,1382814
9544,265,8472,1382616,1382881
9781,265,8883,1382274,1382539
3624,265,8906,1382320,1382585
3856,265,9093,1382202,1382467
5332,265,9238,1382126,1382391
1713,265,9289,1382144,1382409
8292,265,9292,1382210,1382475
4463,265,9372,1382199,1382464
8557,265,9445,1382195,1382460
2081,265,9529,1382180,1382445
4251,265,9590,1382188,1382453
8190,265,9622,1382225,1382490
1801,265,9649,1382267,1382532
8992,265,9711,1382274,1382539
9785,265,9746,1382308,1382573
7268,265,9757,1382366,1382631
1853,265,9770,1382422,1382687
8902,265,9775,1382486,1382751
9071,265,9845,1382485,1382750
9459,265,9888,1382511,1382776
4689,266,8098,1384370,1384636
4809,266,8195,1384343,1384609
3397,266,8248,1384360,1384626
4541,266,8272,1384406,1384672
4057,266,8290,1384458,1384724
4266,266,8419,1384399,1384665
8859,266,8576,1384312,1384578
9373,266,8619,1384339,1384605
6079,266,8645,1384383,1384649
8632,266,8787,1384311,1384577
7975,266,8863,1384305,1384571
1965,266,8936,1384302,1384568
7043,266,9117,1384191,1384457
4966,266,9121,1384257,1384523
1125,266,9166,1384282,1384548
1445,266,9254,1384264,1384530
1791,266,9287,1384301,1384567
8091,266,9318,1384340,1384606
8644,266,9380,1384348,1384614
8706,266,9438,1384360,1384626
7419,266,9453,1384415,1384681
5957,266,9568,1384370,1384636
4451,266,9579,1384429,1384695
4003,266,9634,1384444,1384710
7635,266,9636,1384512,1384778
7116,266,9660,1384558,1384824
7021,266,9729,1384559,1384825
5252,266,9734,1384624,1384890
1716,266,9761,1384667,1384933
6131,266,9782,1384716,1384982
9666,266,9794,1384774,1385040
6764,266,9813,1384825,1385091
2321,266,9830,1384878,1385144
7437,266,9856,1384922,1385188
2738,267,8071,1386777,1387044
5439,267,8147,1386772,1387039
8267,267,8171,1386819,1387086
7226,267,8488,1386573,1386840
6312,267,8525,1386607,1386874
3806,267,8636,1386567,1386834
4070,267,8642,1386632,1386899
1637,267,8683,1386662,1386929
4963,267,8759,1386657,1386924
3196,267,8767,1386720,1386987
3156,267,8804,1386754,1387021
6407,267,9221,1386408,1386675
7352,267,9292,1386408,1386675
7310,267,9319,1386452,1386719
7330,267,9430,1386412,1386679
2516,267,9517,1386396,1386663
3544,267,9590,1386394,1386661
5815,267,9644,1386411,1386678
8769,267,9683,1386443,1386710
5784,267,9716,1386481,1386748
3880,267,9909,1386359,1386626
6797,267,9931,1386408,1386675
7671,267,9938,1386472,1386739
7664,268,8101,1388380,1388648
9392,268,8101,1388452,1388720
8205,268,8180,1388445,1388713
4736,268,8214,1388483,1388751
8654,268,8258,1388511,1388779
4510,268,8438,1388403,1388671
2377,268,8683,1388230,1388498
7179,268,8874,1388111,1388379
4611,268,9008,1388049,1388317
9462,268,9064,1388065,1388333
4361,268,9108,1388093,1388361
7099,268,9156,1388117,1388385
4692,268,9168,1388177,1388445
9490,268,9201,1388216,1388484
2693,268,9252,1388237,1388505
6707,268,9361,1388200,1388468
1249,268,9400,1388233,1388501
5083,268,9499,1388206,1388474
4857,268,9549,1388228,1388496
2315,268,9590,1388259,1388527
5894,268,9622,1388299,1388567
5223,268,9631,1388362,1388630
9587,268,9722,1388343,1388611
2043,268,9795,1388342,1388610
3010,268,9971,1388238,1388506
1497,268,9988,1388293,1388561
8732,269,8031,1390322,1390591
1734,269,8271,1390155,1390424
1422,269,8330,1390169,1390438
5864,269,8406,1390166,1390435
8614,269,8415,1390230,1390499
6418,269,8541,1390177,1390446
4539,269,8829,1389962,1390231
5054,269,8930,1389934,1390203
8876,269,8986,1389951,1390220
6523,269,9041,1389969,1390238
1987,269,9055,1390028,1390297
6605,269,9070,1390086,1390355
6942,269,9118,1390111,1390380
7295,269,9527,1389775,1390044
6449,269,9675,1389700,1389969
9072,269,9701,1389747,1390016
1513,269,9766,1389755,1390024
8962,269,9784,1389810,1390079
5898,269,9794,1389873,1390142
4471,269,9860,1389880,1390149
7042,269,9877,1389936,1390205
9450,269,9901,1389985,1390254
3093,269,9924,1390035,1390304
8485,269,9962,1390070,1390339
3790,270,8106,1391999,1392269
6921,270,8151,1392028,1392298
1234,270,8274,1391979,1392249
4149,270,8431,1391896,1392166
9743,270,8468,1391933,1392203
4852,270,8493,1391982,1392252
7658,270,8568,1391981,1392251
4205,270,8620,1392003,1392273
9005,270,8623,1392074,1392344
7279,270,8796,1391975,1392245
4739,270,8864,1391981,1392251
1058,270,9358,1391561,1391831
4195,270,9433,1391560,1391830
1335,270,9505,1391562,1391832
2975,270,9594,1391547,1391817
8077,270,9604,1391611,1391881
8351,270,9657,1391632,1391902
6989,270,9757,1391606,1391876
1298,270,9817,1391620,1391890
2711,270,9920,1391591,1391861
7893,270,9920,1391665,1391935
9622,271,8189,1393470,1393741
4722,271,8260,1393474,1393745
6981,271,8499,1393310,1393581
1523,271,8525,1393359,1393630
3960,271,8648,1393311,1393582
9936,271,8784,1393250,1393521
9131,271,8802,1393307,1393578
1885,271,8824,1393360,1393631
5402,271,8888,1393371,1393642
4392,271,9025,1393309,1393580
5751,271,9026,1393383,1393654
2055,271,9067,1393417,1393688
6956,271,9107,1393452,1393723
9291,271,9141,1393493,1393764
9113,271,9159,1393550,1393821
1825,271,9169,1393615,1393886
1102,271,9199,1393660,1393931
6019,271,9228,1393706,1393977
6996,271,9403,1393606,1393877
9893,271,9417,1393667,1393938
5096,271,9456,1393703,1393974
9487,271,9509,1393725,1393996
4557,271,9591,1393718,1393989
2242,271,9848,1393536,1393807
1802,272,8040,1395419,1395691
4729,272,8160,1395375,1395647
6169,272,8220,1395391,1395663
6821,272,8271,1395416,1395688
7120,272,8332,1395431,1395703
1871,272,8369,1395470,1395742
8657,272,8426,1395489,1395761
4234,272,8492,1395499,1395771
9228,272,8510,1395557,1395829
5171,272,8527,1395616,1395888
3340,272,8699,1395520,1395792
4129,272,8757,1395538,1395810
2244,272,8773,1395598,1395870
2997,272,8795,1395652,1395924
7364,272,9064,1395459,1395731
7366,272,9153,1395446,1395718
1831,272,9186,1395489,1395761
6728,272,9226,1395525,1395797
4208,272,9312,1395515,1395787
2444,272,9411,1395492,1395764
6893,272,9444,1395535,1395807
4981,272,9478,1395577,1395849
6331,272,9496,1395635,1395907
1198,272,9558,1395649,1395921
8924,272,9576,1395707,1395979
5490,272,9628,1395731,1396003
1561,272,9729,1395706,1395978
6029,272,9736,1395775,1396047
7775,272,9773,1395814,1396086
1089,272,9903,1395760,1396032
1701,272,9935,1395804,1396076
1836,272,9970,1395845,1396117
9678,273,8067,1397824,1398097
3420,273,8086,1397882,1398155
8953,273,8213,1397832,1398105
3363,273,8326,1397796,1398069
8513,273,8459,1397740,1398013
8261,273,8626,1397650,1397923
3928,273,8712,1397641,1397914
2214,273,8878,1397552,1397825
1983,273,8887,1397620,1397893
5273,273,8892,1397692,1397965
2076,273,9049,1397612,1397885
5502,273,9208,1397530,1397803
1645,273,9432,1397383,1397656
4781,273,9534,1397358,1397631
1448,273,9578,1397391,1397664
1949,273,9658,1397388,1397661
3210,273,9759,1397364,1397637
5063,273,9880,1397320,1397593
8226,273,9932,1397345,1397618
8340,274,8064,1399290,1399564
4988,274,8089,1399343,1399617
4365,274,8275,1399235,1399509
7778,274,8442,1399146,1399420
5984,274,8502,1399164,1399438
2962,274,8532,1399212,1399486
4199,274,8631,1399191,1399465
2204,274,8670,1399230,1399504
4767,274,8777,1399201,1399475
9717,274,8878,1399178,1399452
3967,274,8896,1399238,1399512
2646,274,8943,1399269,1399543
2150,274,8966,1399324,1399598
6631,274,9014,1399354,1399628
5561,274,9078,1399368,1399642
9919,274,9112,1399412,1399686
2355,274,9156,1399446,1399720
5215,274,9298,1399382,1399656
7144,274,9312,1399446,1399720
3992,274,9354,1399482,1399756
7552,274,9396,1399518,1399792
7677,274,9434,1399558,1399832
4315,274,9471,1399599,1399873
1502,274,9527,1399621,1399895
5971,274,9576,1399650,1399924
9920,274,9592,1399712,1399986
9899,274,9613,1399769,1400043
1220,274,9724,1399736,1400010
2818,274,9749,1399789,1400063
1319,274,9763,1399853,1400127
5275,274,9790,1399904,1400178
7905,274,9861,1399911,1400185
4342,274,9894,1399956,1400230
2352,275,8122,1401806,1402081
2288,275,8258,1401749,1402024
4720,275,8349,1401737,1402012
9179,275,8424,1401741,1402016
2474,275,8474,1401770,1402045
3084,275,8498,1401825,1402100
9760,275,8608,1401794,1402069
5422,275,8631,1401850,1402125
8708,275,8635,1401925,1402200
6465,275,8684,1401955,1402230
3731,275,8694,1402024,1402299
9086,275,8802,1401995,1402270
7361,275,8845,1402031,1402306
5369,275,8854,1402101,1402376
2696,275,9103,1401931,1402206
5455,275,9121,1401992,1402267
4853,275,9132,1402060,1402335
8166,275,9398,1401873,1402148
4375,275,9436,1401914,1402189
1094,275,9445,1401984,1402259
4885,275,9459,1402049,1402324
6928,275,9656,1401931,1402206
6895,275,9699,1401967,1402242
7890,275,9705,1402040,1402315
6625,275,9725,1402099,1402374
3981,275,9795,1402108,1402383
5708,275,9822,1402160,1402435
2634,275,9850,1402211,1402486
2158,275,9883,1402257,1402532
3457,275,9922,1402297,1402572
6985,275,9946,1402352,1402627
9247,276,8002,1404375,1404651
6491,276,8036,1404421,1404697
9176,276,8237,1404300,1404576
2200,276,8382,1404235,1404511
6139,276,8404,1404293,1404569
8965,276,8495,1404282,1404558
4948,276,8530,1404327,1404603
1462,276,8661,1404276,1404552
4038,276,8715,1404302,1404578
3057,276,8773,1404324,1404600
8355,276,8807,1404370,1404646
9281,276,8808,1404449,1404725
7882,276,8831,1404506,1404782
2682,276,8885,1404532,1404808
6659,276,8989,1404508,1404784
5218,276,9075,1404502,1404778
8215,276,9253,1404404,1404680
5082,276,9281,1404456,1404732
8224,276,9538,1404279,1404555
8628,276,9658,1404239,1404515
4768,276,9750,1404227,1404503
1057,276,9789,1404268,1404544
5872,276,9789,1404348,1404624
9287,276,9799,1404418,1404694
2973,276,9801,1404496,1404772
6219,276,9814,1404563,1404839
9968,276,9992,1404465,1404741
5993,277,8138,1406399,1406676
9190,277,8193,1406425,1406702
4907,277,8416,1406283,1406560
4287,277,8425,1406355,1406632
9650,277,8497,1406364,1406641
1920,277,8576,1406366,1406643
3958,277,8594,1406429,1406706
6930,277,8601,1406503,1406780
8880,277,8643,1406542,1406819
5772,277,8670,1406596,1406873
2771,277,8833,1406514,1406791
9134,277,8936,1406492,1406769
3689,277,8977,1406532,1406809
3677,277,8984,1406606,1406883
4271,277,9008,1406663,1406940
6398,277,9061,1406691,1406968
9676,277,9085,1406748,1407025
8975,277,9104,1406810,1407087
5748,277,9221,1406774,1407051
3763,277,9233,1406843,1407120
1718,277,9253,1406904,1407181
9300,277,9276,1406962,1407239
9579,277,9411,1406908,1407185
2238,277,9655,1406745,1407022
5541,277,9663,1406818,1407095
7499,277,9735,1406827,1407104
3589,277,9769,1406874,1407151
2671,277,9849,1406875,1407152
2022,277,9854,1406951,1407228
6286,278,8105,1408781,1409059
6927,278,8219,1408749,1409027
6770,278,8235,1408815,1409093
4481,278,8335,1408797,1409075
4344,278,8422,1408792,1409070
3110,278,8551,1408745,1409023
4658,278,8565,1408813,1409091
8453,278,8582,1408878,1409156
6890,278,8607,1408935,1409213
1824,278,8642,1408982,1409260
7092,278,8844,1408862,1409140
5277,278,8861,1408927,1409205
9332,278,8996,1408874,1409152
4347,278,8997,1408955,1409233
9362,278,9013,1409021,1409299
6641,278,9061,1409055,1409333
6747,278,9149,1409049,1409327
6392,278,9225,1409055,1409333
9229,278,9228,1409134,1409412
8914,278,9310,1409134,1409412
4543,278,9389,1409137,1409415
3977,278,9539,1409069,1409347
5460,278,9651,1409039,1409317
5932,278,9653,1409119,1409397
9458,278,9732,1409122,1409400
7846,278,9743,1409193,1409471
7993,278,9796,1409222,1409500
4169,278,9876,1409224,1409502
4803,278,9882,1409300,1409578
2496,278,9891,1409373,1409651
4452,278,9907,1409439,1409717
1680,278,9978,1409450,1409728
2192,278,9988,1409522,1409800
1675,279,8144,1411448,1411727
6161,279,8186,1411489,1411768
2697,279,8206,1411552,1411831
3843,279,8212,1411629,1411908
7505,279,8355,1411569,1411848
4986,279,8376,1411631,1411910
1439,279,8397,1411693,1411972
7866,279,8421,1411752,1412031
2351,279,8444,1411812,1412091
6046,279,8473,1411866,1412145
6786,279,8520,1411902,1412181
4678,279,8567,1411938,1412217
1385,279,8671,1411917,1412196
6573,279,8776,1411895,1412174
8649,279,8778,1411976,1412255
2381,279,8929,1411908,1412187
4795,279,8940,1411980,1412259
9644,279,9051,1411952,1412231
2468,279,9082,1412004,1412283
4968,279,9100,1412069,1412348
2554,279,9131,1412121,1412400
4713,279,9141,1412194,1412473
8789,279,9170,1412248,1412527
9852,279,9197,1412304,1412583
4154,279,9309,1412275,1412554
9784,279,9326,1412341,1412620
7474,279,9398,1412352,1412631
3119,279,9629,1412204,1412483
4690,279,9660,1412256,1412535
6658,279,9669,1412330,1412609
1454,279,9698,1412384,1412663
6913,279,9722,1412443,1412722
4055,279,9755,1412493,1412772
9044,279,9836,1412495,1412774
1257,279,9850,1412564,1412843
5492,279,9864,1412633,1412912
3346,280,8048,1414532,1414812
1577,280,8174,1414490,1414770
4219,280,8178,1414570,1414850
4474,280,8298,1414534,1414814
9559,280,8372,1414544,1414824
6351,280,8418,1414582,1414862
8421,280,8419,1414665,1414945
6072,280,8454,1414714,1414994
1569,280,8455,1414797,1415077
3116,280,8456,1414880,1415160
3711,280,8482,1414938,1415218
7428,280,8486,1415018,1415298
1921,280,8496,1415092,1415372
7612,280,8507,1415165,1415445
4458,280,8836,1414920,1415200
7878,280,8944,1414896,1415176
9165,280,8974,1414950,1415230
2885,280,9043,1414965,1415245
1843,280,9109,1414983,1415263
8829,280,9207,1414969,1415249
7166,280,9239,1415021,1415301
1274,280,9307,1415037,1415317
5282,280,9338,1415090,1415370
6499,280,9355,1415157,1415437
3616,280,9382,1415214,1415494
7482,280,9438,1415242,1415522
8477,280,9449,1415315,1415595
4226,280,9551,1415297,1415577
7436,280,9571,1415361,1415641
2497,280,9696,1415320,1415600
8898,280,9766,1415334,1415614
8239,280,9784,1415400,1415680
7716,280,9941,1415327,1415607
9516,280,9941,1415411,1415691
2493,280,9982,1415454,1415734
6945,280,9997,1415523,1415803
7590,281,8105,1417499,1417780
9194,281,8154,1417535,1417816
5138,281,8162,1417612,1417893
8370,281,8204,1417655,1417936
3802,281,8288,1417656,1417937
6333,281,8295,1417734,1418015
3158,281,8395,1417719,1418000
6099,281,8436,1417763,1418044
4426,281,8517,1417767,1418048
7090,281,8557,1417812,1418093
8429,281,8624,1417830,1418111
1389,281,8695,1417844,1418125
5276,281,8747,1417877,1418158
4939,281,8807,1417902,1418183
7967,281,8830,1417964,1418245
2299,281,8834,1418045,1418326
8356,281,8901,1418063,1418344
5697,281,8992,1418057,1418338
8225,281,9013,1418121,1418402
1084,281,9046,1418173,1418454
1363,281,9047,1418257,1418538
2183,281,9209,1418180,1418461
7928,281,9237,1418237,1418518
9359,281,9240,1418319,1418600
3922,281,9300,1418344,1418625
6569,281,9319,1418410,1418691
1730,281,9467,1418347,1418628
5717,281,9497,1418402,1418683
4513,281,9502,1418482,1418763
7600,281,9657,1418412,1418693
6827,281,9741,1418413,1418694
3863,281,9816,1418423,1418704
1786,281,9848,1418476,1418757
2082,281,9875,1418534,1418815
6694,281,9954,1418540,1418821
3753,282,8200,1420379,1420661
8184,282,8200,1420465,1420747
5514,282,8211,1420540,1420822
7599,282,8230,1420607,1420889
9317,282,8269,1420654,1420936
7465,282,8292,1420717,1420999
5416,282,8319,1420776,1421058
5145,282,8359,1420822,1421104
7712,282,8380,1420887,1421169
6908,282,8504,1420849,1421131
5702,282,8743,1420696,1420978
7025,282,8982,1420543,1420825
1424,282,9025,1420586,1420868
8929,282,9027,1420670,1420952
1910,282,9290,1420493,1420775
3611,282,9487,1420382,1420664
5348,282,9530,1420425,1420707
8030,282,9535,1420506,1420788
8147,282,9553,1420574,1420856
3431,282,9587,1420626,1420908
9572,282,9616,1420683,1420965
9343,282,9624,1420761,1421043
4559,282,9658,1420813,1421095
2267,282,9710,1420847,1421129
5799,282,9852,1420791,1421073
5518,282,9856,1420873,1421155
8038,282,9865,1420950,1421232
1971,282,9980,1420921,1421203
1798,283,8032,1422955,1423238
5802,283,8080,1422994,1423277
4059,283,8133,1423028,1423311
4277,283,8135,1423113,1423396
8180,283,8169,1423166,1423449
8739,283,8206,1423216,1423499
6136,283,8257,1423252,1423535
2209,283,8265,1423331,1423614
4575,283,8284,1423399,1423682
6463,283,8342,1423428,1423711
4292,283,8438,1423419,1423702
7420,283,8451,1423493,1423776
5148,283,8616,1423415,1423698
7674,283,8671,1423447,1423730
5124,283,8738,1423467,1423750
5530,283,8880,1423412,1423695
2317,283,8885,1423494,1423777
2450,283,8901,1423565,1423848
2247,283,8905,1423648,1423931
1900,283,8941,1423699,1423982
7808,283,8944,1423783,1424066
5091,283,8977,1423837,1424120
8606,283,8981,1423920,1424203
6628,283,8999,1423989,1424272
9772,283,9111,1423964,1424247
2180,283,9127,1424035,1424318
9355,283,9150,1424099,1424382
2106,283,9173,1424163,1424446
1352,283,9187,1424236,1424519
5048,283,9218,1424292,1424575
4306,283,9228,1424369,1424652
3682,283,9273,1424411,1424694
4396,283,9296,1424475,1424758
5591,283,9330,1424528,1424811
8087,283,9338,1424607,1424890
5881,283,9350,1424682,1424965
1989,283,9393,1424726,1425009
4610,283,9424,1424782,1425065
6700,283,9492,1424801,1425084
7156,283,9578,1424802,1425085
8255,283,9664,1424803,1425086
2502,283,9896,1424658,1424941
2341,283,9914,1424727,1425010
2534,284,8043,1426685,1426969
2021,284,8084,1426732,1427016
3487,284,8201,1426703,1426987
2225,284,8280,1426712,1426996
2661,284,8305,1426775,1427059
6344,284,8328,1426840,1427124
6318,284,8345,1426911,1427195
5266,284,8525,1426819,1427103
8639,284,8583,1426849,1427133
3608,284,8622,1426898,1427182
2964,284,8771,1426837,1427121
7790,284,8781,1426915,1427199
9556,284,8920,1426864,1427148
7970,284,8923,1426949,1427233
7766,284,8942,1427018,1427302
3962,284,9043,1427005,1427289
7091,284,9211,1426925,1427209
8328,284,9215,1427009,1427293
9695,284,9237,1427075,1427359
6593,284,9257,1427143,1427427
2764,284,9387,1427101,1427385
4018,284,9531,1427045,1427329
4838,284,9690,1426974,1427258
4599,284,9708,1427044,1427328
1136,284,9734,1427106,1427390
5448,284,9741,1427187,1427471
2798,284,9808,1427208,1427492
2888,284,9814,1427290,1427574
6657,284,9946,1427246,1427530
7077,284,9958,1427322,1427606
9321,285,8042,1429326,1429611
2228,285,8048,1429409,1429694
2917,285,8078,1429468,1429753
7280,285,8172,1429463,1429748
4468,285,8228,1429496,1429781
7291,285,8329,1429484,1429769
1621,285,8357,1429545,1429830
2255,285,8373,1429618,1429903
2549,285,8404,1429676,1429961
5589,285,8595,1429574,1429859
8901,285,8641,1429617,1429902
2173,285,8667,1429680,1429965
2879,285,8708,1429728,1430013
7458,285,8739,1429786,1430071
1341,285,8796,1429818,1430103
3792,285,8859,1429844,1430129
4636,285,8896,1429896,1430181
4203,285,8914,1429967,1430252
4782,285,8952,1430018,1430303
8471,285,8988,1430071,1430356
3037,285,9019,1430129,1430414
8718,285,9028,1430209,1430494
4929,285,9038,1430288,1430573
3586,285,9055,1430360,1430645
8989,285,9127,1430377,1430662
1191,285,9155,1430438,1430723
7785,285,9392,1430290,1430575
8044,285,9488,1430283,1430568
3819,285,9685,1430175,1430460
3188,285,9716,1430233,1430518
3955,285,9749,1430289,1430574
5737,285,9787,1430340,1430625
2552,285,9889,1430327,1430612
2353,285,9917,1430388,1430673
2342,285,9919,1430475,1430760
5603,286,8010,1432473,1432759
5926,286,8069,1432504,1432790
9278,286,8069,1432594,1432880
8960,286,8167,1432586,1432872
6198,286,8202,1432641,1432927
9651,286,8220,1432713,1432999
9731,286,8261,1432762,1433048
4946,286,8390,1432723,1433009
1690,286,8406,1432797,1433083
8731,286,8503,1432790,1433076
3436,286,8552,1432831,1433117
9623,286,8600,1432873,1433159
1537,286,8621,1432942,1433228
1362,286,8666,1432987,1433273
7243,286,8720,1433023,1433309
3718,286,8812,1433021,1433307
2779,286,8857,1433066,1433352
4555,286,8896,1433117,1433403
1327,286,8899,1433204,1433490
8121,286,9136,1433057,1433343
1886,286,9362,1432921,1433207
8719,286,9483,1432890,1433176
3824,286,9571,1432892,1433178
1963,286,9579,1432974,1433260
3410,286,9724,1432919,1433205
2938,286,9899,1432834,1433120
9842,286,9908,1432915,1433201
6359,287,8001,1434912,1435199
1158,287,8156,1434848,1435135
8821,287,8174,1434921,1435208
7844,287,8446,1434740,1435027
2059,287,8524,1434753,1435040
8883,287,8592,1434776,1435063
1318,287,8636,1434823,1435110
3910,287,8637,1434913,1435200
1998,287,8654,1434987,1435274
1392,287,8896,1434836,1435123
3676,287,8951,1434872,1435159
7402,287,9123,1434791,1435078
9767,287,9282,1434723,1435010
6108,287,9457,1434639,1434926
6321,287,9536,1434651,1434938
8009,287,9543,1434735,1435022
3123,287,9605,1434764,1435051
7393,287,9727,1434733,1435020
5227,287,9753,1434798,1435085
6313,287,9773,1434869,1435156
8095,287,9783,1434950,1435237
4376,287,9951,1434873,1435160
6750,288,8005,1436910,1437198
5186,288,8036,1436971,1437259
6933,288,8040,1437059,1437347
5621,288,8229,1436962,1437250
5865,288,8233,1437050,1437338
2034,288,8343,1437032,1437320
4723,288,8423,1437044,1437332
2874,288,8461,1437098,1437386
8138,288,8513,1437138,1437426
3925,288,8526,1437217,1437505
3769,288,8618,1437217,1437505
2016,288,8635,1437292,1437580
8152,288,8745,1437274,1437562
8002,288,8851,1437260,1437548
5003,288,8869,1437334,1437622
3526,288,8878,1437417,1437705
1192,288,8881,1437506,1437794
3138,288,8931,1437548,1437836
3016,288,8973,1437598,1437886
7508,288,8979,1437684,1437972
4210,288,9043,1437712,1438000
8322,288,9049,1437798,1438086
6274,288,9132,1437807,1438095
1401,288,9228,1437803,1438091
2461,288,9525,1437598,1437886
7539,288,9547,1437668,1437956
2101,288,9617,1437690,1437978
8530,288,9657,1437742,1438030
5404,288,9693,1437798,1438086
2509,288,9736,1437847,1438135
3121,288,9784,1437891,1438179
5433,288,9894,1437873,1438161
8518,288,9894,1437965,1438253
7710,289,8122,1439829,1440118
9878,289,8221,1439823,1440112
4484,289,8251,1439886,1440175
4871,289,8306,1439924,1440213
1695,289,8339,1439984,1440273
4549,289,8468,1439948,1440237
9619,289,8501,1440008,1440297
4083,289,8727,1439875,1440164
1619,289,8769,1439926,1440215
5090,289,8846,1439942,1440231
7045,289,8978,1439903,1440192
4918,289,9065,1439909,1440198
9123,289,9108,1439959,1440248
6289,289,9153,1440007,1440296
1184,289,9185,1440068,1440357
6877,289,9220,1440126,1440415
7024,289,9253,1440186,1440475
8581,289,9300,1440232,1440521
2094,289,9586,1440039,1440328
4561,289,9587,1440131,1440420
6023,289,9630,1440181,1440470
8268,289,9645,1440259,1440548
6752,289,9653,1440344,1440633
8528,289,9712,1440378,1440667
4869,289,9729,1440454,1440743
9422,289,9804,1440472,1440761
4683,289,9808,1440561,1440850
8858,289,9820,1440642,1440931
1129,289,9837,1440718,1441007
3531,289,9859,1440789,1441078
4774,289,9879,1440862,1441151
5414,289,9920,1440914,1441203
1006,290,8038,1442889,1443179
1002,290,8039,1442982,1443272
4105,290,8052,1443063,1443353
1139,290,8122,1443087,1443377
5496,290,8123,1443180,1443470
3069,290,8125,1443272,1443562
9863,290,8138,1443353,1443643
8555,290,8157,1443428,1443718
7800,290,8210,1443469,1443759
6446,290,8250,1443523,1443813
5766,290,8264,1443603,1443893
4136,290,8295,1443666,1443956
4112,290,8581,1443474,1443764
9449,290,8608,1443541,1443831
3400,290,8661,1443582,1443872
1418,290,8703,1443634,1443924
1652,290,8821,1443610,1443900
2881,290,9005,1443520,1443810
1564,290,9009,1443610,1443900
9912,290,9025,1443688,1443978
7404,290,9076,1443731,1444021
4534,290,9182,1443719,1444009
2884,290,9230,1443765,1444055
3303,290,9303,1443786,1444076
7229,290,9322,1443861,1444151
7901,290,9522,1443755,1444045
8507,290,9641,1443730,1444020
7356,290,9702,1443763,1444053
4495,290,9767,1443792,1444082
4568,290,9770,1443883,1444173
8603,290,9883,1443864,1444154
5509,291,8050,1445791,1446082
4479,291,8150,1445786,1446077
3216,291,8200,1445831,1446122
6430,291,8344,1445782,1446073
9603,291,8357,1445864,1446155
1667,291,8368,1445948,1446239
4259,291,8393,1446018,1446309
5871,291,8470,1446036,1446327
4326,291,8530,1446071,1446362
5983,291,8550,1446146,1446437
4955,291,8748,1446043,1446334
3344,291,8750,1446136,1446427
3178,291,8789,1446192,1446483
5771,291,8812,1446264,1446555
9325,291,8813,1446358,1446649
6189,291,8865,1446401,1446692
4552,291,8909,1446452,1446743
5739,291,9117,1446339,1446630
1685,291,9144,1446407,1446698
5877,291,9157,1446489,1446780
4152,291,9179,1446562,1446853
9274,291,9312,1446524,1446815
3997,291,9401,1446530,1446821
5901,291,9418,1446608,1446899
5023,291,9567,1446554,1446845
6828,291,9568,1446648,1446939
3965,292,8029,1448282,1448574
3483,292,8083,1448324,1448616
3179,292,8103,1448400,1448692
8990,292,8182,1448417,1448709
7727,292,8243,1448452,1448744
7528,292,8313,1448478,1448770
5153,292,8481,1448406,1448698
1550,292,8522,1448461,1448753
3545,292,8567,1448512,1448804
4379,292,8617,1448558,1448850
7061,292,8636,1448635,1448927
5841,292,8652,1448715,1449007
8082,292,8820,1448643,1448935
1007,292,8824,1448735,1449027
7842,292,8902,1448753,1449045
3825,292,8977,1448774,1449066
9546,292,9137,1448710,1449002
4011,292,9139,1448804,1449096
1829,292,9140,1448899,1449191
2360,292,9154,1448981,1449273
8570,292,9187,1449044,1449336
2454,292,9265,1449062,1449354
8124,292,9280,1449143,1449435
8098,292,9310,1449209,1449501
4346,292,9392,1449223,1449515
2449,292,9399,1449312,1449604
4215,292,9496,1449311,1449603
4345,292,9527,1449376,1449668
4551,292,9535,1449464,1449756
9996,292,9561,1449534,1449826
8889,292,9608,1449583,1449875
5039,292,9728,1449559,1449851
5989,292,9755,1449628,1449920
5001,292,9822,1449657,1449949
7145,292,9824,1449751,1450043
7486,293,8026,1451645,1451938
1666,293,8036,1451732,1452025
1779,293,8061,1451804,1452097
3146,293,8219,1451743,1452036
1164,293,8258,1451801,1452094
7264,293,8258,1451898,1452191
9242,293,8262,1451991,1452284
7205,293,8313,1452037,1452330
4041,293,8405,1452042,1452335
7519,293,8408,1452136,1452429
3506,293,8420,1452221,1452514
6038,293,8539,1452199,1452492
6354,293,8583,1452252,1452545
5828,293,8658,1452274,1452567
1355,293,8738,1452291,1452584
3680,293,8777,1452349,1452642
9668,293,8838,1452385,1452678
6621,293,8847,1452473,1452766
4360,293,8951,1452466,1452759
8249,293,8990,1452524,1452817
1134,293,9008,1452603,1452896
2294,293,9138,1452570,1452863
4816,293,9221,1452584,1452877
6397,293,9245,1452657,1452950
8888,293,9295,1452704,1452997
6790,293,9478,1452618,1452911
2614,293,9535,1452658,1452951
3697,293,9535,1452755,1453048
3785,293,9600,1452787,1453080
7084,293,9663,1452821,1453114
1967,293,9849,1452732,1453025
1499,293,9872,1452806,1453099
3048,293,9930,1452845,1453138
9567,293,9989,1452883,1453176
5073,294,8128,1454841,1455135
6595,294,8253,1454814,1455108
7050,294,8308,1454857,1455151
6502,294,8323,1454940,1455234
6498,294,8389,1454972,1455266
7294,294,8434,1455025,1455319
9440,294,8490,1455067,1455361
5006,294,8519,1455136,1455430
4131,294,8580,1455173,1455467
8558,294,8584,1455267,1455561
7348,294,8667,1455282,1455576
6647,294,8733,1455314,1455608
1880,294,8736,1455409,1455703
7453,294,8736,1455507,1455801
6965,294,8819,1455522,1455816
6555,294,8830,1455609,1455903
8262,294,8831,1455706,1456000
7162,294,8949,1455686,1455980
3379,294,9224,1455509,1455803
6617,294,9255,1455576,1455870
3983,294,9297,1455632,1455926
3630,294,9323,1455704,1455998
8065,294,9408,1455717,1456011
7131,294,9419,1455804,1456098
5345,294,9505,1455816,1456110
1584,294,9519,1455900,1456194
2338,294,9584,1455933,1456227
4580,294,9640,1455975,1456269
6148,294,9860,1455853,1456147
2758,295,8090,1467080,1467375
8625,295,8119,1467101,1467396
9058,295,8163,1467107,1467402
8170,295,8176,1467144,1467439
6285,295,8253,1467117,1467412
8728,295,8488,1466932,1467227
2136,295,8585,1466885,1467180
6856,295,8621,1466899,1467194
2388,295,8672,1466898,1467193
3875,295,8740,1466880,1467175
8432,295,8785,1466885,1467180
6721,295,8832,1466888,1467183
3150,295,8947,1466823,1467118
4453,295,8974,1466846,1467141
7506,295,8974,1466896,1467191
7117,295,9049,1466871,1467166
3578,295,9051,1466919,1467214
2620,295,9052,1466968,1467263
2220,295,9129,1466941,1467236
5290,295,9131,1466989,1467284
7713,295,9149,1467021,1467316
4334,295,9236,1466984,1467279
4693,295,9244,1467026,1467321
9573,295,9251,1467069,1467364
3934,295,9411,1466959,1467254
1568,295,9434,1466986,1467281
7788,295,9442,1467028,1467323
5129,295,9498,1467022,1467317
8402,295,9518,1467052,1467347
6509,295,9599,1467021,1467316
3888,295,9639,1467031,1467326
9498,295,9661,1467059,1467354
4759,295,9679,1467091,1467386
6968,295,9769,1467051,1467346
6870,295,9771,1467099,1467394
7940,295,9854,1467066,1467361
1149,295,9877,1467093,1467388
6374,296,8032,1468988,1469284
1750,296,8069,1469002,1469298
7383,296,8157,1468965,1469261
2036,296,8196,1468977,1469273
1025,296,8369,1468855,1469151
9115,296,8383,1468892,1469188
1823,296,8434,1468892,1469188
8482,296,8455,1468922,1469218
6394,296,8465,1468963,1469259
7999,296,8520,1468959,1469255
4253,296,8650,1468880,1469176
7981,296,8665,1468916,1469212
6421,296,8839,1468793,1469089
2900,296,8854,1468829,1469125
8383,296,8917,1468817,1469113
8624,296,8959,1468826,1469122
4233,296,9032,1468804,1469100
5497,296,9093,1468794,1469090
2721,296,9118,1468820,1469116
8442,296,9157,1468832,1469128
5781,296,9301,1468739,1469035
7659,296,9351,1468740,1469036
7109,296,9422,1468720,1469016
2732,296,9519,1468674,1468970
8804,296,9746,1468498,1468794
1799,296,9764,1468531,1468827
8013,296,9795,1468551,1468847
5405,296,9820,1468577,1468873
3497,296,9827,1468621,1468917
7171,296,9922,1468577,1468873
9468,296,9936,1468614,1468910
1670,297,8028,1470573,1470870
8331,297,8190,1470463,1470760
2456,297,8216,1470489,1470786
5594,297,8311,1470446,1470743
4241,297,8377,1470432,1470729
2546,297,8393,1470468,1470765
6442,297,8459,1470454,1470751
5759,297,8512,1470453,1470750
6092,297,8522,1470495,1470792
2702,297,8558,1470511,1470808
1984,297,8708,1470413,1470710
4867,297,8715,1470458,1470755
5817,297,8721,1470504,1470801
7965,297,8766,1470511,1470808
7406,297,8802,1470527,1470824
9768,297,8854,1470527,1470824
8551,297,8896,1470537,1470834
9747,297,8904,1470581,1470878
1151,297,8944,1470593,1470890
2215,297,9249,1470340,1470637
7588,297,9421,1470220,1470517
3927,297,9480,1470213,1470510
6090,297,9531,1470214,1470511
4587,297,9590,1470207,1470504
5076,297,9623,1470226,1470523
4415,297,9709,1470192,1470489
8515,297,9801,1470152,1470449
9843,297,9826,1470179,1470476
7818,297,9972,1470085,1470382
6547,298,8137,1471972,1472270
7900,298,8147,1472015,1472313
7064,298,8203,1472012,1472310
7953,298,8340,1471928,1472226
7794,298,8369,1471952,1472250
5367,298,8494,1471880,1472178
8447,298,8628,1471799,1472097
5558,298,8664,1471816,1472114
2252,298,8669,1471864,1472162
6186,298,8714,1471872,1472170
1411,298,8728,1471911,1472209
5018,298,8847,1471845,1472143
6342,298,8932,1471813,1472111
6584,298,8993,1471805,1472103
3165,298,9053,1471798,1472096
6771,298,9071,1471833,1472131
9421,298,9072,1471885,1472183
6426,298,9082,1471928,1472226
2782,298,9101,1471962,1472260
5292,298,9186,1471930,1472228
9201,298,9277,1471892,1472190
5077,298,9302,1471920,1472218
1127,298,9360,1471915,1472213
1176,298,9421,1471907,1472205
5284,298,9442,1471939,1472237
9314,298,9516,1471918,1472216
7329,298,9628,1471859,1472157
2912,298,9766,1471774,1472072
8252,298,9768,1471825,1472123
9035,298,9898,1471748,1472046
2405,298,9908,1471791,1472089
5053,299,8028,1473724,1474023
8532,299,8041,1473765,1474064
8596,299,8057,1473803,1474102
3159,299,8214,1473700,1473999
2212,299,8251,1473717,1474016
2482,299,8412,1473610,1473909
7773,299,8489,1473587,1473886
6290,299,8502,1473628,1473927
1833,299,8607,1473577,1473876
1498,299,8712,1473526,1473825
3133,299,8717,1473575,1473874
2201,299,8741,1473605,1473904
7020,299,8761,1473639,1473938
1640,299,8774,1473680,1473979
8233,299,8860,1473648,1473947
3789,299,8985,1473577,1473876
2856,299,8988,1473628,1473927
8774,299,9096,1473574,1473873
7720,299,9128,1473596,1473895
5297,299,9165,1473613,1473912
6695,299,9234,1473598,1473897
6559,299,9328,1473558,1473857
6096,299,9395,1473545,1473844
4421,299,9612,1473382,1473681
9879,299,9650,1473398,1473697
1461,299,9700,1473402,1473701
4317,299,9733,1473423,1473722
7587,299,9858,1473352,1473651
7943,299,9882,1473382,1473681
2908,299,9969,1473349,1473648
5211,300,8084,1475288,1475588
5155,300,8099,1475328,1475628
1783,300,8143,1475339,1475639
5457,300,8170,1475367,1475667
6425,300,8350,1475242,1475542
5294,300,8365,1475282,1475582
3117,300,8411,1475291,1475591
1214,300,8501,1475256,1475556
6542,300,8518,1475294,1475594
3004,300,8608,1475259,1475559
9972,300,8625,1475297,1475597
5943,300,8643,1475334,1475634
5829,300,8735,1475297,1475597
5734,300,8739,1475348,1475648
4709,300,8771,1475371,1475671
7196,300,8854,1475343,1475643
9136,300,8899,1475353,1475653
2174,300,9004,1475303,1475603
8730,300,9095,1475267,1475567
3883,300,9208,1475209,1475509
4672,300,9264,1475208,1475508
7032,300,9278,1475249,1475549
8231,300,9319,1475263,1475563
1518,300,9335,1475302,1475602
1970,300,9528,1475164,1475464
3296,300,9590,1475157,1475457
9525,300,9650,1475152,1475452
8287,300,9651,1475206,1475506
6582,300,9668,1475244,1475544
7489,300,9699,1475268,1475568
1827,300,9711,1475311,1475611
2566,300,9861,1475216,1475516
2271,300,9965,1475167,1475467
1770,300,9976,1475211,1475511

Average Waiting Time = 693110

Average Turn Around Time = 693259
