Process,Burst Time,Arrival Time,Waiting Time,Turn Around Time
30,46,1,0,46
38,15,1,46,61
1,18,2,61,79
24,16,3,78,94
22,15,4,93,108
93,44,4,108,152
11,4,7,149,153
88,41,7,153,194
32,29,9,192,221
41,1,11,219,220
21,40,12,219,259
72,45,12,259,304
20,46,13,303,349
17,20,14,348,368
3,26,16,366,392
65,29,16,392,421
57,26,17,420,446
100,29,17,446,475
23,36,18,474,510
25,47,18,510,557
14,1,19,556,557
67,3,19,557,560
2,27,20,559,586
16,38,20,586,624
47,29,21,623,652
51,26,21,652,678
26,44,22,677,721
34,16,23,720,736
58,37,23,736,773
66,18,24,772,790
86,20,24,790,810
96,26,24,810,836
12,19,25,835,854
55,28,25,854,882
10,16,27,880,896
29,2,27,896,898
80,30,27,898,928
84,29,27,928,957
63,40,29,955,995
18,28,31,993,1021
81,11,31,1021,1032
37,9,32,1031,1040
90,36,33,1039,1075
7,8,34,1074,1082
27,27,34,1082,1109
44,31,35,1108,1139
28,1,36,1138,1139
15,43,38,1137,1180
36,35,40,1178,1213
35,45,42,1211,1256
8,30,43,1255,1285
40,48,44,1284,1332
59,40,45,1331,1371
85,44,45,1371,1415
4,16,49,1411,1427
71,35,49,1427,1462
95,20,49,1462,1482
912,148,50,2357,2505
79,39,51,1524,1563
5,9,52,1562,1571
110,183,52,2459,2642
857,10,53,1614,1624
50,21,54,1623,1644
64,39,54,1644,1683
68,23,55,1682,1705
54,47,56,1704,1751
442,48,56,1751,1799
477,145,56,2594,2739
542,264,56,2695,2959
70,16,58,1885,1901
94,24,58,1901,1925
375,88,58,1925,2013
899,191,58,2913,3104
985,170,58,3060,3230
33,19,59,2100,2119
60,22,59,2119,2141
612,65,60,2140,2205
809,132,60,3184,3316
811,241,60,3272,3513
489,49,62,2291,2340
46,5,63,2339,2344
623,130,63,3466,3596
83,15,64,3595,3610
97,49,64,3610,3659
207,287,64,124586,124873
39,23,65,3799,3822
61,48,65,3822,3870
456,271,65,3870,4141
53,41,66,4140,4181
69,36,66,4181,4217
9,3,67,4216,4219
49,16,67,4219,4235
87,29,67,4235,4264
183,37,67,4264,4301
539,107,67,4301,4408
74,7,68,4407,4414
76,35,69,4413,4448
78,7,69,4448,4455
196,213,69,4455,4668
45,36,70,4667,4703
577,110,70,4703,4813
717,87,70,4813,4900
729,75,70,4900,4975
217,13,71,4974,4987
121,143,72,4986,5129
75,2,73,5128,5130
126,290,73,124723,125013
77,36,74,5270,5306
91,19,74,5306,5325
298,46,74,5325,5371
649,2,74,5371,5373
89,36,75,5372,5408
92,26,77,5406,5432
173,193,77,5432,5625
602,198,77,5625,5823
823,14,77,5823,5837
316,293,78,124867,125160
989,230,78,5977,6207
959,151,80,6205,6356
99,48,81,6355,6403
42,30,82,6402,6432
52,17,82,6432,6449
276,205,82,6449,6654
82,15,83,6653,6668
424,148,85,6666,6814
860,235,85,6814,7049
760,12,86,7048,7060
19,1,87,7059,7060
712,277,87,7060,7337
62,5,88,7336,7341
454,205,88,7341,7546
798,269,88,7546,7815
849,116,88,7815,7931
13,25,89,7930,7955
56,50,90,7954,8004
73,27,90,8004,8031
98,37,90,8031,8068
274,160,90,8068,8228
321,30,91,8227,8257
426,36,91,8257,8293
48,10,93,8291,8301
43,24,95,8299,8323
390,223,97,8321,8544
794,65,98,8543,8608
937,55,98,8608,8663
6,25,99,8662,8687
31,47,99,8687,8734
714,211,100,8733,8944
480,229,103,8941,9170
787,164,103,9170,9334
841,62,103,9334,9396
815,222,104,9395,9617
292,187,105,9616,9803
215,151,106,9802,9953
502,111,106,9953,10064
933,80,106,10064,10144
866,71,107,10143,10214
398,228,108,10213,10441
894,202,108,10441,10643
435,8,109,10642,10650
675,299,109,124988,125287
872,8,109,10791,10799
916,94,109,10799,10893
300,69,111,10891,10960
523,38,111,10960,10998
148,251,112,10997,11248
194,249,112,11248,11497
840,34,114,11495,11529
907,230,114,11529,11759
537,103,116,11757,11860
682,91,116,11860,11951
562,146,117,11950,12096
767,291,122,125133,125424
941,191,123,12231,12422
184,265,124,12421,12686
460,116,124,12686,12802
758,163,125,12801,12964
844,38,126,12963,13001
169,2,130,12997,12999
306,224,130,12999,13223
297,152,131,13222,13374
339,190,132,13373,13563
200,295,133,125272,125567
237,228,133,13703,13931
408,8,133,13931,13939
546,183,133,13939,14122
713,161,133,14122,14283
494,220,134,14282,14502
629,132,135,14501,14633
965,66,135,14633,14699
163,288,136,125423,125711
742,29,137,14838,14867
622,236,138,14866,15102
385,11,139,15101,15112
422,75,139,15112,15187
453,217,139,15187,15404
525,33,139,15404,15437
113,196,140,15436,15632
308,164,140,15632,15796
687,56,140,15796,15852
359,74,141,15851,15925
396,68,141,15925,15993
598,222,142,15992,16214
947,135,142,16214,16349
253,251,143,16348,16599
218,206,147,16595,16801
935,292,147,125559,125851
382,151,149,16940,17091
862,255,149,17091,17346
889,181,149,17346,17527
547,46,150,17526,17572
688,58,151,17571,17629
335,121,152,17628,17749
595,150,154,17747,17897
942,78,155,17896,17974
376,201,157,17972,18173
388,186,157,18173,18359
822,4,157,18359,18363
311,253,158,18362,18615
632,125,161,18612,18737
634,135,164,18734,18869
268,156,165,18868,19024
344,218,168,19021,19239
651,183,168,19239,19422
786,137,170,19420,19557
162,209,174,19553,19762
213,152,174,19762,19914
331,266,176,19912,20178
521,233,177,20177,20410
535,46,177,20410,20456
796,46,177,20456,20502
226,21,179,20500,20521
209,180,183,20517,20697
779,180,184,20696,20876
659,1,187,20873,20874
271,142,188,20873,21015
304,227,188,21015,21242
807,9,189,21241,21250
190,74,190,21249,21323
693,217,190,21323,21540
138,2,193,21537,21539
952,136,193,21539,21675
204,51,194,21674,21725
439,179,195,21724,21903
871,175,195,21903,22078
997,246,195,22078,22324
589,294,196,125661,125955
731,101,196,22464,22565
897,16,196,22565,22581
608,19,198,22579,22598
203,284,200,125810,126094
265,284,201,125952,126236
252,254,203,22875,23129
238,107,206,23126,23233
510,110,206,23233,23343
514,253,206,23343,23596
413,211,207,23595,23806
175,165,208,23805,23970
833,124,209,23969,24093
663,104,211,24091,24195
212,227,215,24191,24418
957,74,217,24416,24490
923,298,218,126078,126376
908,150,221,24627,24777
122,18,222,24776,24794
836,73,223,24793,24866
950,95,223,24866,24961
999,77,223,24961,25038
119,96,224,25037,25133
112,68,225,25132,25200
996,162,225,25200,25362
552,133,227,25360,25493
604,66,227,25493,25559
391,241,229,25557,25798
630,80,230,25797,25877
563,70,231,25876,25946
782,285,231,126222,126507
618,216,232,26086,26302
755,218,233,26301,26519
639,258,234,26518,26776
455,53,235,26775,26828
880,12,235,26828,26840
812,12,236,26839,26851
417,133,239,26848,26981
635,160,239,26981,27141
281,110,240,27140,27250
587,166,243,27247,27413
703,34,245,27411,27445
976,217,247,27443,27660
199,95,248,27659,27754
594,34,249,27753,27787
887,261,249,27787,28048
332,23,250,28047,28070
854,5,250,28070,28075
305,160,251,28074,28234
367,132,254,28231,28363
718,146,254,28363,28509
370,21,255,28508,28529
487,283,256,126341,126624
177,114,257,28668,28782
732,161,257,28782,28943
189,279,260,28940,29219
327,199,263,29216,29415
351,134,263,29415,29549
101,277,265,29547,29824
421,80,265,29824,29904
603,63,265,29904,29967
445,255,266,29966,30221
793,106,266,30221,30327
667,282,267,30326,30608
601,149,270,30605,30754
972,187,271,30753,30940
233,211,272,30939,31150
386,173,272,31150,31323
926,1,274,31321,31322
801,229,275,31321,31550
949,64,275,31550,31614
642,159,277,31612,31771
817,133,277,31771,31904
172,281,278,31903,32184
259,286,278,126461,126747
720,209,278,32325,32534
914,194,278,32534,32728
962,249,278,32728,32977
674,130,280,32975,33105
504,239,283,33102,33341
558,234,287,33337,33571
333,292,288,126596,126888
541,60,288,33711,33771
751,196,288,33771,33967
349,72,289,33966,34038
149,138,290,34037,34175
301,164,290,34175,34339
420,201,291,34338,34539
330,272,292,34538,34810
404,25,293,34809,34834
694,288,294,126741,127029
394,168,296,34972,35140
468,26,297,35139,35165
461,179,298,35164,35343
134,100,299,35342,35442
757,14,299,35442,35456
885,197,299,35456,35653
155,64,301,35651,35715
568,79,301,35715,35794
902,45,301,35794,35839
536,262,303,35837,36099
222,233,306,36096,36329
269,63,307,36328,36391
416,57,309,36389,36446
783,19,309,36446,36465
641,251,311,36463,36714
726,129,311,36714,36843
904,102,311,36843,36945
451,111,314,36942,37053
830,28,314,37053,37081
832,85,314,37081,37166
129,103,317,37163,37266
221,56,317,37266,37322
681,236,317,37322,37558
934,280,317,37558,37838
585,97,319,37836,37933
146,169,320,37932,38101
781,65,324,38097,38162
762,73,325,38161,38234
771,257,326,38233,38490
211,247,329,38487,38734
342,228,330,38733,38961
958,149,330,38961,39110
392,104,331,39109,39213
533,45,331,39213,39258
132,20,332,39257,39277
167,217,332,39277,39494
548,266,332,39494,39760
790,133,334,39758,39891
749,10,336,39889,39899
336,119,340,39895,40014
144,236,341,40013,40249
927,92,341,40249,40341
154,97,343,40339,40436
943,88,344,40435,40523
262,148,346,40521,40669
518,286,346,126836,127122
886,45,346,40810,40855
284,63,347,40854,40917
986,276,347,40917,41193
206,298,348,126979,127277
513,186,348,41333,41519
701,70,348,41519,41589
915,232,349,41588,41820
186,65,350,41819,41884
223,165,350,41884,42049
881,254,350,42049,42303
554,67,351,42302,42369
153,127,352,42368,42495
384,108,352,42495,42603
628,67,353,42602,42669
633,180,353,42669,42849
135,135,354,42848,42983
495,207,354,42983,43190
968,81,354,43190,43271
325,4,356,43269,43273
362,93,357,43272,43365
273,183,358,43364,43547
340,217,358,43547,43764
315,4,359,43763,43767
677,127,359,43767,43894
870,170,361,43892,44062
150,184,362,44061,44245
607,127,362,44245,44372
777,284,362,127122,127406
964,8,365,44510,44518
877,26,366,44517,44543
982,119,366,44543,44662
403,251,367,44661,44912
418,189,367,44912,45101
637,155,368,45100,45255
647,73,369,45254,45327
267,245,370,45326,45571
310,2,370,45571,45573
145,3,372,45571,45574
512,235,372,45574,45809
258,224,373,45808,46032
474,69,375,46030,46099
572,19,375,46099,46118
705,98,375,46118,46216
708,172,375,46216,46388
176,160,376,46387,46547
567,79,376,46547,46626
380,59,377,46625,46684
545,141,377,46684,46825
826,10,377,46825,46835
171,233,379,46833,47066
527,18,379,47066,47084
586,275,381,47082,47357
918,228,381,47357,47585
365,145,382,47584,47729
475,271,382,47729,48000
648,49,382,48000,48049
888,229,382,48049,48278
242,202,383,48277,48479
429,294,383,127244,127538
313,78,384,48619,48697
991,252,384,48697,48949
329,116,386,48947,49063
890,207,388,49061,49268
896,25,389,49267,49292
205,36,390,49291,49327
198,300,392,127388,127688
272,66,394,49464,49530
151,251,395,49529,49780
449,65,395,49780,49845
188,237,397,49843,50080
379,215,397,50080,50295
395,94,400,50292,50386
501,39,400,50386,50425
837,78,406,50419,50497
940,237,406,50497,50734
553,145,407,50733,50878
168,26,408,50877,50903
802,277,408,50903,51180
105,7,409,51179,51186
473,144,409,51186,51330
620,32,409,51330,51362
109,146,410,51361,51507
348,30,411,51506,51536
656,94,412,51535,51629
883,158,414,51627,51785
939,205,415,51784,51989
136,29,416,51988,52017
734,126,416,52017,52143
165,38,418,52141,52179
746,123,418,52179,52302
973,115,419,52301,52416
322,295,420,127519,127814
763,240,420,52556,52796
230,4,424,52792,52796
111,271,425,52795,53066
448,285,425,127668,127953
852,34,425,53207,53241
346,81,427,53239,53320
319,1,429,53318,53319
735,93,429,53319,53412
814,46,429,53412,53458
706,145,430,53457,53602
827,148,430,53602,53750
556,60,431,53749,53809
616,90,431,53809,53899
728,222,435,53895,54117
769,300,435,127802,128102
557,236,436,54257,54493
987,185,437,54492,54677
141,161,438,54676,54837
497,153,438,54837,54990
788,3,439,54989,54992
875,196,440,54991,55187
856,195,441,55186,55381
431,53,442,55380,55433
818,297,442,127954,128251
741,197,445,55571,55768
920,37,445,55768,55805
893,80,446,55804,55884
898,51,447,55883,55934
990,247,447,55934,56181
661,163,449,56179,56342
853,12,450,56341,56353
954,19,451,56352,56371
846,230,452,56370,56600
244,133,453,56599,56732
285,115,454,56731,56846
381,4,454,56846,56850
719,166,454,56850,57016
529,267,455,57015,57282
107,155,459,57278,57433
256,195,459,57433,57628
775,17,459,57628,57645
317,258,462,57642,57900
361,217,462,57900,58117
254,251,463,58116,58367
838,159,464,58366,58525
979,106,465,58524,58630
409,68,466,58629,58697
571,247,467,58696,58943
850,107,469,58941,59048
816,61,470,59047,59108
876,177,472,59106,59283
606,196,473,59282,59478
353,99,475,59476,59575
580,134,476,59574,59708
772,200,477,59707,59907
509,88,478,59906,59994
644,111,478,59994,60105
792,166,478,60105,60271
181,68,480,60269,60337
314,76,480,60337,60413
360,106,481,60412,60518
664,69,481,60518,60587
910,224,482,60586,60810
270,266,483,60809,61075
522,13,485,61073,61086
530,205,485,61086,61291
806,280,486,61290,61570
922,40,489,61567,61607
157,193,490,61606,61799
835,222,490,61799,62021
956,215,490,62021,62236
318,287,492,128060,128347
579,198,492,62375,62573
627,134,492,62573,62707
789,93,495,62704,62797
463,282,496,62796,63078
930,36,497,63077,63113
696,235,502,63108,63343
753,260,502,63343,63603
373,208,503,63602,63810
293,63,505,63808,63871
236,13,507,63869,63882
774,91,507,63882,63973
369,200,510,63970,64170
593,92,513,64167,64259
354,219,514,64258,64477
492,231,514,64477,64708
724,166,516,64706,64872
723,58,518,64870,64928
407,188,519,64927,65115
483,224,520,65114,65338
672,199,520,65338,65537
901,207,520,65537,65744
401,248,521,65743,65991
636,7,522,65990,65997
142,146,523,65996,66142
662,177,523,66142,66319
831,297,523,128175,128472
347,58,524,66459,66517
869,224,524,66517,66741
932,54,524,66741,66795
995,245,525,66794,67039
491,293,527,128327,128620
278,195,529,67176,67371
574,194,530,67370,67564
414,196,532,67562,67758
722,298,532,128474,128772
839,5,532,67899,67904
795,137,534,67902,68039
859,223,538,68035,68258
133,182,540,68256,68438
486,92,544,68434,68526
925,100,545,68525,68625
864,60,546,68624,68684
892,294,547,128616,128910
865,203,550,68821,69024
879,46,550,69024,69070
861,212,551,69069,69281
450,267,554,69278,69545
704,176,554,69545,69721
193,253,556,69719,69972
756,225,556,69972,70197
873,230,556,70197,70427
249,159,557,70426,70585
540,46,558,70584,70630
511,221,560,70628,70849
551,6,560,70849,70855
476,76,561,70854,70930
605,38,562,70929,70967
185,74,563,70966,71040
891,135,563,71040,71175
921,37,564,71174,71211
520,2,565,71210,71212
532,135,568,71209,71344
115,223,569,71343,71566
813,242,569,71566,71808
929,263,569,71808,72071
992,1,569,72071,72072
277,203,571,72070,72273
498,40,571,72273,72313
312,275,572,72312,72587
152,280,574,72585,72865
936,116,574,72865,72981
645,41,575,72980,73021
275,31,576,73020,73051
670,143,577,73050,73193
747,116,577,73193,73309
984,35,577,73309,73344
255,258,578,73343,73601
197,52,580,73599,73651
251,31,580,73651,73682
399,36,585,73677,73713
592,162,587,73711,73873
761,270,588,73872,74142
613,197,592,74138,74335
438,243,593,74334,74577
488,179,593,74577,74756
500,61,595,74754,74815
824,245,595,74815,75060
243,134,597,75058,75192
423,288,597,128719,129007
279,27,599,75331,75358
621,2,599,75358,75360
975,112,599,75360,75472
919,93,600,75471,75564
478,157,601,75563,75720
867,146,603,75718,75864
519,205,604,75863,76068
610,17,604,76068,76085
764,229,605,76084,76313
227,21,606,76312,76333
733,215,606,76333,76548
214,199,607,76547,76746
538,71,609,76744,76815
851,53,611,76813,76866
590,33,613,76864,76897
685,174,613,76897,77071
611,9,614,77070,77079
104,203,616,77077,77280
459,4,616,77280,77284
358,110,617,77283,77393
245,100,618,77392,77492
565,292,618,128845,129137
192,12,619,77632,77644
116,87,620,77643,77730
419,165,620,77730,77895
791,168,622,77893,78061
496,127,623,78060,78187
993,181,623,78187,78368
555,102,624,78367,78469
576,282,624,78469,78751
671,290,628,128986,129276
804,278,629,78887,79165
900,68,630,79164,79232
960,140,630,79232,79372
909,94,631,79371,79465
400,60,632,79464,79524
730,55,632,79524,79579
174,292,636,129127,129419
447,29,637,79715,79744
178,75,639,79742,79817
967,244,639,79817,80061
295,82,643,80057,80139
744,269,643,80139,80408
219,30,644,80407,80437
234,152,644,80437,80589
131,142,645,80588,80730
652,194,647,80728,80922
994,195,647,80922,81117
437,14,649,81115,81129
528,172,649,81129,81301
638,45,651,81299,81344
264,69,654,81341,81410
507,143,654,81410,81553
828,163,654,81553,81716
485,117,656,81714,81831
334,244,658,81829,82073
366,32,658,82073,82105
928,172,658,82105,82277
288,47,659,82276,82323
588,233,659,82323,82556
524,294,661,129253,129547
953,61,666,82690,82751
225,242,667,82750,82992
584,98,667,82992,83090
195,101,669,83088,83189
1000,80,671,83187,83267
118,57,672,83266,83323
371,292,673,129394,129686
581,208,674,83462,83670
676,147,677,83667,83814
653,277,679,83812,84089
434,237,680,84088,84325
845,85,680,84325,84410
224,187,682,84408,84595
471,1,682,84595,84596
356,47,683,84595,84642
797,283,683,129535,129818
843,126,683,84783,84909
803,171,684,84908,85079
969,157,684,85079,85236
752,134,686,85234,85368
241,211,687,85367,85578
428,150,689,85576,85726
287,300,690,129670,129970
446,262,690,85866,86128
364,277,691,86127,86404
368,86,693,86402,86488
690,151,693,86488,86639
484,180,698,86634,86814
658,289,698,129821,130110
239,164,699,86954,87118
299,77,699,87118,87195
974,138,702,87192,87330
397,268,705,87327,87595
139,297,706,129961,130258
650,96,707,87734,87830
534,130,708,87829,87959
355,169,709,87958,88127
597,269,709,88127,88396
683,177,711,88394,88571
411,14,712,88570,88584
472,287,712,130111,130398
692,188,712,88725,88913
506,170,713,88912,89082
283,265,714,89081,89346
619,113,714,89346,89459
855,103,714,89459,89562
646,185,715,89561,89746
458,143,716,89745,89888
596,98,716,89888,89986
931,225,716,89986,90211
560,164,718,90209,90373
770,51,718,90373,90424
323,47,721,90421,90468
402,60,721,90468,90528
503,258,721,90528,90786
508,72,722,90785,90857
944,149,722,90857,91006
821,70,724,91004,91074
863,212,724,91074,91286
374,59,726,91284,91343
378,134,727,91342,91476
499,214,728,91475,91689
320,296,730,130239,130535
878,134,730,91828,91962
963,166,730,91962,92128
490,297,733,130391,130688
440,187,734,92265,92452
882,113,738,92448,92561
977,183,738,92561,92744
482,64,739,92743,92807
739,111,739,92807,92918
389,69,740,92917,92986
158,146,742,92984,93130
235,166,742,93130,93296
737,145,742,93296,93441
847,300,744,130536,130836
257,137,745,93579,93716
917,56,746,93715,93771
457,299,748,130691,130990
493,204,749,93909,94113
140,242,750,94112,94354
583,255,751,94353,94608
702,207,752,94607,94814
911,294,752,130845,131139
805,221,755,94952,95173
296,207,756,95172,95379
377,9,756,95379,95388
517,63,757,95387,95450
743,169,757,95450,95619
905,202,757,95619,95821
309,80,759,95819,95899
655,168,760,95898,96066
467,231,763,96063,96294
543,18,763,96294,96312
338,71,764,96311,96382
350,202,764,96382,96584
103,69,767,96581,96650
352,5,767,96650,96655
766,196,767,96655,96851
383,149,770,96848,96997
180,280,771,96996,97276
466,260,772,97275,97535
229,8,773,97534,97542
665,3,773,97542,97545
286,104,774,97544,97648
848,76,775,97647,97723
387,215,777,97721,97936
250,197,780,97933,98130
406,246,780,98130,98376
372,76,781,98375,98451
246,27,782,98450,98477
302,105,782,98477,98582
978,134,785,98579,98713
591,7,788,98710,98717
906,159,788,98717,98876
980,229,788,98876,99105
640,254,791,99102,99356
678,262,791,99356,99618
260,235,792,99617,99852
425,152,795,99849,100001
575,145,795,100001,100146
955,104,795,100146,100250
216,193,797,100248,100441
343,130,797,100441,100571
393,162,797,100571,100733
680,236,798,100732,100968
669,27,801,100965,100992
689,8,801,100992,101000
108,16,802,100999,101015
432,192,804,101013,101205
736,206,804,101205,101411
868,26,807,101408,101434
570,298,808,130942,131240
479,300,809,131098,131398
208,196,810,101713,101909
550,46,810,101909,101955
660,142,810,101955,102097
441,259,812,102095,102354
748,114,812,102354,102468
945,249,813,102467,102716
970,86,813,102716,102802
128,6,815,102800,102806
363,283,816,131250,131533
695,59,824,102938,102997
106,80,826,102995,103075
946,273,827,103074,103347
544,195,829,103345,103540
691,23,830,103539,103562
710,194,831,103561,103755
465,190,832,103754,103944
738,195,832,103944,104139
578,38,834,104137,104175
643,15,837,104172,104187
164,97,839,104185,104282
740,134,839,104282,104416
810,215,839,104416,104631
773,100,840,104630,104730
337,175,842,104728,104903
280,196,844,104901,105097
130,252,845,105096,105348
263,233,845,105348,105581
433,255,847,105579,105834
625,53,849,105832,105885
679,39,849,105885,105924
754,147,849,105924,106071
842,42,849,106071,106113
858,108,849,106113,106221
566,99,851,106219,106318
716,283,851,131357,131640
179,30,852,106458,106488
341,216,852,106488,106704
778,53,853,106703,106756
780,79,855,106754,106833
721,171,856,106832,107003
759,119,857,107002,107121
924,77,857,107121,107198
938,203,857,107198,107401
626,81,860,107398,107479
117,93,861,107478,107571
231,57,862,107570,107627
481,201,863,107626,107827
776,133,863,107827,107960
182,92,865,107958,108050
569,261,865,108050,108311
137,70,866,108310,108380
526,65,866,108380,108445
988,43,866,108445,108488
614,293,868,131482,131775
191,169,870,108625,108794
981,193,870,108794,108987
415,157,871,108986,109143
874,130,871,109143,109273
324,44,874,109270,109314
615,38,877,109311,109349
707,47,879,109347,109394
715,192,879,109394,109586
247,88,881,109584,109672
505,244,881,109672,109916
120,133,882,109915,110048
307,68,884,110046,110114
727,275,884,110114,110389
201,285,886,131616,131901
452,33,887,110527,110560
202,222,888,110559,110781
290,57,888,110781,110838
709,25,891,110835,110860
785,249,891,110860,111109
114,202,892,111108,111310
430,215,894,111308,111523
631,210,894,111523,111733
819,150,895,111732,111882
561,175,897,111880,112055
564,226,897,112055,112281
961,189,898,112280,112469
600,237,900,112467,112704
784,287,900,131746,132033
170,228,902,112843,113071
971,129,902,113071,113200
248,121,903,113199,113320
768,267,903,113320,113587
808,26,905,113585,113611
998,84,906,113610,113694
291,151,907,113693,113844
913,146,911,113840,113986
765,188,912,113985,114173
725,216,916,114169,114385
143,172,917,114384,114556
326,88,917,114556,114644
711,202,920,114641,114843
220,299,921,131871,132170
884,90,923,114981,115071
125,113,924,115070,115183
160,156,924,115183,115339
668,226,927,115336,115562
948,59,927,115562,115621
166,61,930,115618,115679
684,46,934,115675,115721
147,124,936,115719,115843
427,290,938,132012,132302
232,55,940,115980,116035
464,235,941,116034,116269
266,6,943,116267,116273
599,22,943,116273,116295
698,48,944,116294,116342
582,140,945,116341,116481
410,129,946,116480,116609
210,8,948,116607,116615
470,81,948,116615,116696
289,132,949,116695,116827
294,104,950,116826,116930
657,17,950,116930,116947
654,222,951,116946,117168
895,42,951,117168,117210
700,234,952,117209,117443
820,214,952,117443,117657
951,178,952,117657,117835
303,4,954,117833,117837
357,55,954,117837,117892
686,294,954,132145,132439
983,223,956,118031,118254
282,185,957,118253,118438
799,174,957,118438,118612
825,162,957,118612,118774
261,178,959,118772,118950
444,4,960,118949,118953
531,266,960,118953,119219
573,186,960,119219,119405
673,88,962,119403,119491
161,135,964,119489,119624
559,98,965,119623,119721
666,9,965,119721,119730
240,155,966,119729,119884
102,77,967,119883,119960
750,233,968,119959,120192
187,177,969,120191,120368
412,243,969,120368,120611
624,224,969,120611,120835
228,170,971,120833,121003
156,291,972,132280,132571
834,104,973,121142,121246
697,163,974,121245,121408
609,80,975,121407,121487
462,190,983,121479,121669
159,89,985,121667,121756
515,220,985,121756,121976
469,41,986,121975,122016
829,187,987,122015,122202
903,73,987,122202,122275
443,274,988,122274,122548
549,294,989,132413,132707
345,173,990,122687,122860
800,125,991,122859,122984
124,41,993,122982,123023
436,37,993,123023,123060
127,15,994,123059,123074
328,98,994,123074,123172
405,105,994,123172,123277
617,175,994,123277,123452
745,82,996,123450,123532
516,15,998,123530,123545
123,137,999,123544,123681
699,92,999,123681,123773
966,19,999,123773,123792
1334,186,8000,125696,125882
5374,182,8000,125882,126064
6485,161,8000,126064,126225
8254,42,8000,126225,126267
1428,198,8001,126266,126464
4178,51,8001,126464,126515
6359,287,8001,126515,126802
7034,197,8001,126802,126999
4482,235,8002,126998,127233
5675,1,8002,127233,127234
8643,2,8002,127234,127236
8887,133,8002,127236,127369
9247,276,8002,127369,127645
4605,134,8003,127644,127778
9982,48,8003,127778,127826
1598,43,8004,127825,127868
2990,14,8004,127868,127882
3073,186,8004,127882,128068
3834,109,8004,128068,128177
6527,143,8004,128177,128320
6656,142,8004,128320,128462
7531,95,8004,128462,128557
8866,222,8004,128557,128779
1052,141,8005,128778,128919
1163,200,8005,128919,129119
1839,207,8005,129119,129326
3882,48,8005,129326,129374
5567,58,8005,129374,129432
5851,54,8005,129432,129486
6750,288,8005,129486,129774
9570,240,8005,129774,130014
3470,157,8006,130013,130170
9480,238,8006,130170,130408
4228,123,8007,130407,130530
5410,254,8007,130530,130784
6959,148,8007,130784,130932
8305,172,8007,130932,131104
3748,151,8008,131103,131254
4917,20,8008,131254,131274
6639,195,8008,131274,131469
9191,157,8008,131469,131626
2688,160,8009,131625,131785
5539,157,8009,131785,131942
5821,15,8009,131942,131957
2826,193,8010,131956,132149
3049,218,8010,132149,132367
5603,286,8010,132367,132653
7648,12,8010,132653,132665
9836,27,8010,132665,132692
1709,174,8011,132691,132865
2348,43,8011,132865,132908
4602,237,8011,132908,133145
5571,19,8011,133145,133164
6143,203,8011,133164,133367
7359,94,8011,133367,133461
9202,141,8011,133461,133602
2878,215,8012,133601,133816
6151,213,8012,133816,134029
8269,207,8012,134029,134236
9064,88,8012,134236,134324
9349,84,8012,134324,134408
2152,155,8013,134407,134562
4174,164,8013,134562,134726
4319,179,8013,134726,134905
5903,111,8013,134905,135016
6228,248,8013,135016,135264
3779,204,8014,135263,135467
6884,259,8014,135467,135726
7454,4,8014,135726,135730
9105,30,8014,135730,135760
2636,221,8015,135759,135980
5141,236,8015,135980,136216
9434,250,8015,136216,136466
9895,170,8015,136466,136636
2003,152,8016,136635,136787
3707,163,8016,136787,136950
5115,57,8016,136950,137007
5487,173,8016,137007,137180
9735,81,8016,137180,137261
3447,165,8017,137260,137425
5182,174,8017,137425,137599
9849,201,8017,137599,137800
5324,48,8018,137799,137847
8229,208,8018,137847,138055
1122,259,8019,138054,138313
1648,36,8019,138313,138349
3260,213,8019,138349,138562
3408,71,8020,138561,138632
5688,18,8020,138632,138650
9826,36,8020,138650,138686
2273,65,8021,138685,138750
2340,245,8021,138750,138995
2397,109,8021,138995,139104
5780,32,8021,139104,139136
6147,173,8021,139136,139309
8071,83,8021,139309,139392
2987,91,8022,139391,139482
4477,257,8022,139482,139739
6452,2,8022,139739,139741
7910,200,8022,139741,139941
8714,108,8022,139941,140049
1413,6,8023,140048,140054
6597,128,8023,140054,140182
6977,16,8023,140182,140198
9454,248,8023,140198,140446
9868,82,8023,140446,140528
1210,141,8024,140527,140668
8746,112,8024,140668,140780
5844,158,8025,140779,140937
6336,261,8025,140937,141198
6862,27,8025,141198,141225
4448,181,8026,141224,141405
4538,257,8026,141405,141662
5527,251,8026,141662,141913
6301,13,8026,141913,141926
7486,293,8026,141926,142219
3203,218,8027,142218,142436
4209,46,8027,142436,142482
5562,59,8027,142482,142541
6635,120,8027,142541,142661
8119,2,8027,142661,142663
9814,254,8027,142663,142917
1487,67,8028,142916,142983
1670,297,8028,142983,143280
5053,299,8028,143280,143579
6174,84,8028,143579,143663
7855,169,8028,143663,143832
1294,238,8029,143831,144069
3965,292,8029,144069,144361
4901,181,8029,144361,144542
9788,176,8029,144542,144718
2719,80,8030,144717,144797
7747,12,8030,144797,144809
2511,143,8031,144808,144951
5093,8,8031,144951,144959
5478,250,8031,144959,145209
5645,58,8031,145209,145267
5813,112,8031,145267,145379
5868,128,8031,145379,145507
5938,198,8031,145507,145705
6999,176,8031,145705,145881
8112,165,8031,145881,146046
8395,170,8031,146046,146216
8732,269,8031,146216,146485
9725,136,8031,146485,146621
1307,172,8032,146620,146792
1798,283,8032,146792,147075
6374,296,8032,147075,147371
7272,186,8032,147371,147557
9172,174,8032,147557,147731
9897,238,8032,147731,147969
3584,76,8033,147968,148044
3727,233,8033,148044,148277
6869,8,8033,148277,148285
8084,191,8033,148285,148476
9659,28,8033,148476,148504
9212,59,8034,148503,148562
2383,15,8035,148561,148576
2570,3,8035,148576,148579
3070,186,8035,148579,148765
8277,208,8035,148765,148973
1115,117,8036,148972,149089
1666,293,8036,149089,149382
4446,243,8036,149382,149625
5078,193,8036,149625,149818
5186,288,8036,149818,150106
6491,276,8036,150106,150382
3861,259,8037,150381,150640
1006,290,8038,150639,150929
2436,108,8038,150929,151037
4182,219,8038,151037,151256
4493,58,8038,151256,151314
1002,290,8039,151313,151603
1755,195,8039,151603,151798
2334,59,8039,151798,151857
3714,151,8039,151857,152008
6926,257,8039,152008,152265
1802,272,8040,152264,152536
2257,102,8040,152536,152638
4530,42,8040,152638,152680
6270,22,8040,152680,152702
6933,288,8040,152702,152990
8417,144,8040,152990,153134
2422,242,8041,153133,153375
7082,169,8041,153375,153544
8078,219,8041,153544,153763
8532,299,8041,153763,154062
2421,250,8042,154061,154311
2813,215,8042,154311,154526
5052,89,8042,154526,154615
5401,77,8042,154615,154692
7004,235,8042,154692,154927
8364,142,8042,154927,155069
9321,285,8042,155069,155354
2277,46,8043,155353,155399
2534,284,8043,155399,155683
3547,57,8043,155683,155740
4168,41,8043,155740,155781
4340,241,8043,155781,156022
7029,150,8043,156022,156172
1230,19,8044,156171,156190
2755,205,8044,156190,156395
7972,144,8044,156395,156539
9029,102,8044,156539,156641
9469,149,8044,156641,156790
9517,9,8044,156790,156799
1020,178,8045,156798,156976
6614,37,8045,156976,157013
9319,241,8045,157013,157254
1767,34,8046,157253,157287
2026,236,8046,157287,157523
4741,52,8046,157523,157575
5108,86,8046,157575,157661
7746,191,8046,157661,157852
8648,53,8046,157852,157905
5954,255,8047,157904,158159
6644,21,8047,158159,158180
2228,285,8048,158179,158464
3346,280,8048,158464,158744
6193,265,8048,158744,159009
6713,3,8048,159009,159012
6904,251,8048,159012,159263
8276,107,8048,159263,159370
9660,100,8048,159370,159470
1882,35,8049,159469,159504
7760,177,8049,159504,159681
1189,170,8050,159680,159850
4414,4,8050,159850,159854
5509,291,8050,159854,160145
6805,125,8051,160144,160269
7157,218,8051,160269,160487
1378,184,8052,160486,160670
1585,116,8052,160670,160786
4105,290,8052,160786,161076
6587,198,8052,161076,161274
8102,79,8052,161274,161353
4349,265,8053,161352,161617
4655,237,8053,161617,161854
9356,111,8053,161854,161965
9419,83,8053,161965,162048
3523,248,8054,162047,162295
5158,156,8054,162295,162451
6848,197,8054,162451,162648
7984,35,8054,162648,162683
8524,51,8054,162683,162734
1926,81,8055,162733,162814
5420,215,8055,162814,163029
5653,147,8055,163029,163176
6822,69,8055,163176,163245
2892,262,8056,163244,163506
5967,168,8056,163506,163674
1040,174,8057,163673,163847
2596,80,8057,163847,163927
2675,101,8057,163927,164028
3039,116,8057,164028,164144
3881,46,8057,164144,164190
8596,299,8057,164190,164489
2168,116,8058,164488,164604
2968,187,8058,164604,164791
6240,210,8058,164791,165001
9669,246,8058,165001,165247
1785,155,8059,165246,165401
6931,97,8059,165401,165498
9829,75,8059,165498,165573
1942,179,8060,165572,165751
2593,105,8060,165751,165856
3478,177,8060,165856,166033
6294,261,8060,166033,166294
9230,221,8060,166294,166515
1779,293,8061,166514,166807
2653,103,8061,166807,166910
4004,13,8061,166910,166923
6992,64,8061,166923,166987
4104,202,8063,166985,167187
7093,42,8063,167187,167229
7913,115,8063,167229,167344
1014,212,8064,167343,167555
7149,104,8064,167555,167659
8340,274,8064,167659,167933
2063,98,8065,167932,168030
4858,138,8065,168030,168168
6260,208,8065,168168,168376
2744,8,8066,168375,168383
4363,172,8066,168383,168555
6484,25,8066,168555,168580
3312,206,8067,168579,168785
9597,193,8067,168785,168978
9678,273,8067,168978,169251
2286,92,8068,169250,169342
2777,147,8068,169342,169489
3841,5,8068,169489,169494
8426,50,8068,169494,169544
8575,165,8068,169544,169709
8817,146,8068,169709,169855
1750,296,8069,169854,170150
5654,158,8069,170150,170308
5926,286,8069,170308,170594
9278,286,8069,170594,170880
9809,111,8069,170880,170991
1053,88,8070,170990,171078
1290,49,8070,171078,171127
3632,69,8070,171127,171196
3868,135,8070,171196,171331
9256,201,8070,171331,171532
2738,267,8071,171531,171798
9129,37,8071,171798,171835
8578,228,8072,171834,172062
8762,39,8072,172062,172101
9381,223,8072,172101,172324
3609,46,8073,172323,172369
4338,96,8073,172369,172465
5471,190,8073,172465,172655
7840,1,8073,172655,172656
8767,96,8073,172656,172752
9042,143,8073,172752,172895
9153,177,8073,172895,173072
1121,6,8074,173071,173077
3938,64,8074,173077,173141
4037,217,8074,173141,173358
4364,30,8074,173358,173388
4554,232,8074,173388,173620
4786,78,8074,173620,173698
5037,41,8074,173698,173739
7487,204,8074,173739,173943
9877,2,8074,173943,173945
3257,54,8075,173944,173998
3956,58,8075,173998,174056
8884,5,8075,174056,174061
1241,18,8076,174060,174078
4367,87,8076,174078,174165
8024,156,8076,174165,174321
8106,257,8076,174321,174578
8148,137,8076,174578,174715
1643,199,8077,174714,174913
4147,226,8077,174913,175139
7614,69,8077,175139,175208
9635,30,8077,175208,175238
2917,285,8078,175237,175522
3245,159,8078,175522,175681
4841,105,8078,175681,175786
4410,154,8079,175785,175939
5614,189,8079,175939,176128
2008,32,8080,176127,176159
2086,156,8080,176159,176315
2863,211,8080,176315,176526
3917,28,8080,176526,176554
4603,115,8080,176554,176669
5802,283,8080,176669,176952
9656,148,8080,176952,177100
2000,159,8081,177099,177258
3226,75,8081,177258,177333
4747,27,8081,177333,177360
7467,55,8081,177360,177415
8509,159,8081,177415,177574
9746,18,8081,177574,177592
3118,244,8082,177591,177835
3804,264,8082,177835,178099
4274,236,8082,178099,178335
5706,54,8082,178335,178389
6187,148,8082,178389,178537
6199,241,8082,178537,178778
8076,6,8082,178778,178784
1744,164,8083,178783,178947
1994,18,8083,178947,178965
3483,292,8083,178965,179257
5569,251,8083,179257,179508
6076,265,8083,179508,179773
1991,145,8084,179772,179917
2021,284,8084,179917,180201
4220,72,8084,180201,180273
4576,15,8084,180273,180288
5211,300,8084,180288,180588
9429,6,8084,180588,180594
3318,235,8085,180593,180828
5863,242,8085,180828,181070
8133,106,8085,181070,181176
9079,5,8085,181176,181181
9641,81,8085,181181,181262
2404,265,8086,181261,181526
2786,9,8086,181526,181535
3420,273,8086,181535,181808
3701,95,8086,181808,181903
4682,17,8086,181903,181920
5286,63,8086,181920,181983
5966,241,8086,181983,182224
9563,29,8086,182224,182253
9617,147,8086,182253,182400
2930,228,8087,182399,182627
8824,12,8087,182627,182639
8961,73,8087,182639,182712
8996,142,8087,182712,182854
9928,83,8087,182854,182937
1302,88,8088,182936,183024
2772,68,8088,183024,183092
6868,94,8088,183092,183186
3464,62,8089,183185,183247
4988,274,8089,183247,183521
8117,243,8089,183521,183764
2758,295,8090,183763,184058
2319,47,8091,184057,184104
3595,132,8091,184104,184236
6801,253,8091,184236,184489
7490,106,8091,184489,184595
1589,31,8092,184594,184625
7595,201,8092,184625,184826
2235,76,8093,184825,184901
2862,38,8093,184901,184939
3225,105,8093,184939,185044
4213,93,8093,185044,185137
5299,100,8093,185137,185237
6438,241,8093,185237,185478
8537,42,8093,185478,185520
8586,45,8093,185520,185565
8986,58,8093,185565,185623
4167,91,8094,185622,185713
5034,77,8094,185713,185790
5161,66,8094,185790,185856
7694,171,8094,185856,186027
9066,250,8094,186027,186277
2545,13,8095,186276,186289
7696,235,8095,186289,186524
7836,153,8095,186524,186677
2514,192,8096,186676,186868
3876,32,8096,186868,186900
5991,85,8096,186900,186985
7299,30,8096,186985,187015
5510,23,8097,187014,187037
4008,134,8098,187036,187170
4689,266,8098,187170,187436
5009,85,8098,187436,187521
6783,81,8098,187521,187602
9022,227,8098,187602,187829
2548,235,8099,187828,188063
5155,300,8099,188063,188363
6709,248,8099,188363,188611
1339,56,8100,188610,188666
4478,174,8100,188666,188840
9560,152,8100,188840,188992
2068,240,8101,188991,189231
3327,24,8101,189231,189255
3424,138,8101,189255,189393
3460,123,8101,189393,189516
7664,268,8101,189516,189784
9392,268,8101,189784,190052
1394,43,8102,190051,190094
5081,125,8102,190094,190219
7027,4,8102,190219,190223
8980,70,8102,190223,190293
2709,81,8103,190292,190373
3179,292,8103,190373,190665
4797,215,8103,190665,190880
5750,42,8103,190880,190922
6549,241,8103,190922,191163
7935,165,8103,191163,191328
9407,175,8103,191328,191503
1118,141,8104,191502,191643
3575,248,8104,191643,191891
4756,230,8104,191891,192121
5453,39,8104,192121,192160
7744,136,8104,192160,192296
4828,120,8105,192295,192415
6286,278,8105,192415,192693
6548,66,8105,192693,192759
7068,11,8105,192759,192770
7590,281,8105,192770,193051
3790,270,8106,193050,193320
7902,57,8106,193320,193377
9399,175,8106,193377,193552
2730,139,8107,193551,193690
3536,97,8107,193690,193787
4667,187,8107,193787,193974
9313,113,8107,193974,194087
2905,185,8108,194086,194271
6819,181,8108,194271,194452
8035,127,8108,194452,194579
1893,143,8109,194578,194721
3321,72,8109,194721,194793
5740,139,8109,194793,194932
6381,82,8109,194932,195014
8362,208,8109,195014,195222
2120,48,8110,195221,195269
2816,45,8110,195269,195314
5317,121,8110,195314,195435
6406,216,8110,195435,195651
7652,79,8110,195651,195730
9443,199,8110,195730,195929
9819,18,8110,195929,195947
1692,250,8111,195946,196196
7147,229,8111,196196,196425
8390,129,8111,196425,196554
9565,3,8111,196554,196557
1706,187,8112,196556,196743
2601,144,8112,196743,196887
3903,186,8112,196887,197073
6772,231,8112,197073,197304
6024,218,8114,197302,197520
8864,81,8114,197520,197601
1035,101,8115,197600,197701
2520,84,8115,197701,197785
4394,91,8115,197785,197876
6495,88,8115,197876,197964
7391,93,8115,197964,198057
2607,172,8116,198056,198228
4017,7,8116,198228,198235
4202,190,8116,198235,198425
4830,111,8116,198425,198536
9791,245,8116,198536,198781
3537,131,8117,198780,198911
6529,212,8117,198911,199123
9974,70,8117,199123,199193
2369,10,8118,199192,199202
2928,225,8118,199202,199427
4812,4,8118,199427,199431
5793,82,8118,199431,199513
6627,243,8118,199513,199756
9120,60,8118,199756,199816
4842,51,8119,199815,199866
5722,202,8119,199866,200068
8625,295,8119,200068,200363
9214,95,8119,200363,200458
3877,255,8120,200457,200712
7831,240,8120,200712,200952
8925,18,8120,200952,200970
1139,290,8122,200968,201258
2260,259,8122,201258,201517
2352,275,8122,201517,201792
6205,196,8122,201792,201988
7710,289,8122,201988,202277
1708,121,8123,202276,202397
5496,290,8123,202397,202687
9931,231,8123,202687,202918
1092,17,8124,202917,202934
4624,183,8124,202934,203117
5890,251,8124,203117,203368
6967,52,8124,203368,203420
8696,32,8124,203420,203452
8711,160,8124,203452,203612
8776,227,8124,203612,203839
1512,264,8125,203838,204102
2103,39,8125,204102,204141
2358,132,8125,204141,204273
3069,290,8125,204273,204563
4765,114,8125,204563,204677
5375,194,8125,204677,204871
7059,29,8125,204871,204900
7410,234,8125,204900,205134
8309,257,8126,205133,205390
9750,157,8126,205390,205547
1686,35,8127,205546,205581
3835,111,8127,205581,205692
3939,117,8127,205692,205809
5228,255,8127,205809,206064
5423,76,8127,206064,206140
8724,71,8127,206140,206211
8808,155,8127,206211,206366
2517,157,8128,206365,206522
2677,221,8128,206522,206743
2926,93,8128,206743,206836
4322,8,8128,206836,206844
5073,294,8128,206844,207138
4207,254,8129,207137,207391
2018,113,8130,207390,207503
2624,68,8130,207503,207571
3952,169,8130,207571,207740
1083,241,8131,207739,207980
7464,101,8131,207980,208081
9883,190,8131,208081,208271
1213,15,8132,208270,208285
9576,169,8132,208285,208454
9820,126,8132,208454,208580
1426,238,8133,208579,208817
2083,206,8133,208817,209023
4059,283,8133,209023,209306
5988,97,8133,209306,209403
6109,67,8133,209403,209470
8982,76,8133,209470,209546
9575,2,8133,209546,209548
1489,220,8134,209547,209767
4659,116,8134,209767,209883
5646,166,8134,209883,210049
6361,237,8134,210049,210286
8469,52,8134,210286,210338
2978,117,8135,210337,210454
4188,25,8135,210454,210479
4277,283,8135,210479,210762
4942,65,8135,210762,210827
5996,59,8135,210827,210886
6468,200,8135,210886,211086
7262,128,8135,211086,211214
7418,83,8135,211214,211297
9892,151,8135,211297,211448
1061,244,8136,211447,211691
5197,86,8136,211691,211777
9074,163,8136,211777,211940
5576,202,8137,211939,212141
6547,298,8137,212141,212439
5993,277,8138,212438,212715
9863,290,8138,212715,213005
2887,153,8139,213004,213157
4261,163,8139,213157,213320
8855,227,8139,213320,213547
9288,130,8139,213547,213677
9719,83,8139,213677,213760
3957,21,8140,213759,213780
6341,183,8140,213780,213963
8487,111,8140,213963,214074
9187,223,8140,214074,214297
6010,178,8141,214296,214474
8422,167,8141,214474,214641
9844,21,8141,214641,214662
9909,177,8141,214662,214839
2810,98,8142,214838,214936
2858,198,8142,214936,215134
6778,77,8142,215134,215211
1130,159,8143,215210,215369
1783,300,8143,215369,215669
3314,146,8143,215669,215815
6317,208,8143,215815,216023
6793,159,8143,216023,216182
6919,254,8143,216182,216436
7414,142,8143,216436,216578
1420,69,8144,216577,216646
1675,279,8144,216646,216925
9769,225,8144,216925,217150
1816,7,8145,217149,217156
3083,105,8145,217156,217261
4348,209,8145,217261,217470
6561,173,8146,217469,217642
7412,31,8146,217642,217673
1679,125,8147,217672,217797
2972,31,8147,217797,217828
3627,226,8147,217828,218054
4719,209,8147,218054,218263
5439,267,8147,218263,218530
6840,143,8147,218530,218673
7900,298,8147,218673,218971
8472,10,8147,218971,218981
6064,225,8148,218980,219205
6504,182,8148,219205,219387
9830,179,8148,219387,219566
4597,78,8149,219565,219643
9600,19,8149,219643,219662
2585,120,8150,219661,219781
2666,219,8150,219781,220000
2727,127,8150,220000,220127
4479,291,8150,220127,220418
7154,180,8150,220418,220598
8097,11,8150,220598,220609
9061,222,8150,220609,220831
1252,265,8151,220830,221095
3762,17,8151,221095,221112
4313,181,8151,221112,221293
4910,221,8151,221293,221514
4945,78,8151,221514,221592
6921,270,8151,221592,221862
9759,162,8151,221862,222024
2370,259,8152,222023,222282
5465,44,8152,222282,222326
6991,221,8152,222326,222547
5803,221,8153,222546,222767
6150,250,8153,222767,223017
8319,89,8153,223017,223106
8512,253,8153,223106,223359
5269,84,8154,223358,223442
9194,281,8154,223442,223723
1473,169,8155,223722,223891
2320,113,8155,223891,224004
2337,53,8155,224004,224057
3990,257,8155,224057,224314
5157,51,8155,224314,224365
6073,256,8155,224365,224621
6117,130,8155,224621,224751
7146,56,8155,224751,224807
1158,287,8156,224806,225093
1264,197,8156,225093,225290
5703,233,8156,225290,225523
8075,102,8156,225523,225625
2923,234,8157,225624,225858
5236,57,8157,225858,225915
6462,15,8157,225915,225930
7360,54,8157,225930,225984
7383,296,8157,225984,226280
7417,193,8157,226280,226473
8555,290,8157,226473,226763
1742,160,8158,226762,226922
2802,87,8158,226922,227009
5519,235,8158,227009,227244
7686,204,8158,227244,227448
1078,25,8159,227447,227472
5953,24,8159,227472,227496
8093,215,8159,227496,227711
3614,18,8160,227710,227728
4729,272,8160,227728,228000
5362,61,8160,228000,228061
6422,250,8160,228061,228311
2880,124,8161,228310,228434
3660,72,8161,228434,228506
5940,46,8161,228506,228552
9038,231,8161,228552,228783
2014,35,8162,228782,228817
3227,242,8162,228817,229059
5138,281,8162,229059,229340
6434,238,8162,229340,229578
7429,71,8162,229578,229649
8055,229,8162,229649,229878
8759,77,8162,229878,229955
9720,251,8162,229955,230206
1622,166,8163,230205,230371
9058,295,8163,230371,230666
9474,30,8163,230666,230696
1432,117,8164,230695,230812
6259,37,8164,230812,230849
2424,142,8165,230848,230990
3973,74,8165,230990,231064
8497,257,8165,231064,231321
8727,76,8166,231320,231396
8905,28,8166,231396,231424
9505,19,8166,231424,231443
9577,170,8166,231443,231613
1703,138,8167,231612,231750
7756,117,8167,231750,231867
8304,161,8167,231867,232028
8314,95,8167,232028,232123
8621,147,8167,232123,232270
8960,286,8167,232270,232556
3428,93,8168,232555,232648
3846,224,8168,232648,232872
5854,231,8168,232872,233103
9502,179,8168,233103,233282
2619,25,8169,233281,233306
2787,166,8169,233306,233472
3230,142,8169,233472,233614
7372,20,8169,233614,233634
8180,283,8169,233634,233917
1649,257,8170,233916,234173
4646,203,8170,234173,234376
5457,300,8170,234376,234676
6645,72,8170,234676,234748
7293,19,8170,234748,234767
8267,267,8171,234766,235033
8750,56,8171,235033,235089
3122,10,8172,235088,235098
4073,101,8172,235098,235199
4165,178,8172,235199,235377
5333,213,8172,235377,235590
7280,285,8172,235590,235875
2035,74,8173,235874,235948
2833,90,8173,235948,236038
6744,254,8173,236038,236292
1168,213,8174,236291,236504
1577,280,8174,236504,236784
4336,170,8174,236784,236954
8821,287,8174,236954,237241
4879,149,8175,237240,237389
5296,254,8175,237389,237643
7988,215,8175,237643,237858
9096,34,8175,237858,237892
8170,295,8176,237891,238186
9701,130,8177,238185,238315
9726,88,8177,238315,238403
4219,280,8178,238402,238682
5795,83,8178,238682,238765
9535,3,8178,238765,238768
5689,61,8179,238767,238828
1124,127,8180,238827,238954
1889,154,8180,238954,239108
2359,230,8180,239108,239338
2703,1,8180,239338,239339
4833,39,8180,239339,239378
4999,217,8180,239378,239595
8205,268,8180,239595,239863
8631,222,8180,239863,240085
2999,32,8181,240084,240116
4475,136,8181,240116,240252
5732,177,8181,240252,240429
6562,222,8181,240429,240651
6616,234,8181,240651,240885
7919,80,8181,240885,240965
8393,97,8181,240965,241062
8863,62,8181,241062,241124
5251,183,8182,241123,241306
7300,233,8182,241306,241539
8990,292,8182,241539,241831
9138,158,8182,241831,241989
3709,257,8183,241988,242245
4021,62,8183,242245,242307
5173,232,8183,242307,242539
5408,259,8183,242539,242798
7475,127,8183,242798,242925
7914,71,8183,242925,242996
9677,196,8183,242996,243192
1630,176,8184,243191,243367
2733,92,8184,243367,243459
3788,202,8184,243459,243661
4835,75,8184,243661,243736
8779,130,8184,243736,243866
4091,115,8185,243865,243980
6603,62,8185,243980,244042
7776,12,8185,244042,244054
8294,107,8185,244054,244161
4339,125,8186,244160,244285
6161,279,8186,244285,244564
6492,19,8186,244564,244583
8019,12,8186,244583,244595
8922,40,8186,244595,244635
5643,210,8187,244634,244844
6222,177,8187,244844,245021
7582,190,8187,245021,245211
9802,148,8187,245211,245359
3027,178,8188,245358,245536
3412,131,8188,245536,245667
5905,42,8188,245667,245709
7351,182,8188,245709,245891
8323,123,8188,245891,246014
2131,117,8189,246013,246130
2298,61,8189,246130,246191
7012,90,8189,246191,246281
8938,4,8189,246281,246285
9622,271,8189,246285,246556
1896,86,8190,246555,246641
3498,154,8190,246641,246795
6141,83,8190,246795,246878
6837,92,8190,246878,246970
8331,297,8190,246970,247267
8418,129,8190,247267,247396
4160,137,8191,247395,247532
4744,82,8191,247532,247614
5045,107,8191,247614,247721
5513,44,8191,247721,247765
7742,45,8191,247765,247810
7938,142,8191,247810,247952
6795,19,8192,247951,247970
6885,215,8192,247970,248185
7103,246,8192,248185,248431
9414,133,8192,248431,248564
6037,85,8193,248563,248648
7450,214,8193,248648,248862
9190,277,8193,248862,249139
4025,25,8194,249138,249163
4876,2,8194,249163,249165
6217,115,8194,249165,249280
6739,109,8194,249280,249389
4809,266,8195,249388,249654
5555,122,8195,249654,249776
7198,11,8195,249776,249787
8542,200,8195,249787,249987
9203,224,8195,249987,250211
1941,207,8196,250210,250417
2036,296,8196,250417,250713
6387,112,8196,250713,250825
7556,55,8196,250825,250880
7973,26,8196,250880,250906
8200,178,8196,250906,251084
9133,31,8196,251084,251115
9691,227,8196,251115,251342
1144,68,8197,251341,251409
2147,257,8197,251409,251666
4788,168,8197,251666,251834
1451,205,8198,251833,252038
3870,27,8198,252038,252065
8399,58,8198,252065,252123
2213,260,8199,252122,252382
4637,22,8199,252382,252404
4960,216,8199,252404,252620
7347,209,8199,252620,252829
3216,291,8200,252828,253119
3753,282,8200,253119,253401
3765,142,8200,253401,253543
4509,163,8200,253543,253706
5191,186,8200,253706,253892
7275,190,8200,253892,254082
8184,282,8200,254082,254364
9020,258,8200,254364,254622
2440,156,8201,254621,254777
3487,284,8201,254777,255061
3594,248,8201,255061,255309
7631,67,8201,255309,255376
4476,101,8202,255375,255476
6198,286,8202,255476,255762
6949,108,8202,255762,255870
7676,71,8202,255870,255941
2527,203,8203,255940,256143
3390,7,8203,256143,256150
6044,58,8203,256150,256208
6533,164,8203,256208,256372
7060,171,8203,256372,256543
7064,298,8203,256543,256841
7848,8,8203,256841,256849
9685,165,8203,256849,257014
1365,141,8204,257013,257154
1733,61,8204,257154,257215
2044,71,8204,257215,257286
2985,137,8204,257286,257423
3347,10,8204,257423,257433
5178,136,8204,257433,257569
7896,71,8204,257569,257640
8370,281,8204,257640,257921
8917,69,8204,257921,257990
7388,242,8205,257989,258231
8386,209,8205,258231,258440
8589,77,8205,258440,258517
2697,279,8206,258516,258795
3698,174,8206,258795,258969
8181,236,8206,258969,259205
8739,283,8206,259205,259488
2660,116,8207,259487,259603
5237,78,8207,259603,259681
6543,77,8207,259681,259758
8401,78,8207,259758,259836
1017,239,8208,259835,260074
4572,186,8208,260074,260260
6648,4,8208,260260,260264
9277,52,8208,260264,260316
3280,152,8209,260315,260467
4772,156,8209,260467,260623
4801,234,8209,260623,260857
5270,166,8209,260857,261023
8014,94,8209,261023,261117
8197,146,8209,261117,261263
8221,43,8209,261263,261306
1665,189,8210,261305,261494
3986,238,8210,261494,261732
5150,174,8210,261732,261906
7252,78,8210,261906,261984
7800,290,8210,261984,262274
9121,43,8210,262274,262317
3249,241,8211,262316,262557
5514,282,8211,262557,262839
6454,198,8211,262839,263037
8088,203,8211,263037,263240
8476,54,8211,263240,263294
9979,47,8211,263294,263341
1830,228,8212,263340,263568
2170,29,8212,263568,263597
2953,163,8212,263597,263760
3843,279,8212,263760,264039
5867,72,8212,264039,264111
8667,251,8212,264111,264362
1988,135,8213,264361,264496
2205,242,8213,264496,264738
2951,87,8213,264738,264825
5473,159,8213,264825,264984
5682,152,8213,264984,265136
6997,76,8213,265136,265212
7370,114,8213,265212,265326
8953,273,8213,265326,265599
9782,19,8213,265599,265618
3159,299,8214,265617,265916
3646,48,8214,265916,265964
4736,268,8214,265964,266232
8935,3,8215,266231,266234
9188,98,8215,266234,266332
1614,142,8216,266331,266473
2456,297,8216,266473,266770
6078,144,8216,266770,266914
7307,118,8216,266914,267032
7585,235,8216,267032,267267
7851,57,8216,267267,267324
8687,141,8216,267324,267465
1762,263,8217,267464,267727
2037,116,8217,267727,267843
4197,81,8217,267843,267924
6390,73,8217,267924,267997
7572,150,8217,267997,268147
9426,223,8217,268147,268370
2343,195,8218,268369,268564
9977,263,8218,268564,268827
2800,74,8219,268826,268900
3146,293,8219,268900,269193
4099,84,8219,269193,269277
6520,235,8219,269277,269512
6927,278,8219,269512,269790
4243,73,8220,269789,269862
6169,272,8220,269862,270134
6953,4,8220,270134,270138
8007,251,8220,270138,270389
9651,286,8220,270389,270675
1515,231,8221,270674,270905
2655,209,8221,270905,271114
4177,63,8221,271114,271177
6571,10,8221,271177,271187
9878,289,8221,271187,271476
1780,102,8222,271475,271577
2946,172,8222,271577,271749
7317,148,8222,271749,271897
1154,239,8223,271896,272135
1992,40,8223,272135,272175
2795,219,8223,272175,272394
3291,103,8223,272394,272497
3591,195,8223,272497,272692
6420,52,8223,272692,272744
6581,126,8223,272744,272870
9347,166,8223,272870,273036
9696,16,8223,273036,273052
7814,229,8224,273051,273280
4832,54,8225,273279,273333
8563,103,8225,273333,273436
2105,195,8226,273435,273630
3494,236,8226,273630,273866
3621,149,8226,273866,274015
4940,182,8226,274015,274197
5727,163,8226,274197,274360
8438,34,8226,274360,274394
9562,125,8226,274394,274519
9821,94,8226,274519,274613
9978,7,8226,274613,274620
4883,118,8227,274619,274737
6944,149,8227,274737,274886
7602,95,8227,274886,274981
2047,184,8228,274980,275164
4331,33,8228,275164,275197
4468,285,8228,275197,275482
4884,93,8228,275482,275575
6760,36,8228,275575,275611
5621,288,8229,275610,275898
7628,38,8229,275898,275936
9528,96,8229,275936,276032
1204,149,8230,276031,276180
1300,32,8230,276180,276212
2070,38,8230,276212,276250
4155,188,8230,276250,276438
5106,48,8230,276438,276486
7007,10,8230,276486,276496
7599,282,8230,276496,276778
1190,177,8231,276777,276954
5310,218,8232,276953,277171
6780,88,8232,277171,277259
3440,153,8233,277258,277411
5425,2,8233,277411,277413
5865,288,8233,277413,277701
6047,99,8233,277701,277800
6691,173,8234,277799,277972
3222,79,8235,277971,278050
4359,239,8235,278050,278289
6770,278,8235,278289,278567
7934,58,8235,278567,278625
2739,138,8236,278624,278762
5535,118,8236,278762,278880
3485,58,8237,278879,278937
3767,76,8237,278937,279013
4431,218,8237,279013,279231
4725,220,8237,279231,279451
7438,59,8237,279451,279510
9176,276,8237,279510,279786
1897,207,8238,279785,279992
4865,4,8238,279992,279996
5103,17,8238,279996,280013
1367,193,8239,280012,280205
1700,85,8239,280205,280290
1902,149,8239,280290,280439
2553,84,8239,280439,280523
4762,256,8239,280523,280779
6952,234,8239,280779,281013
4116,225,8240,281012,281237
5607,235,8240,281237,281472
6690,17,8240,281472,281489
1612,23,8241,281488,281511
2615,42,8241,281511,281553
2679,235,8241,281553,281788
8841,120,8241,281788,281908
2476,84,8242,281907,281991
8061,73,8242,281991,282064
1766,122,8243,282063,282185
2513,126,8243,282185,282311
3197,238,8243,282311,282549
3319,231,8243,282549,282780
4754,5,8243,282780,282785
6280,217,8243,282785,283002
7331,25,8243,283002,283027
7727,292,8243,283027,283319
9280,144,8243,283319,283463
1062,4,8244,283462,283466
3148,84,8244,283466,283550
5927,6,8244,283550,283556
6861,227,8244,283556,283783
8158,232,8244,283783,284015
8349,26,8244,284015,284041
2540,58,8245,284040,284098
2760,185,8245,284098,284283
4813,196,8245,284283,284479
6776,215,8245,284479,284694
3577,146,8246,284693,284839
4123,198,8246,284839,285037
5447,145,8246,285037,285182
8478,126,8246,285182,285308
8670,100,8247,285307,285407
9631,71,8247,285407,285478
9742,189,8247,285478,285667
2445,46,8248,285666,285712
3305,57,8248,285712,285769
3397,266,8248,285769,286035
4854,187,8248,286035,286222
5636,17,8248,286222,286239
5741,71,8248,286239,286310
5635,9,8249,286309,286318
5914,98,8249,286318,286416
8021,200,8249,286416,286616
2595,264,8250,286615,286879
6446,290,8250,286879,287169
7001,250,8250,287169,287419
7476,219,8250,287419,287638
7719,115,8250,287638,287753
8045,98,8250,287753,287851
9612,153,8250,287851,288004
9664,212,8250,288004,288216
1735,78,8251,288215,288293
2212,299,8251,288293,288592
2547,144,8251,288592,288736
3437,142,8251,288736,288878
4409,143,8251,288878,289021
4484,289,8251,289021,289310
9984,177,8251,289310,289487
4570,135,8252,289486,289621
1496,214,8253,289620,289834
2575,235,8253,289834,290069
4916,156,8253,290069,290225
6285,295,8253,290225,290520
6595,294,8253,290520,290814
7387,240,8253,290814,291054
8434,102,8253,291054,291156
1342,153,8254,291155,291308
1775,31,8254,291308,291339
3416,190,8254,291339,291529
3549,8,8254,291529,291537
4097,3,8254,291537,291540
4378,209,8254,291540,291749
6231,90,8254,291749,291839
8494,82,8254,291839,291921
9614,187,8254,291921,292108
1486,226,8255,292107,292333
7726,198,8255,292333,292531
8760,9,8255,292531,292540
9663,71,8255,292540,292611
8835,174,8256,292610,292784
1199,121,8257,292783,292904
3866,263,8257,292904,293167
6091,131,8257,293167,293298
6136,283,8257,293298,293581
7611,234,8257,293581,293815
9273,42,8257,293815,293857
9786,116,8257,293857,293973
1164,293,8258,293972,294265
2288,275,8258,294265,294540
6040,79,8258,294540,294619
7264,293,8258,294619,294912
8654,268,8258,294912,295180
1696,216,8259,295179,295395
3715,118,8259,295395,295513
5071,243,8259,295513,295756
9433,98,8259,295756,295854
2066,62,8260,295853,295915
3325,128,8260,295915,296043
4722,271,8260,296043,296314
8271,250,8260,296314,296564
1402,176,8261,296563,296739
7868,45,8261,296739,296784
9103,7,8261,296784,296791
9731,286,8261,296791,297077
1281,204,8262,297076,297280
2656,237,8262,297280,297517
4244,221,8262,297517,297738
4578,30,8262,297738,297768
5832,61,8262,297768,297829
6937,11,8262,297829,297840
9242,293,8262,297840,298133
4206,176,8263,298132,298308
4565,241,8263,298308,298549
9890,83,8263,298549,298632
5766,290,8264,298631,298921
6810,32,8264,298921,298953
2209,283,8265,298952,299235
7231,122,8265,299235,299357
8957,75,8265,299357,299432
1731,111,8266,299431,299542
2283,252,8266,299542,299794
7749,113,8266,299794,299907
7829,42,8266,299907,299949
7536,114,8267,299948,300062
3975,251,8268,300061,300312
4679,215,8268,300312,300527
5500,86,8268,300527,300613
6002,80,8268,300613,300693
7570,196,8268,300693,300889
8906,126,8268,300889,301015
9363,185,8268,301015,301200
9700,203,8268,301200,301403
1079,27,8269,301402,301429
1519,20,8269,301429,301449
1714,6,8269,301449,301455
3111,215,8269,301455,301670
3370,121,8269,301670,301791
4819,244,8269,301791,302035
5842,171,8269,302035,302206
7643,228,8269,302206,302434
9033,54,8269,302434,302488
9317,282,8269,302488,302770
4984,100,8270,302769,302869
8610,195,8270,302869,303064
9949,105,8270,303064,303169
1734,269,8271,303168,303437
4039,265,8271,303437,303702
5143,96,8271,303702,303798
6472,243,8271,303798,304041
6821,272,8271,304041,304313
9067,162,8271,304313,304475
9456,131,8271,304475,304606
1453,98,8272,304605,304703
3665,112,8272,304703,304815
4541,266,8272,304815,305081
4730,220,8272,305081,305301
7625,28,8272,305301,305329
9266,171,8272,305329,305500
2673,200,8273,305499,305699
4851,214,8273,305699,305913
7897,36,8273,305913,305949
9013,31,8273,305949,305980
9268,229,8273,305980,306209
1234,270,8274,306208,306478
1844,240,8274,306478,306718
3839,233,8274,306718,306951
6137,143,8274,306951,307094
8659,18,8274,307094,307112
1542,210,8275,307111,307321
3844,25,8275,307321,307346
4365,274,8275,307346,307620
7165,231,8275,307620,307851
9860,22,8275,307851,307873
1054,177,8276,307872,308049
2754,51,8276,308049,308100
4358,119,8276,308100,308219
4864,152,8276,308219,308371
2650,181,8277,308370,308551
6552,192,8277,308551,308743
3628,247,8278,308742,308989
6183,103,8278,308989,309092
7245,202,8279,309091,309293
8839,141,8279,309293,309434
1286,159,8280,309433,309592
2225,284,8280,309592,309876
2479,126,8280,309876,310002
5919,183,8280,310002,310185
1494,75,8281,310184,310259
1993,113,8281,310259,310372
3768,32,8281,310372,310404
4357,140,8282,310403,310543
7013,82,8282,310543,310625
5816,74,8283,310624,310698
8172,55,8283,310698,310753
1501,229,8284,310752,310981
2326,150,8284,310981,311131
4575,283,8284,311131,311414
8251,39,8284,311414,311453
4114,102,8285,311452,311554
5778,151,8285,311554,311705
6404,260,8285,311705,311965
9472,32,8285,311965,311997
5060,51,8286,311996,312047
7809,103,8286,312047,312150
5544,259,8287,312149,312408
5977,63,8287,312408,312471
6909,217,8287,312471,312688
9118,248,8287,312688,312936
9213,30,8287,312936,312966
3802,281,8288,312965,313246
9173,68,8288,313246,313314
7019,243,8289,313313,313556
3909,258,8290,313555,313813
4057,266,8290,313813,314079
6310,72,8290,314079,314151
7608,87,8290,314151,314238
9015,23,8290,314238,314261
1794,91,8291,314260,314351
3443,86,8291,314351,314437
4579,77,8291,314437,314514
4894,32,8291,314514,314546
5364,13,8291,314546,314559
5565,9,8291,314559,314568
6243,34,8291,314568,314602
6497,126,8291,314602,314728
9360,161,8291,314728,314889
9654,164,8291,314889,315053
1488,159,8292,315052,315211
2977,24,8292,315211,315235
3766,53,8292,315235,315288
3803,93,8292,315288,315381
7225,251,8292,315381,315632
7465,282,8292,315632,315914
7856,206,8292,315914,316120
1254,192,8293,316119,316311
3284,26,8293,316311,316337
4590,178,8293,316337,316515
4748,19,8293,316515,316534
9144,232,8293,316534,316766
9692,18,8293,316766,316784
2781,218,8294,316783,317001
3186,15,8294,317001,317016
3581,264,8294,317016,317280
6144,92,8294,317280,317372
8781,108,8294,317372,317480
1677,234,8295,317479,317713
3041,95,8295,317713,317808
3562,155,8295,317808,317963
3678,185,8295,317963,318148
4136,290,8295,318148,318438
6333,281,8295,318438,318719
8786,132,8295,318719,318851
9158,27,8295,318851,318878
2088,186,8296,318877,319063
4324,129,8296,319063,319192
5512,187,8296,319192,319379
6009,86,8296,319379,319465
8042,21,8296,319465,319486
8424,75,8296,319486,319561
8745,262,8296,319561,319823
8963,180,8296,319823,320003
6011,162,8297,320002,320164
6693,217,8297,320164,320381
2519,250,8298,320380,320630
4474,280,8298,320630,320910
7799,127,8298,320910,321037
8357,73,8298,321037,321110
9182,207,8298,321110,321317
5451,172,8299,321316,321488
5521,180,8300,321487,321667
9628,171,8300,321667,321838
6184,191,8301,321837,322028
7870,246,8301,322028,322274
8244,78,8301,322274,322352
3661,133,8302,322351,322484
4569,93,8302,322484,322577
9087,151,8302,322577,322728
2631,127,8303,322727,322854
4521,178,8303,322854,323032
5030,192,8303,323032,323224
5626,167,8303,323224,323391
6814,180,8303,323391,323571
8360,67,8303,323571,323638
8579,202,8303,323638,323840
1425,186,8304,323839,324025
2285,179,8304,324025,324204
3214,65,8304,324204,324269
4707,47,8304,324269,324316
5409,86,8304,324316,324402
5736,218,8304,324402,324620
8634,242,8304,324620,324862
2661,284,8305,324861,325145
5729,237,8305,325145,325382
8680,215,8305,325382,325597
9674,258,8305,325597,325855
1705,35,8306,325854,325889
2742,69,8306,325889,325958
3007,98,8306,325958,326056
3599,211,8306,326056,326267
4871,289,8306,326267,326556
6589,22,8306,326556,326578
1259,44,8308,326576,326620
3832,258,8308,326620,326878
6033,86,8308,326878,326964
7050,294,8308,326964,327258
9374,94,8308,327258,327352
9997,176,8308,327352,327528
1400,35,8309,327527,327562
3324,215,8309,327562,327777
3404,259,8309,327777,328036
3193,128,8310,328035,328163
8539,32,8310,328163,328195
3696,151,8311,328194,328345
5594,297,8311,328345,328642
7780,149,8311,328642,328791
7955,181,8311,328791,328972
2366,132,8312,328971,329103
3848,16,8312,329103,329119
7535,169,8312,329119,329288
8211,255,8312,329288,329543
8428,250,8312,329543,329793
1166,132,8313,329792,329924
5517,183,8313,329924,330107
5819,66,8313,330107,330173
7205,293,8313,330173,330466
7528,292,8313,330466,330758
8167,220,8313,330758,330978
9837,78,8313,330978,331056
3741,67,8314,331055,331122
8105,55,8314,331122,331177
8819,111,8314,331177,331288
9918,161,8315,331287,331448
1080,226,8316,331447,331673
2500,126,8316,331673,331799
2599,234,8316,331799,332033
4956,219,8316,332033,332252
5501,166,8316,332252,332418
6191,124,8316,332418,332542
7613,148,8316,332542,332690
7684,165,8316,332690,332855
1720,167,8317,332854,333021
1764,144,8318,333020,333164
1939,87,8318,333164,333251
2117,138,8318,333251,333389
3415,209,8318,333389,333598
4236,257,8318,333598,333855
4687,135,8318,333855,333990
1573,220,8319,333989,334209
5416,282,8319,334209,334491
8569,148,8319,334491,334639
2762,17,8320,334638,334655
3025,122,8320,334655,334777
8721,143,8320,334777,334920
3985,155,8321,334919,335074
5797,184,8321,335074,335258
5948,227,8321,335258,335485
6539,251,8321,335485,335736
7789,117,8321,335736,335853
8847,142,8321,335853,335995
8879,55,8321,335995,336050
9921,150,8321,336050,336200
3206,28,8322,336199,336227
2452,169,8323,336226,336395
4757,251,8323,336395,336646
6502,294,8323,336646,336940
3275,200,8324,336939,337139
4350,244,8324,337139,337383
6022,101,8324,337383,337484
8543,195,8324,337484,337679
2717,227,8325,337678,337905
3164,29,8325,337905,337934
3479,156,8325,337934,338090
4126,148,8325,338090,338238
5346,217,8325,338238,338455
5397,40,8325,338455,338495
5631,18,8325,338495,338513
9075,248,8325,338513,338761
3330,260,8326,338760,339020
3363,273,8326,339020,339293
6218,154,8326,339293,339447
3685,116,8327,339446,339562
7223,245,8327,339562,339807
9139,126,8327,339807,339933
1609,2,8328,339932,339934
3212,201,8328,339934,340135
5587,87,8328,340135,340222
6344,284,8328,340222,340506
6732,72,8328,340506,340578
8936,181,8328,340578,340759
8942,215,8328,340759,340974
2072,244,8329,340973,341217
3935,165,8329,341217,341382
7291,285,8329,341382,341667
7945,96,8329,341667,341763
8236,153,8329,341763,341916
1422,269,8330,341915,342184
1877,227,8330,342184,342411
3253,241,8330,342411,342652
4615,227,8330,342652,342879
7567,84,8330,342879,342963
1311,13,8331,342962,342975
2121,253,8331,342975,343228
3243,203,8331,343228,343431
3329,119,8331,343431,343550
3979,249,8331,343550,343799
7451,241,8331,343799,344040
8806,215,8331,344040,344255
9910,132,8331,344255,344387
3564,261,8332,344386,344647
7120,272,8332,344647,344919
8208,59,8332,344919,344978
8566,177,8332,344978,345155
1382,86,8333,345154,345240
2160,231,8333,345240,345471
2889,196,8333,345471,345667
3530,203,8335,345665,345868
4481,278,8335,345868,346146
5314,106,8335,346146,346252
5315,196,8335,346252,346448
8015,44,8335,346448,346492
7078,171,8336,346491,346662
7537,51,8336,346662,346713
8460,206,8336,346713,346919
1807,45,8337,346918,346963
4190,180,8337,346963,347143
5638,248,8337,347143,347391
2559,113,8338,347390,347503
2597,147,8338,347503,347650
8306,159,8338,347650,347809
8405,239,8338,347809,348048
1323,7,8339,348047,348054
1695,289,8339,348054,348343
1895,5,8339,348343,348348
3619,32,8339,348348,348380
3970,66,8339,348380,348446
8907,23,8339,348446,348469
7580,125,8340,348468,348593
7953,298,8340,348593,348891
2588,73,8341,348890,348963
5322,248,8342,348962,349210
6463,283,8342,349210,349493
1347,197,8343,349492,349689
2034,288,8343,349689,349977
2792,91,8343,349977,350068
3270,113,8343,350068,350181
7810,211,8343,350181,350392
8967,111,8343,350392,350503
8991,178,8343,350503,350681
9523,94,8343,350681,350775
1642,159,8344,350774,350933
5895,154,8344,350933,351087
6430,291,8344,351087,351378
6461,209,8344,351378,351587
6629,155,8344,351587,351742
7190,91,8344,351742,351833
9010,60,8344,351833,351893
9090,103,8344,351893,351996
1066,86,8345,351995,352081
1450,251,8345,352081,352332
2911,226,8345,352332,352558
2927,5,8345,352558,352563
3232,15,8345,352563,352578
3304,132,8345,352578,352710
4211,102,8345,352710,352812
4441,23,8345,352812,352835
4583,37,8345,352835,352872
5154,258,8345,352872,353130
5199,75,8345,353130,353205
6318,284,8345,353205,353489
7642,115,8345,353489,353604
8927,170,8345,353604,353774
8599,101,8346,353773,353874
9297,239,8346,353874,354113
6226,69,8347,354112,354181
7241,207,8347,354181,354388
1278,222,8348,354387,354609
5355,238,8348,354609,354847
7126,184,8348,354847,355031
2045,265,8349,355030,355295
2932,210,8349,355295,355505
4720,275,8349,355505,355780
5470,72,8349,355780,355852
1272,235,8350,355851,356086
4432,148,8350,356086,356234
6425,300,8350,356234,356534
6855,85,8350,356534,356619
8240,253,8350,356619,356872
6849,124,8351,356871,356995
2264,184,8352,356994,357178
3032,178,8352,357178,357356
9983,63,8352,357356,357419
2263,186,8353,357418,357604
2407,44,8353,357604,357648
6159,8,8353,357648,357656
8947,188,8353,357656,357844
1481,86,8354,357843,357929
3127,151,8354,357929,358080
4268,168,8354,358080,358248
7653,61,8354,358248,358309
7690,239,8354,358309,358548
7874,9,8354,358548,358557
8755,62,8354,358557,358619
2208,148,8355,358618,358766
6456,136,8355,358766,358902
7505,279,8355,358902,359181
7560,115,8355,359181,359296
7701,132,8355,359296,359428
1067,94,8356,359427,359521
1535,57,8356,359521,359578
5678,119,8356,359578,359697
7398,3,8356,359697,359700
9812,223,8356,359700,359923
1621,285,8357,359922,360207
3795,254,8357,360207,360461
4384,102,8357,360461,360563
5114,93,8357,360563,360656
7523,26,8357,360656,360682
8492,129,8357,360682,360811
8605,225,8357,360811,361036
8874,7,8357,361036,361043
9603,291,8357,361043,361334
3746,80,8358,361333,361413
5279,259,8358,361413,361672
3089,257,8359,361671,361928
5145,282,8359,361928,362210
5220,201,8359,362210,362411
9167,62,8359,362411,362473
1918,258,8360,362472,362730
2623,8,8360,362730,362738
3600,251,8360,362738,362989
8663,93,8360,362989,363082
6883,47,8361,363081,363128
1165,52,8362,363127,363179
1514,119,8362,363179,363298
3810,239,8362,363298,363537
6127,131,8362,363537,363668
1082,38,8363,363667,363705
1303,45,8363,363705,363750
2437,17,8363,363750,363767
8416,229,8363,363767,363996
9703,84,8363,363996,364080
1123,37,8364,364079,364116
4352,213,8364,364116,364329
7152,142,8364,364329,364471
5294,300,8365,364470,364770
5624,133,8365,364770,364903
8564,135,8365,364903,365038
1377,46,8366,365037,365083
1595,91,8366,365083,365174
5897,138,8366,365174,365312
7209,200,8366,365312,365512
7425,247,8366,365512,365759
7455,67,8366,365759,365826
2119,80,8367,365825,365905
2840,134,8367,365905,366039
3738,132,8367,366039,366171
4870,59,8367,366171,366230
7737,136,8367,366230,366366
9670,161,8367,366366,366527
9715,236,8367,366527,366763
1667,291,8368,366762,367053
1872,34,8368,367053,367087
2246,232,8368,367087,367319
2784,153,8368,367319,367472
5944,208,8368,367472,367680
8590,49,8368,367680,367729
9864,102,8368,367729,367831
1025,296,8369,367830,368126
1627,185,8369,368126,368311
1871,272,8369,368311,368583
2748,170,8369,368583,368753
3098,39,8369,368753,368792
4633,151,8369,368792,368943
7794,298,8369,368943,369241
1269,62,8370,369240,369302
3830,197,8370,369302,369499
9874,61,8370,369499,369560
3631,172,8371,369559,369731
2473,172,8372,369730,369902
2640,175,8372,369902,370077
9559,280,8372,370077,370357
2255,285,8373,370356,370641
5618,64,8373,370641,370705
4742,261,8374,370704,370965
6441,42,8374,370965,371007
8179,65,8374,371007,371072
3473,131,8375,371071,371202
6798,179,8375,371202,371381
4502,251,8376,371380,371631
4986,279,8376,371631,371910
5233,113,8376,371910,372023
5523,121,8376,372023,372144
7857,188,8376,372144,372332
8332,227,8376,372332,372559
9219,173,8376,372559,372732
9521,82,8376,372732,372814
9713,113,8376,372814,372927
3393,162,8377,372926,373088
4241,297,8377,373088,373385
5142,75,8377,373385,373460
7421,133,8377,373460,373593
1979,173,8379,373591,373764
2670,47,8379,373764,373811
7185,218,8379,373811,374029
1194,199,8380,374028,374227
7712,282,8380,374227,374509
6122,71,8381,374508,374579
2200,276,8382,374578,374854
1100,202,8383,374853,375055
1803,264,8383,375055,375319
9115,296,8383,375319,375615
8060,260,8384,375614,375874
9441,214,8384,375874,376088
1913,210,8385,376087,376297
6583,161,8385,376297,376458
7350,84,8385,376458,376542
3014,146,8386,376541,376687
8183,261,8386,376687,376948
9990,262,8386,376948,377210
5507,200,8387,377209,377409
6860,174,8387,377409,377583
5524,214,8388,377582,377796
6435,146,8388,377796,377942
1387,180,8389,377941,378121
5671,59,8389,378121,378180
6498,294,8389,378180,378474
9403,11,8389,378474,378485
4946,286,8390,378484,378770
5417,87,8390,378770,378857
6061,213,8390,378857,379070
6676,194,8391,379069,379263
7623,78,8391,379263,379341
9198,227,8391,379341,379568
9748,77,8391,379568,379645
1238,51,8392,379644,379695
2417,132,8392,379695,379827
3082,48,8392,379827,379875
7647,14,8392,379875,379889
2546,297,8393,379888,380185
3469,86,8393,380185,380271
4259,291,8393,380271,380562
7083,167,8393,380562,380729
9365,41,8393,380729,380770
9911,204,8393,380770,380974
1147,152,8394,380973,381125
4874,171,8394,381125,381296
5029,61,8394,381296,381357
6572,185,8394,381357,381542
3158,281,8395,381541,381822
5065,202,8395,381822,382024
1211,253,8396,382023,382276
1566,95,8396,382276,382371
3288,119,8396,382371,382490
1439,279,8397,382489,382768
6196,87,8397,382768,382855
7924,232,8397,382855,383087
2350,38,8398,383086,383124
3699,24,8398,383124,383148
4982,57,8398,383148,383205
7991,237,8398,383205,383442
9372,8,8398,383442,383450
9438,98,8398,383450,383548
2698,5,8399,383547,383552
5637,259,8399,383552,383811
7227,38,8399,383811,383849
6190,109,8400,383848,383957
3980,59,8401,383956,384015
4311,257,8401,384015,384272
4671,258,8401,384272,384530
7323,10,8401,384530,384540
9055,64,8401,384540,384604
1431,196,8402,384603,384799
3822,219,8402,384799,385018
7456,47,8402,385018,385065
7545,208,8402,385065,385273
2222,118,8403,385272,385390
4726,153,8403,385390,385543
5320,124,8403,385543,385667
9049,232,8403,385667,385899
2549,285,8404,385898,386183
6139,276,8404,386183,386459
4041,293,8405,386458,386751
7409,28,8405,386751,386779
9410,41,8405,386779,386820
1690,286,8406,386819,387105
1726,60,8406,387105,387165
4170,198,8406,387165,387363
5864,269,8406,387363,387632
1534,118,8407,387631,387749
3728,244,8407,387749,387993
4267,82,8407,387993,388075
3906,248,8408,388074,388322
4695,180,8408,388322,388502
6568,138,8408,388502,388640
7519,293,8408,388640,388933
9518,35,8408,388933,388968
9833,79,8408,388968,389047
9952,228,8408,389047,389275
2904,12,8409,389274,389286
5858,31,8409,389286,389317
7286,64,8409,389317,389381
1441,209,8410,389380,389589
2109,54,8410,389589,389643
2576,74,8410,389643,389717
2963,58,8410,389717,389775
4877,90,8410,389775,389865
5254,235,8410,389865,390100
7333,60,8410,390100,390160
2071,131,8411,390159,390290
3066,257,8411,390290,390547
3117,300,8411,390547,390847
4014,49,8411,390847,390896
6646,73,8411,390896,390969
9117,56,8411,390969,391025
2007,190,8412,391024,391214
2482,299,8412,391214,391513
3778,160,8412,391513,391673
6185,97,8412,391673,391770
6596,226,8412,391770,391996
7407,74,8412,391996,392070
8735,66,8412,392070,392136
1218,128,8413,392135,392263
1975,211,8413,392263,392474
3941,123,8413,392474,392597
5232,96,8413,392597,392693
9933,46,8413,392693,392739
2050,99,8414,392738,392837
6437,30,8414,392837,392867
8611,207,8414,392867,393074
8617,92,8414,393074,393166
3959,166,8415,393165,393331
4763,30,8415,393331,393361
4808,32,8415,393361,393393
8614,269,8415,393393,393662
1049,235,8416,393661,393896
1788,147,8416,393896,394043
1878,176,8416,394043,394219
4024,4,8416,394219,394223
4907,277,8416,394223,394500
6293,169,8416,394500,394669
2335,256,8417,394668,394924
4435,188,8417,394924,395112
7666,9,8417,395112,395121
8445,246,8417,395121,395367
1317,77,8418,395366,395443
6351,280,8418,395443,395723
2102,233,8419,395722,395955
2149,93,8419,395955,396048
3912,229,8419,396048,396277
4266,266,8419,396277,396543
8421,280,8419,396543,396823
9062,15,8419,396823,396838
9283,195,8419,396838,397033
9470,158,8419,397033,397191
2638,205,8420,397190,397395
3506,293,8420,397395,397688
3667,156,8420,397688,397844
5246,86,8420,397844,397930
5767,134,8420,397930,398064
3132,153,8421,398063,398216
6353,114,8421,398216,398330
7866,279,8421,398330,398609
8334,7,8421,398609,398616
9350,214,8421,398616,398830
1868,211,8422,398829,399040
4344,278,8422,399040,399318
4520,212,8422,399318,399530
5419,112,8422,399530,399642
8113,231,8422,399642,399873
1244,185,8423,399872,400057
1344,177,8423,400057,400234
4723,288,8423,400234,400522
7202,33,8423,400522,400555
1409,15,8424,400554,400569
9179,275,8424,400569,400844
9946,240,8424,400844,401084
1384,83,8425,401083,401166
2015,6,8425,401166,401172
2157,62,8425,401172,401234
4287,277,8425,401234,401511
6123,234,8425,401511,401745
7301,57,8425,401745,401802
8192,57,8425,401802,401859
3905,17,8426,401858,401875
6459,19,8426,401875,401894
7986,35,8426,401894,401929
8657,272,8426,401929,402201
8860,45,8426,402201,402246
3629,65,8427,402245,402310
4827,232,8427,402310,402542
8149,76,8427,402542,402618
9634,155,8427,402618,402773
9959,110,8427,402773,402883
2073,237,8428,402882,403119
4652,157,8428,403119,403276
5163,123,8428,403276,403399
6356,157,8428,403399,403556
7504,46,8428,403556,403602
8514,68,8428,403602,403670
1295,75,8429,403669,403744
2592,96,8429,403744,403840
7553,94,8429,403840,403934
3207,160,8430,403933,404093
3663,152,8431,404092,404244
4149,270,8431,404244,404514
5264,12,8432,404513,404525
5456,247,8432,404525,404772
7592,144,8432,404772,404916
2991,1,8433,404915,404916
4245,80,8433,404916,404996
4278,20,8433,404996,405016
4501,138,8433,405016,405154
1343,66,8434,405153,405219
1823,296,8434,405219,405515
5550,88,8434,405515,405603
5725,129,8434,405603,405732
6464,143,8434,405732,405875
7294,294,8434,405875,406169
8799,142,8434,406169,406311
8830,27,8434,406311,406338
1449,181,8435,406337,406518
1837,109,8435,406518,406627
8443,40,8435,406627,406667
2024,20,8436,406666,406686
6099,281,8436,406686,406967
6866,44,8436,406967,407011
8726,158,8436,407011,407169
9338,96,8436,407169,407265
2144,131,8437,407264,407395
2896,105,8437,407395,407500
2974,47,8437,407500,407547
4223,167,8437,407547,407714
1553,205,8438,407713,407918
2918,2,8438,407918,407920
4292,283,8438,407920,408203
4380,54,8438,408203,408257
4510,268,8438,408257,408525
5911,107,8438,408525,408632
6698,82,8438,408632,408714
7477,191,8438,408714,408905
8336,193,8438,408905,409098
8584,228,8438,409098,409326
9776,147,8438,409326,409473
2061,87,8439,409472,409559
3559,255,8439,409559,409814
6734,139,8439,409814,409953
7207,68,8439,409953,410021
7698,77,8439,410021,410098
1022,234,8440,410097,410331
1888,40,8440,410331,410371
4592,138,8440,410371,410509
3836,160,8441,410508,410668
1748,110,8442,410667,410777
2506,257,8442,410777,411034
2950,89,8442,411034,411123
7778,274,8442,411123,411397
7909,112,8442,411397,411509
4900,170,8443,411508,411678
5605,43,8443,411678,411721
2351,279,8444,411720,411999
5102,70,8444,411999,412069
3364,187,8445,412068,412255
5746,119,8446,412254,412373
6836,25,8446,412373,412398
7844,287,8446,412398,412685
8503,108,8446,412685,412793
9205,22,8446,412793,412815
2290,44,8447,412814,412858
7509,256,8447,412858,413114
8365,137,8447,413114,413251
9025,197,8447,413251,413448
2993,222,8448,413447,413669
3964,148,8448,413669,413817
7041,19,8448,413817,413836
9084,37,8448,413836,413873
9855,195,8448,413873,414068
8809,50,8449,414067,414117
4702,94,8450,414116,414210
7336,195,8450,414210,414405
9961,145,8450,414405,414550
1200,37,8451,414549,414586
5180,57,8451,414586,414643
5272,60,8451,414643,414703
5597,69,8451,414703,414772
7008,60,8451,414772,414832
7420,283,8451,414832,415115
2416,4,8452,415114,415118
3508,120,8452,415118,415238
6773,160,8452,415238,415398
9688,201,8452,415398,415599
2776,242,8453,415598,415840
4443,259,8453,415840,416099
4492,181,8453,416099,416280
3553,157,8454,416279,416436
5415,118,8454,416436,416554
6072,280,8454,416554,416834
6481,218,8454,416834,417052
7841,103,8454,417052,417155
8437,246,8454,417155,417401
9554,52,8454,417401,417453
1531,52,8455,417452,417504
1569,280,8455,417504,417784
2114,167,8455,417784,417951
2357,260,8455,417951,418211
5592,205,8455,418211,418416
7136,57,8455,418416,418473
8482,296,8455,418473,418769
2025,99,8456,418768,418867
3116,280,8456,418867,419147
4878,230,8456,419147,419377
4077,144,8457,419376,419520
6112,165,8457,419520,419685
3849,173,8458,419684,419857
3971,1,8458,419857,419858
5668,179,8458,419858,420037
7959,73,8458,420037,420110
1492,149,8459,420109,420258
3797,137,8459,420258,420395
6442,297,8459,420395,420692
6825,187,8459,420692,420879
7586,122,8459,420879,421001
8513,273,8459,421001,421274
2306,102,8460,421273,421375
3233,203,8460,421375,421578
3574,52,8460,421578,421630
3855,10,8460,421630,421640
5303,198,8460,421640,421838
5735,112,8460,421838,421950
6034,128,8460,421950,422078
6636,22,8460,422078,422100
6887,102,8460,422100,422202
2439,123,8461,422201,422324
2874,288,8461,422324,422612
3140,86,8461,422612,422698
4198,258,8461,422698,422956
5726,71,8461,422956,423027
9798,29,8461,423027,423056
2854,166,8462,423055,423221
5268,44,8462,423221,423265
5878,97,8462,423265,423362
7939,163,8463,423361,423524
9707,260,8463,423524,423784
1657,160,8464,423783,423943
5598,28,8464,423943,423971
6138,116,8464,423971,424087
6360,6,8464,424087,424093
6440,7,8464,424093,424100
6665,181,8464,424100,424281
6685,22,8464,424281,424303
8964,62,8464,424303,424365
9550,194,8464,424365,424559
9773,140,8464,424559,424699
1636,217,8465,424698,424915
3234,259,8465,424915,425174
6394,296,8465,425174,425470
7481,122,8465,425470,425592
9178,116,8465,425592,425708
2198,66,8466,425707,425773
3637,80,8466,425773,425853
3781,95,8466,425853,425948
8548,22,8466,425948,425970
1698,74,8467,425969,426043
3724,169,8467,426043,426212
5338,72,8467,426212,426284
5341,73,8467,426284,426357
5358,88,8467,426357,426445
2251,113,8468,426444,426557
2274,218,8468,426557,426775
4549,289,8468,426775,427064
4893,230,8468,427064,427294
6405,111,8468,427294,427405
7048,248,8468,427405,427653
7097,63,8468,427653,427716
7254,46,8468,427716,427762
7679,153,8468,427762,427915
9743,270,8468,427915,428185
3094,217,8469,428184,428401
4316,82,8469,428401,428483
5195,158,8469,428483,428641
6371,59,8469,428641,428700
7035,10,8469,428700,428710
8811,227,8469,428710,428937
9954,24,8469,428937,428961
2206,112,8470,428960,429072
2793,157,8470,429072,429229
4734,162,8470,429229,429391
5164,195,8470,429391,429586
5871,291,8470,429586,429877
6653,232,8470,429877,430109
7382,265,8470,430109,430374
7527,51,8470,430374,430425
8247,82,8471,430424,430506
8317,258,8471,430506,430764
9629,121,8471,430764,430885
9639,185,8471,430885,431070
4183,64,8472,431069,431133
6030,79,8472,431133,431212
9544,265,8472,431212,431477
2089,248,8473,431476,431724
3569,51,8473,431724,431775
4849,3,8473,431775,431778
4911,83,8473,431778,431861
6046,279,8473,431861,432140
2474,275,8474,432139,432414
4850,125,8474,432414,432539
7375,80,8474,432539,432619
8919,171,8474,432619,432790
2020,177,8475,432789,432966
2185,208,8475,432966,433174
4283,116,8475,433174,433290
7371,200,8475,433290,433490
7471,26,8475,433490,433516
4654,87,8476,433515,433602
5340,29,8476,433602,433631
6675,177,8476,433631,433808
3021,183,8477,433807,433990
3056,245,8477,433990,434235
4257,193,8477,434235,434428
4926,93,8477,434428,434521
6236,38,8477,434521,434559
3896,100,8478,434558,434658
4016,138,8478,434658,434796
4092,237,8478,434796,435033
7283,22,8478,435033,435055
8188,45,8478,435055,435100
9754,222,8478,435100,435322
9457,5,8479,435321,435326
1898,94,8480,435325,435419
2864,264,8480,435419,435683
3402,34,8481,435682,435716
4902,154,8481,435716,435870
5153,292,8481,435870,436162
7415,144,8481,436162,436306
8412,63,8481,436306,436369
9011,34,8481,436369,436403
1508,149,8482,436402,436551
3711,280,8482,436551,436831
4995,15,8482,436831,436846
7327,60,8482,436846,436906
8465,75,8482,436906,436981
8766,123,8482,436981,437104
9657,118,8482,437104,437222
1077,188,8483,437221,437409
3395,143,8483,437409,437552
7707,93,8483,437552,437645
1167,203,8484,437644,437847
2815,251,8484,437847,438098
4440,84,8484,438098,438182
5353,114,8484,438182,438296
7195,78,8484,438296,438374
3309,139,8485,438373,438512
3490,16,8485,438512,438528
9822,108,8485,438528,438636
2305,29,8486,438635,438664
6879,259,8486,438664,438923
7379,239,8486,438923,439162
7428,280,8486,439162,439442
7723,161,8486,439442,439603
9386,159,8486,439603,439762
4100,207,8487,439761,439968
4137,65,8487,439968,440033
7498,238,8487,440033,440271
9089,80,8487,440271,440351
9869,15,8487,440351,440366
4680,6,8488,440365,440371
5068,18,8488,440371,440389
6251,234,8488,440389,440623
7226,267,8488,440623,440890
7255,236,8488,440890,441126
8326,12,8488,441126,441138
8728,295,8488,441138,441433
6762,88,8489,441432,441520
7014,175,8489,441520,441695
7714,126,8489,441695,441821
7773,299,8489,441821,442120
9866,181,8489,442120,442301
2532,146,8490,442300,442446
4731,120,8490,442446,442566
5466,222,8490,442566,442788
9440,294,8490,442788,443082
2715,122,8491,443081,443203
5642,96,8491,443203,443299
5847,69,8491,443299,443368
7739,91,8491,443368,443459
1635,181,8492,443458,443639
2644,250,8492,443639,443889
2651,95,8492,443889,443984
4234,272,8492,443984,444256
6624,94,8492,444256,444350
7094,141,8492,444350,444491
2219,42,8493,444490,444532
4852,270,8493,444532,444802
8666,139,8493,444802,444941
9098,161,8493,444941,445102
3662,82,8494,445101,445183
5367,298,8494,445183,445481
6269,245,8494,445481,445726
6413,144,8494,445726,445870
6683,180,8494,445870,446050
1658,39,8495,446049,446088
1859,107,8495,446088,446195
2515,192,8495,446195,446387
3381,168,8495,446387,446555
7548,60,8495,446555,446615
8965,276,8495,446615,446891
1921,280,8496,446890,447170
3353,40,8496,447170,447210
4015,254,8496,447210,447464
6591,222,8496,447464,447686
8036,37,8496,447686,447723
2163,102,8497,447722,447824
2287,211,8497,447824,448035
9310,245,8497,448035,448280
9650,277,8497,448280,448557
2433,245,8498,448556,448801
3084,275,8498,448801,449076
8462,219,8498,449076,449295
3706,59,8499,449294,449353
3752,211,8499,449353,449564
6981,271,8499,449564,449835
8500,169,8499,449835,450004
1196,108,8500,450003,450111
6609,144,8500,450111,450255
7689,212,8500,450255,450467
8182,229,8500,450467,450696
9543,209,8500,450696,450905
1133,253,8501,450904,451157
1150,96,8501,451157,451253
1214,300,8501,451253,451553
1289,255,8501,451553,451808
2459,80,8501,451808,451888
4704,134,8501,451888,452022
4923,230,8501,452022,452252
5818,155,8501,452252,452407
6013,29,8501,452407,452436
6192,144,8501,452436,452580
9619,289,8501,452580,452869
5984,274,8502,452868,453142
6290,299,8502,453142,453441
6305,143,8502,453441,453584
7636,99,8502,453584,453683
8587,104,8502,453683,453787
2743,182,8503,453786,453968
6563,157,8503,453968,454125
6620,12,8503,454125,454137
6692,18,8503,454137,454155
8731,286,8503,454155,454441
8943,21,8503,454441,454462
6908,282,8504,454461,454743
7292,35,8504,454743,454778
2505,7,8505,454777,454784
3223,145,8505,454784,454929
4442,103,8505,454929,455032
4796,196,8505,455032,455228
6718,252,8505,455228,455480
5687,140,8506,455479,455619
6846,85,8506,455619,455704
1126,205,8507,455703,455908
3607,87,8507,455908,455995
4969,253,8507,455995,456248
6674,168,8507,456248,456416
7612,280,8507,456416,456696
8738,237,8507,456696,456933
1366,263,8508,456932,457195
3011,138,8508,457195,457333
4370,156,8508,457333,457489
7302,118,8508,457489,457607
7700,240,8508,457607,457847
9333,213,8508,457847,458060
6114,1,8509,458059,458060
7492,44,8509,458060,458104
7843,113,8509,458104,458217
8488,175,8509,458217,458392
9522,77,8509,458392,458469
1587,15,8510,458468,458483
1774,188,8510,458483,458671
4176,184,8510,458671,458855
5159,94,8510,458855,458949
5406,144,8510,458949,459093
8979,134,8510,459093,459227
9228,272,8510,459227,459499
9254,126,8510,459499,459625
3871,219,8511,459624,459843
4593,38,8511,459843,459881
7511,132,8511,459881,460013
9793,175,8511,460013,460188
4265,87,8512,460187,460274
4653,75,8512,460274,460349
5759,297,8512,460349,460646
5856,212,8512,460646,460858
6918,170,8512,460858,461028
7311,234,8512,461028,461262
7946,79,8512,461262,461341
8123,156,8512,461341,461497
8290,219,8512,461497,461716
1950,42,8513,461715,461757
8138,288,8513,461757,462045
3224,215,8514,462044,462259
8692,241,8514,462259,462500
9078,144,8514,462500,462644
3773,77,8515,462643,462720
3777,124,8515,462720,462844
4825,83,8515,462844,462927
7096,191,8515,462927,463118
8155,91,8515,463118,463209
4990,226,8516,463208,463434
6364,245,8516,463434,463679
8143,243,8516,463679,463922
9423,259,8516,463922,464181
9766,211,8516,464181,464392
2618,211,8517,464391,464602
4426,281,8517,464602,464883
4913,207,8517,464883,465090
6110,143,8517,465090,465233
3535,167,8518,465232,465399
6542,300,8518,465399,465699
1842,209,8519,465698,465907
3060,236,8519,465907,466143
3145,31,8519,466143,466174
4273,183,8519,466174,466357
5006,294,8519,466357,466651
6335,38,8519,466651,466689
9290,128,8519,466689,466817
4627,23,8520,466816,466839
6436,195,8520,466839,467034
6786,279,8520,467034,467313
7999,296,8520,467313,467609
8136,19,8520,467609,467628
9236,207,8520,467628,467835
5058,209,8521,467834,468043
6358,140,8521,468043,468183
8297,169,8521,468183,468352
1550,292,8522,468351,468643
2429,242,8522,468643,468885
3306,170,8522,468885,469055
3995,141,8522,469055,469196
4673,155,8522,469196,469351
6092,297,8522,469351,469648
7786,163,8522,469648,469811
1059,45,8523,469810,469855
3106,46,8523,469855,469901
4423,13,8523,469901,469914
5791,214,8523,469914,470128
9724,173,8523,470128,470301
1459,28,8524,470300,470328
2059,287,8524,470328,470615
2354,239,8524,470615,470854
6332,25,8524,470854,470879
7976,26,8524,470879,470905
9346,47,8524,470905,470952
1523,271,8525,470951,471222
2694,135,8525,471222,471357
5266,284,8525,471357,471641
6312,267,8525,471641,471908
6389,153,8525,471908,472061
7106,13,8525,472061,472074
7180,158,8525,472074,472232
8904,90,8525,472232,472322
3925,288,8526,472321,472609
3262,168,8527,472608,472776
5171,272,8527,472776,473048
5720,184,8527,473048,473232
9199,12,8527,473232,473244
6349,113,8528,473243,473356
3705,205,8529,473355,473560
4545,123,8529,473560,473683
5693,23,8529,473683,473706
6017,158,8529,473706,473864
6088,202,8529,473864,474066
2750,114,8530,474065,474179
3029,261,8530,474179,474440
3046,257,8530,474440,474697
3204,129,8530,474697,474826
4326,291,8530,474826,475117
4401,161,8530,475117,475278
4948,276,8530,475278,475554
7507,240,8530,475554,475794
8698,47,8530,475794,475841
2587,7,8531,475840,475847
7250,99,8531,475847,475946
9545,12,8531,475946,475958
2962,274,8532,475957,476231
3421,255,8532,476231,476486
3747,259,8532,476486,476745
3894,128,8532,476745,476873
9526,148,8532,476873,477021
1536,260,8533,477020,477280
5486,121,8533,477280,477401
6086,107,8533,477401,477508
6227,156,8533,477508,477664
2603,219,8534,477663,477882
4674,213,8534,477882,478095
1796,94,8535,478094,478188
3003,36,8535,478188,478224
5975,256,8535,478224,478480
9985,182,8535,478480,478662
1826,129,8536,478661,478790
2753,202,8536,478790,478992
3235,131,8536,478992,479123
3568,54,8536,479123,479177
6045,98,8536,479177,479275
1625,154,8537,479274,479428
4382,122,8537,479428,479550
5312,95,8537,479550,479645
6545,139,8537,479645,479784
7182,96,8537,479784,479880
9477,175,8537,479880,480055
2683,26,8538,480054,480080
5747,120,8538,480080,480200
7215,146,8538,480200,480346
1048,39,8539,480345,480384
2141,186,8539,480384,480570
2281,1,8539,480570,480571
3023,94,8539,480571,480665
6038,293,8539,480665,480958
7819,209,8539,480958,481167
8742,84,8539,481167,481251
1583,26,8540,481250,481276
2233,25,8540,481276,481301
4012,140,8540,481301,481441
3331,176,8541,481440,481616
3588,231,8541,481616,481847
3655,175,8541,481847,482022
5396,147,8541,482022,482169
6418,269,8541,482169,482438
1861,192,8542,482437,482629
3776,164,8542,482629,482793
9611,62,8542,482793,482855
3124,66,8543,482854,482920
2227,242,8544,482919,483161
3719,118,8544,483161,483279
6328,254,8544,483279,483533
6746,259,8544,483533,483792
9484,117,8544,483792,483909
2332,20,8545,483908,483928
3433,71,8545,483928,483999
7346,7,8545,483999,484006
8865,150,8545,484006,484156
2845,243,8546,484155,484398
4332,78,8546,484398,484476
4548,122,8546,484476,484598
5792,210,8546,484598,484808
7107,145,8546,484808,484953
8196,4,8546,484953,484957
4125,20,8547,484956,484976
6715,3,8548,484975,484978
7822,146,8548,484978,485124
1479,187,8549,485123,485310
1552,41,8549,485310,485351
4060,43,8549,485351,485394
4935,10,8549,485394,485404
7879,237,8549,485404,485641
1915,65,8550,485640,485705
2700,92,8550,485705,485797
5983,291,8550,485797,486088
2039,235,8551,486087,486322
2757,228,8551,486322,486550
3110,278,8551,486550,486828
6807,213,8551,486828,487041
6906,140,8551,487041,487181
8050,190,8551,487181,487371
8299,227,8551,487371,487598
2125,126,8552,487597,487723
3190,156,8552,487723,487879
3436,286,8552,487879,488165
5660,27,8552,488165,488192
1597,29,8553,488191,488220
2104,226,8553,488220,488446
1239,215,8554,488445,488660
5839,37,8554,488660,488697
6075,66,8554,488697,488763
6188,158,8554,488763,488921
8118,56,8554,488921,488977
1674,59,8555,488976,489035
2079,129,8555,489035,489164
2387,17,8555,489164,489181
6100,138,8555,489181,489319
9243,213,8555,489319,489532
9740,3,8555,489532,489535
3006,67,8556,489534,489601
5935,224,8556,489601,489825
2116,245,8557,489824,490069
3988,134,8557,490069,490203
6806,31,8557,490203,490234
7090,281,8557,490234,490515
7278,213,8557,490515,490728
2702,297,8558,490727,491024
5350,220,8558,491024,491244
6005,160,8558,491244,491404
6525,261,8559,491403,491664
6703,190,8559,491664,491854
3758,187,8560,491853,492040
4162,32,8560,492040,492072
7071,13,8560,492072,492085
3899,207,8561,492084,492291
5200,168,8561,492291,492459
6264,24,8561,492459,492483
6295,178,8561,492483,492661
7411,96,8561,492661,492757
7748,180,8561,492757,492937
9944,4,8561,492937,492941
2371,46,8562,492940,492986
3035,54,8562,492986,493040
5745,91,8562,493040,493131
5923,96,8562,493131,493227
7493,216,8562,493227,493443
9592,230,8562,493443,493673
5075,160,8563,493672,493832
5902,17,8563,493832,493849
6261,232,8563,493849,494081
8640,61,8563,494081,494142
9929,138,8563,494142,494280
1858,17,8564,494279,494296
4388,213,8564,494296,494509
7172,120,8564,494509,494629
2538,212,8565,494628,494840
4231,235,8565,494840,495075
4658,278,8565,495075,495353
5351,37,8565,495353,495390
7206,35,8565,495390,495425
7629,184,8565,495425,495609
9425,104,8565,495609,495713
2347,250,8566,495712,495962
4218,77,8566,495962,496039
7405,5,8566,496039,496044
7772,151,8566,496044,496195
3545,292,8567,496194,496486
4678,279,8567,496486,496765
6429,231,8567,496765,496996
6534,191,8567,496996,497187
8375,100,8567,497187,497287
8396,87,8567,497287,497374
8885,73,8567,497374,497447
3653,104,8568,497446,497550
5289,109,8568,497550,497659
6510,28,8568,497659,497687
7056,19,8568,497687,497706
7658,270,8568,497706,497976
8325,177,8568,497976,498153
9163,192,8568,498153,498345
9571,214,8568,498345,498559
9574,161,8568,498559,498720
1073,198,8569,498719,498917
1854,20,8569,498917,498937
3356,94,8569,498937,499031
3247,66,8570,499030,499096
2325,207,8571,499095,499302
4067,77,8571,499302,499379
6957,91,8571,499379,499470
7579,39,8571,499470,499509
7823,237,8571,499509,499746
8480,189,8571,499746,499935
8483,240,8571,499935,500175
8722,62,8571,500175,500237
4096,104,8572,500236,500340
7571,89,8572,500340,500429
9780,240,8572,500429,500669
1177,93,8573,500668,500761
5117,200,8573,500761,500961
7865,228,8573,500961,501189
9227,107,8573,501189,501296
1911,96,8574,501295,501391
2067,5,8574,501391,501396
2484,124,8574,501396,501520
4355,162,8574,501520,501682
4663,65,8574,501682,501747
5385,37,8574,501747,501784
9255,244,8574,501784,502028
9840,163,8574,502028,502191
1228,247,8575,502190,502437
1270,143,8575,502437,502580
1440,113,8575,502580,502693
2629,36,8575,502693,502729
5194,219,8575,502729,502948
5293,52,8575,502948,503000
1920,277,8576,502999,503276
1952,63,8576,503276,503339
4157,212,8576,503339,503551
4193,84,8576,503551,503635
5014,113,8576,503635,503748
5542,191,8576,503748,503939
6650,12,8576,503939,503951
8859,266,8576,503951,504217
1745,8,8577,504216,504224
1776,185,8577,504224,504409
5112,27,8577,504409,504436
6447,258,8577,504436,504694
6847,67,8577,504694,504761
6951,256,8577,504761,505017
7620,179,8577,505017,505196
2979,103,8578,505195,505298
3061,99,8578,505298,505397
7740,125,8578,505397,505522
7821,96,8578,505522,505618
1567,185,8579,505617,505802
5559,83,8579,505802,505885
5572,195,8579,505885,506080
6969,24,8579,506080,506104
7219,199,8579,506104,506303
7274,98,8579,506303,506401
7318,106,8579,506401,506507
8000,61,8579,506507,506568
8320,137,8579,506568,506705
8373,138,8579,506705,506843
8701,135,8579,506843,506978
9894,180,8579,506978,507158
1201,202,8580,507157,507359
1554,151,8580,507359,507510
2499,195,8580,507510,507705
4131,294,8580,507705,507999
7105,18,8580,507999,508017
8790,108,8580,508017,508125
2084,18,8581,508124,508142
4112,290,8581,508142,508432
4260,257,8581,508432,508689
4677,35,8581,508689,508724
5135,7,8581,508724,508731
8453,278,8582,508730,509008
1870,199,8583,509007,509206
2311,186,8583,509206,509392
3299,264,8583,509392,509656
5579,111,8583,509656,509767
6354,293,8583,509767,510060
7941,27,8583,510060,510087
8639,284,8583,510087,510371
9871,9,8583,510371,510380
1329,90,8584,510379,510469
2078,255,8584,510469,510724
2292,83,8584,510724,510807
6784,39,8584,510807,510846
7603,242,8584,510846,511088
8558,294,8584,511088,511382
2031,27,8585,511381,511408
2136,295,8585,511408,511703
7159,70,8585,511703,511773
9151,51,8585,511773,511824
9941,193,8585,511824,512017
3125,168,8586,512016,512184
4920,2,8586,512184,512186
8709,28,8586,512186,512214
2438,256,8587,512213,512469
3636,169,8587,512469,512638
3774,227,8587,512638,512865
8449,232,8587,512865,513097
1373,83,8588,513096,513179
1429,210,8588,513179,513389
2368,232,8588,513389,513621
2986,149,8589,513620,513769
4814,135,8589,513769,513904
7129,63,8589,513904,513967
7151,33,8589,513967,514000
9721,161,8589,514000,514161
2056,93,8590,514160,514253
4518,189,8590,514253,514442
7095,111,8590,514442,514553
7931,167,8590,514553,514720
1931,124,8591,514719,514843
2654,260,8591,514843,515103
3816,111,8591,515103,515214
8988,147,8591,515214,515361
9081,148,8591,515361,515509
2539,70,8592,515508,515578
4302,12,8592,515578,515590
6325,115,8592,515590,515705
8883,287,8592,515705,515992
2418,188,8593,515991,516179
5837,157,8593,516179,516336
6876,3,8593,516336,516339
7683,172,8593,516339,516511
3958,277,8594,516510,516787
5193,72,8594,516787,516859
6177,154,8594,516859,517013
1031,53,8595,517012,517065
3317,114,8595,517065,517179
5589,285,8595,517179,517464
6152,215,8595,517464,517679
9002,263,8595,517679,517942
9043,117,8595,517942,518059
1756,199,8596,518058,518257
4356,150,8596,518257,518407
4936,185,8596,518407,518592
9383,170,8596,518592,518762
3812,1,8597,518761,518762
4106,193,8597,518762,518955
4959,32,8597,518955,518987
1397,102,8598,518986,519088
7128,19,8598,519088,519107
8058,21,8598,519107,519128
8700,130,8598,519128,519258
3372,237,8599,519257,519494
5373,20,8599,519494,519514
5762,84,8599,519514,519598
8585,143,8599,519598,519741
1790,166,8600,519740,519906
7322,63,8600,519906,519969
8257,228,8600,519969,520197
8616,262,8600,520197,520459
9047,112,8600,520459,520571
9391,95,8600,520571,520666
9623,286,8600,520666,520952
1860,191,8601,520951,521142
5718,42,8601,521142,521184
6930,277,8601,521184,521461
7337,226,8601,521461,521687
9009,25,8601,521687,521712
9161,105,8601,521712,521817
1908,180,8602,521816,521996
3505,85,8602,521996,522081
3622,103,8602,522081,522184
3671,37,8602,522184,522221
4117,250,8602,522221,522471
8520,187,8602,522471,522658
8803,55,8602,522658,522713
9257,3,8602,522713,522716
3399,205,8603,522715,522920
3659,136,8603,522920,523056
1919,48,8604,523055,523103
8827,58,8604,523103,523161
1995,249,8605,523160,523409
4532,215,8605,523409,523624
1909,41,8606,523623,523664
4932,175,8606,523664,523839
7257,96,8606,523839,523935
8868,213,8606,523935,524148
9099,58,8606,524148,524206
9601,35,8606,524206,524241
9777,43,8606,524241,524284
9832,13,8606,524284,524297
1581,50,8607,524296,524346
1833,299,8607,524346,524645
6496,28,8607,524645,524673
6890,278,8607,524673,524951
7593,257,8607,524951,525208
9442,125,8607,525208,525333
3004,300,8608,525332,525632
7569,134,8608,525632,525766
9449,290,8608,525766,526056
9760,275,8608,526056,526331
1588,69,8609,526330,526399
2345,253,8609,526399,526652
2774,46,8609,526652,526698
2914,189,8609,526698,526887
3566,34,8609,526887,526921
7801,179,8609,526921,527100
8470,163,8609,527100,527263
9293,5,8609,527263,527268
4574,250,8610,527267,527517
6350,247,8610,527517,527764
7948,227,8610,527764,527991
8559,248,8610,527991,528239
9032,193,8610,528239,528432
2942,191,8611,528431,528622
5665,198,8611,528622,528820
6299,132,8611,528820,528952
8407,174,8611,528952,529126
8609,17,8611,529126,529143
2648,141,8612,529142,529283
2773,89,8612,529283,529372
7681,8,8612,529372,529380
8234,125,8612,529380,529505
4775,210,8613,529504,529714
9858,148,8613,529714,529862
1781,33,8614,529861,529894
4758,229,8614,529894,530123
7968,187,8614,530123,530310
2243,182,8615,530309,530491
3456,127,8615,530491,530618
5040,111,8615,530618,530729
6001,8,8615,530729,530737
1310,119,8616,530736,530855
5148,283,8616,530855,531138
5628,176,8616,531138,531314
6215,164,8616,531314,531478
7733,249,8616,531478,531727
8740,135,8616,531727,531862
9448,9,8616,531862,531871
3028,119,8617,531870,531989
3396,230,8617,531989,532219
4379,292,8617,532219,532511
4594,129,8617,532511,532640
1516,117,8618,532639,532756
1813,228,8618,532756,532984
2419,244,8618,532984,533228
3769,288,8618,533228,533516
4906,155,8618,533516,533671
4937,199,8618,533671,533870
5383,64,8618,533870,533934
5796,194,8618,533934,534128
1243,256,8619,534127,534383
9373,266,8619,534383,534649
4205,270,8620,534648,534918
5826,48,8620,534918,534966
7951,196,8620,534966,535162
8647,190,8620,535162,535352
1434,103,8621,535351,535454
1537,286,8621,535454,535740
1852,54,8621,535740,535794
1990,21,8621,535794,535815
3290,1,8621,535815,535816
3435,31,8621,535816,535847
3477,49,8621,535847,535896
3815,186,8621,535896,536082
5306,188,8621,536082,536270
6856,295,8621,536270,536565
7488,4,8621,536565,536569
9529,61,8621,536569,536630
3152,203,8622,536629,536832
3608,284,8622,536832,537116
4715,245,8622,537116,537361
6245,238,8622,537361,537599
2749,232,8623,537598,537830
4617,36,8623,537830,537866
4927,52,8623,537866,537918
5754,70,8623,537918,537988
9005,270,8623,537988,538258
1360,85,8624,538257,538342
1962,133,8624,538342,538475
3510,173,8624,538475,538648
7911,36,8624,538648,538684
8374,204,8624,538684,538888
8429,281,8624,538888,539169
9368,259,8624,539169,539428
2182,195,8625,539427,539622
3772,185,8625,539622,539807
9972,300,8625,539807,540107
4528,25,8626,540106,540131
6320,174,8626,540131,540305
6975,197,8626,540305,540502
7102,223,8626,540502,540725
8261,273,8626,540725,540998
8683,16,8626,540998,541014
3926,148,8627,541013,541161
4294,63,8627,541161,541224
6843,210,8627,541224,541434
7030,48,8627,541434,541482
2678,70,8628,541481,541551
5495,263,8628,541551,541814
5849,71,8628,541814,541885
7232,257,8628,541885,542142
7894,70,8628,542142,542212
8250,84,8628,542212,542296
8447,298,8628,542296,542594
3202,135,8629,542593,542728
6574,60,8629,542728,542788
6905,164,8629,542788,542952
9157,227,8629,542952,543179
2573,173,8630,543178,543351
6179,46,8630,543351,543397
7820,253,8630,543397,543650
8120,70,8630,543650,543720
8580,54,8630,543720,543774
1227,229,8631,543773,544002
1981,235,8631,544002,544237
3297,210,8631,544237,544447
3425,32,8631,544447,544479
3991,27,8631,544479,544506
4199,274,8631,544506,544780
5388,142,8631,544780,544922
5422,275,8631,544922,545197
1618,236,8632,545196,545432
1624,14,8632,545432,545446
8115,36,8632,545446,545482
2373,92,8633,545481,545573
3391,197,8633,545573,545770
3915,52,8633,545770,545822
7711,153,8633,545822,545975
8433,53,8633,545975,546028
9831,2,8633,546028,546030
3898,255,8634,546029,546284
4164,85,8634,546284,546369
5580,139,8634,546369,546508
7376,123,8634,546508,546631
7660,99,8634,546631,546730
8176,21,8634,546730,546751
2016,288,8635,546750,547038
5483,209,8635,547038,547247
8708,275,8635,547247,547522
1318,287,8636,547521,547808
1835,209,8636,547808,548017
3806,267,8636,548017,548284
4886,95,8636,548284,548379
7061,292,8636,548379,548671
9114,87,8636,548671,548758
2254,173,8637,548757,548930
2486,127,8637,548930,549057
2901,202,8637,549057,549259
3528,116,8637,549259,549375
3910,287,8637,549375,549662
7164,162,8637,549662,549824
7363,23,8637,549824,549847
8385,214,8637,549847,550061
8818,141,8637,550061,550202
9046,172,8637,550202,550374
9542,28,8637,550374,550402
1647,55,8638,550401,550456
3157,4,8639,550455,550459
8583,65,8639,550459,550524
3130,227,8640,550523,550750
4895,32,8640,550750,550782
9393,73,8640,550782,550855
3220,68,8641,550854,550922
4194,169,8641,550922,551091
6911,3,8641,551091,551094
8201,144,8641,551094,551238
8901,285,8641,551238,551523
9520,220,8641,551523,551743
1225,100,8642,551742,551842
1824,278,8642,551842,552120
4070,267,8642,552120,552387
5208,34,8642,552387,552421
8199,99,8642,552421,552520
5943,300,8643,552519,552819
8880,277,8643,552819,553096
6623,248,8644,553095,553343
7353,189,8644,553343,553532
7577,61,8644,553532,553593
1096,204,8645,553592,553796
4214,117,8645,553796,553913
6079,266,8645,553913,554179
2435,260,8646,554178,554438
3968,38,8646,554438,554476
9112,123,8646,554476,554599
1917,251,8647,554598,554849
3501,44,8647,554849,554893
4860,65,8647,554893,554958
5840,118,8647,554958,555076
7261,119,8647,555076,555195
3960,271,8648,555194,555465
5035,240,8648,555465,555705
6775,200,8648,555705,555905
2159,172,8649,555904,556076
5661,11,8649,556076,556087
7915,231,8649,556087,556318
8976,210,8649,556318,556528
1460,202,8650,556527,556729
1506,135,8650,556729,556864
3606,70,8650,556864,556934
4253,296,8650,556934,557230
6719,245,8650,557230,557475
8346,207,8650,557475,557682
4861,42,8651,557681,557723
5841,292,8652,557722,558014
6867,94,8652,558014,558108
7368,219,8652,558108,558327
8359,213,8652,558327,558540
8697,257,8652,558540,558797
1761,21,8653,558796,558817
4321,11,8653,558817,558828
5366,165,8653,558828,558993
5773,167,8653,558993,559160
1998,287,8654,559159,559446
9200,116,8654,559446,559562
6710,197,8655,559561,559758
6722,24,8655,559758,559782
8538,82,8655,559782,559864
9320,155,8655,559864,560019
1437,125,8656,560018,560143
5130,91,8656,560143,560234
5440,237,8656,560234,560471
5915,177,8656,560471,560648
8893,24,8656,560648,560672
1090,219,8657,560671,560890
1221,65,8657,560890,560955
7557,140,8657,560955,561095
1086,93,8658,561094,561187
2135,37,8658,561187,561224
3831,114,8658,561224,561338
3944,191,8658,561338,561529
5828,293,8658,561529,561822
1097,140,8659,561821,561961
5027,192,8659,561961,562153
8878,93,8659,562153,562246
2989,253,8660,562245,562498
3166,38,8660,562498,562536
5280,52,8660,562536,562588
5347,165,8660,562588,562753
6103,81,8660,562753,562834
6599,204,8660,562834,563038
6671,163,8660,563038,563201
7546,187,8660,563201,563388
7876,169,8660,563388,563557
8253,19,8660,563557,563576
1181,32,8661,563575,563607
1462,276,8661,563607,563883
3400,290,8661,563883,564173
3432,61,8661,564173,564234
5859,62,8661,564234,564296
7033,169,8661,564296,564465
9193,214,8661,564465,564679
2395,201,8662,564678,564879
4657,125,8662,564879,565004
8782,43,8662,565004,565047
9249,125,8662,565047,565172
9602,98,8662,565172,565270
1108,62,8663,565269,565331
2134,26,8663,565331,565357
5327,161,8663,565357,565518
8307,106,8663,565518,565624
9106,238,8663,565624,565862
5558,298,8664,565861,566159
1275,256,8665,566158,566414
4746,81,8665,566414,566495
6084,264,8665,566495,566759
6626,3,8665,566759,566762
7804,172,8665,566762,566934
7981,296,8665,566934,567230
1362,286,8666,567229,567515
3387,140,8666,567515,567655
3499,64,8666,567655,567719
3540,39,8666,567719,567758
5893,110,8666,567758,567868
9082,110,8666,567868,567978
1438,210,8667,567977,568187
2173,285,8667,568187,568472
5098,131,8667,568472,568603
6824,20,8667,568603,568623
7065,96,8667,568623,568719
7348,294,8667,568719,569013
8213,108,8667,569013,569121
8452,13,8667,569121,569134
9958,201,8667,569134,569335
1111,205,8668,569334,569539
1399,47,8668,569539,569586
3282,175,8668,569586,569761
7201,98,8668,569761,569859
2252,298,8669,569858,570156
3063,262,8669,570156,570418
3450,257,8669,570418,570675
4329,241,8669,570675,570916
6532,220,8669,570916,571136
9222,154,8669,571136,571290
2204,274,8670,571289,571563
5241,172,8670,571563,571735
5772,277,8670,571735,572012
8156,81,8670,572012,572093
1385,279,8671,572092,572371
6550,257,8671,572371,572628
7674,283,8671,572628,572911
8409,264,8671,572911,573175
1478,35,8672,573174,573209
2388,295,8672,573209,573504
3657,188,8672,573504,573692
5104,43,8672,573692,573735
5245,75,8672,573735,573810
8278,243,8672,573810,574053
1862,141,8673,574052,574193
2240,47,8673,574193,574240
7193,6,8673,574240,574246
8861,60,8673,574246,574306
2217,57,8674,574305,574362
8163,59,8674,574362,574421
9135,158,8674,574421,574579
6130,44,8675,574578,574622
7160,210,8675,574622,574832
8710,167,8675,574832,574999
9872,151,8675,574999,575150
3652,23,8676,575149,575172
7439,32,8676,575172,575204
8413,118,8676,575204,575322
9018,4,8676,575322,575326
9561,95,8676,575326,575421
1795,113,8677,575420,575533
3362,214,8677,575533,575747
4398,141,8677,575747,575888
6779,52,8677,575888,575940
8489,58,8677,575940,575998
9835,143,8677,575998,576141
1996,257,8678,576140,576397
4553,178,8678,576397,576575
4897,38,8678,576575,576613
6633,93,8678,576613,576706
9620,249,8678,576706,576955
4237,18,8679,576954,576972
7373,167,8679,576972,577139
9751,121,8679,577139,577260
2190,89,8680,577259,577348
3380,12,8680,577348,577360
5939,111,8680,577360,577471
8100,87,8680,577471,577558
2118,197,8681,577557,577754
1973,192,8682,577753,577945
2394,38,8682,577945,577983
5838,247,8682,577983,578230
1637,267,8683,578229,578496
2377,268,8683,578496,578764
4222,67,8683,578764,578831
5213,45,8683,578831,578876
1292,14,8684,578875,578889
3691,165,8684,578889,579054
6465,275,8684,579054,579329
6984,17,8684,579329,579346
2561,31,8685,579345,579376
2589,162,8685,579376,579538
5669,59,8686,579537,579596
5393,70,8687,579595,579665
4026,205,8688,579664,579869
6508,160,8688,579869,580029
7115,205,8688,580029,580234
9492,194,8688,580234,580428
9646,73,8688,580428,580501
2265,82,8689,580500,580582
3949,244,8689,580582,580826
5577,176,8689,580826,581002
9900,113,8689,581002,581115
3341,144,8690,581114,581258
3734,238,8690,581258,581496
5715,60,8691,581495,581555
6794,241,8691,581555,581796
8729,118,8691,581796,581914
9960,8,8691,581914,581922
5937,109,8692,581921,582030
6662,216,8692,582030,582246
6831,67,8692,582246,582313
8956,190,8692,582313,582503
9908,230,8692,582503,582733
1179,195,8693,582732,582927
1539,209,8693,582927,583136
1957,44,8693,583136,583180
3987,202,8693,583180,583382
3018,195,8694,583381,583576
3731,275,8694,583576,583851
4524,182,8694,583851,584033
5028,22,8694,584033,584055
6334,113,8694,584055,584168
1389,281,8695,584167,584448
2130,237,8695,584448,584685
3326,138,8695,584685,584823
4733,126,8695,584823,584949
5221,244,8695,584949,585193
5710,44,8695,585193,585237
1867,232,8696,585236,585468
3598,64,8696,585468,585532
3867,73,8696,585532,585605
4395,137,8696,585605,585742
5235,165,8696,585742,585907
7321,168,8696,585907,586075
9827,256,8696,586075,586331
3256,149,8697,586330,586479
4076,160,8697,586479,586639
9185,255,8697,586639,586894
1887,207,8698,586893,587100
2051,102,8698,587100,587202
2107,109,8698,587202,587311
4035,232,8698,587311,587543
5392,139,8698,587543,587682
6854,48,8698,587682,587730
7178,159,8698,587730,587889
9101,118,8698,587889,588007
9828,105,8698,588007,588112
3333,43,8699,588111,588154
3340,272,8699,588154,588426
4770,60,8699,588426,588486
9733,81,8699,588486,588567
1694,160,8700,588566,588726
1969,258,8700,588726,588984
2775,238,8700,588984,589222
4330,195,8700,589222,589417
5477,100,8700,589417,589517
5861,50,8700,589517,589567
7520,17,8700,589567,589584
8479,31,8700,589584,589615
8896,50,8702,589613,589663
1418,290,8703,589662,589952
1551,257,8703,589952,590209
1578,227,8703,590209,590436
1901,171,8703,590436,590607
8618,69,8703,590607,590676
3378,238,8704,590675,590913
5113,58,8704,590913,590971
6474,37,8704,590971,591008
8245,65,8704,591008,591073
8815,37,8704,591073,591110
5036,17,8705,591109,591126
5825,236,8705,591126,591362
9109,20,8705,591362,591382
1557,14,8706,591381,591395
2308,221,8706,591395,591616
4669,207,8706,591616,591823
6696,250,8706,591823,592073
1173,88,8707,592072,592160
1541,182,8707,592160,592342
2221,106,8707,592342,592448
2423,56,8707,592448,592504
3654,99,8707,592504,592603
3770,114,8707,592603,592717
6512,47,8707,592717,592764
8272,51,8707,592764,592815
1984,297,8708,592814,593111
2178,170,8708,593111,593281
2879,285,8708,593281,593566
3315,81,8708,593566,593647
4252,157,8708,593647,593804
5109,226,8708,593804,594030
8029,228,8708,594030,594258
3796,75,8709,594257,594332
4399,49,8709,594332,594381
5432,89,8709,594381,594470
5504,163,8709,594470,594633
7184,76,8709,594633,594709
7390,261,8709,594709,594970
8003,231,8709,594970,595201
8219,257,8709,595201,595458
8723,119,8709,595458,595577
8930,185,8709,595577,595762
9815,112,8709,595762,595874
3105,7,8710,595873,595880
3703,115,8710,595880,595995
5508,232,8710,595995,596227
7011,105,8710,596227,596332
8018,65,8710,596332,596397
8966,4,8710,596397,596401
9604,216,8710,596401,596617
1070,202,8711,596616,596818
1498,299,8712,596817,597116
3924,126,8712,597116,597242
3928,273,8712,597242,597515
5800,204,8712,597515,597719
1407,163,8714,597717,597880
2128,111,8714,597880,597991
2129,197,8714,597991,598188
6186,298,8714,598188,598486
6368,122,8714,598486,598608
8463,86,8714,598608,598694
4038,276,8715,598693,598969
4187,168,8715,598969,599137
4867,297,8715,599137,599434
5201,111,8715,599434,599545
6423,67,8715,599545,599612
7197,125,8715,599612,599737
2563,115,8716,599736,599851
2906,127,8716,599851,599978
3085,224,8716,599978,600202
5330,43,8716,600202,600245
6249,237,8716,600245,600482
1482,32,8717,600481,600513
3133,299,8717,600513,600812
3853,126,8717,600812,600938
5632,195,8717,600938,601133
7936,120,8717,601133,601253
7950,149,8718,601252,601401
8613,82,8718,601401,601483
6322,256,8719,601482,601738
3681,228,8720,601737,601965
5441,117,8720,601965,602082
5744,144,8720,602082,602226
7038,35,8720,602226,602261
7243,286,8720,602261,602547
5817,297,8721,602546,602843
6214,123,8721,602843,602966
6399,197,8721,602966,603163
6823,109,8721,603163,603272
3666,255,8722,603271,603526
4151,204,8722,603526,603730
5485,63,8722,603730,603793
5617,195,8722,603793,603988
6444,242,8722,603988,604230
9901,40,8722,604230,604270
2401,227,8723,604269,604496
5394,31,8723,604496,604527
7167,210,8723,604527,604737
8392,64,8724,604736,604800
1284,247,8725,604799,605046
1881,47,8725,605046,605093
2249,21,8725,605093,605114
2309,196,8725,605114,605310
6553,124,8725,605310,605434
7462,3,8725,605434,605437
9181,26,8725,605437,605463
9580,174,8725,605463,605637
6211,53,8726,605636,605689
2722,132,8727,605688,605820
3405,227,8727,605820,606047
4083,289,8727,606047,606336
4335,19,8727,606336,606355
4862,43,8727,606355,606398
1411,298,8728,606397,606695
2966,158,8728,606695,606853
8997,152,8728,606853,607005
2162,211,8729,607004,607215
1611,67,8730,607214,607281
1697,5,8730,607281,607286
3601,143,8730,607286,607429
4056,238,8730,607429,607667
6736,199,8730,607667,607866
9155,17,8730,607866,607883
1291,98,8731,607882,607980
1559,71,8731,607980,608051
1892,94,8731,608051,608145
4069,182,8731,608145,608327
3639,159,8732,608326,608485
4305,30,8732,608485,608515
5480,54,8732,608515,608569
6544,10,8732,608569,608579
7047,165,8732,608579,608744
7958,193,8732,608744,608937
8339,193,8732,608937,609130
8801,257,8732,609130,609387
1890,16,8733,609386,609402
2959,67,8733,609402,609469
3626,65,8733,609469,609534
6647,294,8733,609534,609828
7646,138,8733,609828,609966
8484,1,8733,609966,609967
1840,44,8734,609966,610010
2895,154,8734,610010,610164
2933,113,8734,610164,610277
4191,199,8734,610277,610476
4270,16,8734,610476,610492
6101,202,8734,610492,610694
7276,15,8734,610694,610709
2327,212,8735,610708,610920
3638,157,8735,610920,611077
3823,66,8735,611077,611143
4607,64,8735,611143,611207
5074,185,8735,611207,611392
5829,300,8735,611392,611692
5918,66,8735,611692,611758
1509,150,8736,611757,611907
1605,29,8736,611907,611936
1880,294,8736,611936,612230
3002,14,8736,612230,612244
7453,294,8736,612244,612538
8810,31,8736,612538,612569
9848,9,8736,612569,612578
3466,224,8737,612577,612801
5552,109,8737,612801,612910
8473,13,8737,612910,612923
8685,223,8737,612923,613146
1026,142,8738,613145,613287
1355,293,8738,613287,613580
4810,139,8738,613580,613719
5124,283,8738,613719,614002
7204,233,8738,614002,614235
8006,177,8738,614235,614412
8651,242,8738,614412,614654
9988,43,8738,614654,614697
4826,58,8739,614696,614754
5734,300,8739,614754,615054
7177,224,8739,615054,615278
7458,285,8739,615278,615563
7887,10,8739,615563,615573
8288,4,8739,615573,615577
9473,168,8739,615577,615745
9962,189,8739,615745,615934
1443,67,8740,615933,616000
3875,295,8740,616000,616295
4577,224,8740,616295,616519
4724,207,8740,616519,616726
4868,162,8740,616726,616888
8749,43,8740,616888,616931
9382,246,8740,616931,617177
1390,205,8741,617176,617381
1729,263,8741,617381,617644
2201,299,8741,617644,617943
3735,53,8741,617943,617996
5959,184,8741,617996,618180
2411,137,8742,618179,618316
5123,171,8742,618316,618487
6841,143,8742,618487,618630
1471,231,8743,618629,618860
1874,218,8743,618860,619078
3434,44,8743,619078,619122
5702,282,8743,619122,619404
5756,220,8743,619404,619624
6955,27,8743,619624,619651
7514,139,8743,619651,619790
2303,212,8744,619789,620001
2680,249,8744,620001,620250
4505,189,8744,620250,620439
5061,254,8744,620439,620693
5229,113,8744,620693,620806
6414,207,8744,620806,621013
6577,11,8744,621013,621024
9599,54,8744,621024,621078
3136,175,8745,621077,621252
3933,221,8745,621252,621473
4269,210,8745,621473,621683
7122,175,8745,621683,621858
8152,288,8745,621858,622146
8191,213,8745,622146,622359
8455,76,8746,622358,622434
1747,41,8747,622433,622474
2232,74,8747,622474,622548
5276,281,8747,622548,622829
9934,19,8747,622829,622848
4955,291,8748,622847,623138
6004,216,8748,623138,623354
6963,159,8748,623354,623513
2075,38,8749,623512,623550
2218,220,8749,623550,623770
3847,156,8749,623770,623926
4146,243,8749,623926,624169
5869,76,8749,624169,624245
2330,163,8750,624244,624407
2598,230,8750,624407,624637
3236,96,8750,624637,624733
3344,291,8750,624733,625024
7067,146,8750,625024,625170
8950,107,8750,625170,625277
9765,192,8750,625277,625469
1480,94,8751,625468,625562
6740,94,8751,625562,625656
7401,146,8751,625656,625802
3811,230,8752,625801,626031
6654,78,8752,626031,626109
9568,12,8752,626109,626121
1222,6,8753,626120,626126
4071,23,8753,626126,626149
5384,27,8753,626149,626176
8591,20,8753,626176,626196
2362,23,8754,626195,626218
2391,36,8754,626218,626254
3851,216,8754,626254,626470
4007,30,8754,626470,626500
4771,192,8754,626500,626692
5808,83,8754,626692,626775
6558,30,8754,626775,626805
1174,161,8755,626804,626965
2002,129,8755,626965,627094
4144,71,8755,627094,627165
4490,231,8755,627165,627396
7010,155,8755,627396,627551
7046,161,8755,627551,627712
1268,197,8756,627711,627908
2207,140,8756,627908,628048
3467,137,8756,628048,628185
5855,205,8756,628185,628390
1071,168,8757,628389,628557
4129,272,8757,628557,628829
5262,17,8758,628828,628845
7408,30,8758,628845,628875
9341,102,8758,628875,628977
1372,136,8759,628976,629112
4963,267,8759,629112,629379
7543,259,8759,629379,629638
7983,121,8759,629638,629759
9690,168,8759,629759,629927
1903,10,8760,629926,629936
2344,116,8760,629936,630052
2627,120,8760,630052,630172
3076,33,8760,630172,630205
3251,146,8760,630205,630351
4517,5,8760,630351,630356
5978,92,8760,630356,630448
2385,162,8761,630447,630609
2791,45,8761,630609,630654
6070,129,8761,630654,630783
7020,299,8761,630783,631082
7627,248,8761,631082,631330
8051,118,8761,631330,631448
8291,47,8761,631448,631495
8934,14,8761,631495,631509
3323,160,8762,631508,631668
3694,53,8762,631668,631721
7058,114,8762,631721,631835
7203,1,8762,631835,631836
6230,37,8763,631835,631872
7757,40,8763,631872,631912
5570,82,8764,631911,631993
6649,37,8764,631993,632030
7002,217,8764,632030,632247
7558,65,8764,632247,632312
9745,244,8764,632312,632556
3592,229,8765,632555,632784
6082,218,8765,632784,633002
8526,169,8765,633002,633171
9513,223,8765,633171,633394
1752,71,8766,633393,633464
2984,100,8766,633464,633564
3645,82,8766,633564,633646
3656,58,8766,633646,633704
4028,57,8766,633704,633761
7965,297,8766,633761,634058
3196,267,8767,634057,634324
4696,94,8767,634324,634418
5307,152,8767,634418,634570
7615,36,8767,634570,634606
7782,164,8767,634606,634770
7927,78,8767,634770,634848
8626,169,8767,634848,635017
9143,176,8767,635017,635193
2797,260,8768,635192,635452
7349,199,8768,635452,635651
1195,26,8769,635650,635676
1619,289,8769,635676,635965
1997,36,8769,635965,636001
3900,95,8769,636001,636096
5020,16,8769,636096,636112
5214,17,8769,636112,636129
5760,69,8769,636129,636198
8653,248,8769,636198,636446
1739,169,8770,636445,636614
6948,106,8770,636614,636720
1143,195,8771,636719,636914
1349,106,8771,636914,637020
1395,177,8771,637020,637197
2579,10,8771,637197,637207
2964,284,8771,637207,637491
4709,300,8771,637491,637791
6062,113,8771,637791,637904
7447,250,8771,637904,638154
8189,78,8771,638154,638232
9225,223,8771,638232,638455
1246,148,8772,638454,638602
5421,116,8772,638602,638718
5575,125,8772,638718,638843
7533,88,8772,638843,638931
8144,21,8772,638931,638952
2244,272,8773,638951,639223
3057,276,8773,639223,639499
9302,7,8773,639499,639506
1640,299,8774,639505,639804
1682,122,8774,639804,639926
2382,213,8774,639926,640139
2920,110,8774,640139,640249
3946,140,8775,640248,640388
9128,175,8775,640388,640563
9582,211,8775,640563,640774
6573,279,8776,640773,641052
9586,120,8776,641052,641172
1028,142,8777,641171,641313
3680,293,8777,641313,641606
3745,141,8777,641606,641747
4156,250,8777,641747,641997
4767,274,8777,641997,642271
6990,206,8777,642271,642477
4327,112,8778,642476,642588
5260,26,8778,642588,642614
6704,94,8778,642614,642708
8282,216,8778,642708,642924
8649,279,8778,642924,643203
2621,201,8779,643202,643403
6027,147,8779,643403,643550
6275,50,8779,643550,643600
1484,227,8780,643599,643826
1507,129,8780,643826,643955
1563,30,8780,643955,643985
4619,12,8780,643985,643997
9354,143,8780,643997,644140
1628,206,8781,644139,644345
3687,260,8781,644345,644605
6689,101,8781,644605,644706
7790,284,8781,644706,644990
9367,6,8781,644990,644996
2029,12,8782,644995,645007
2848,95,8782,645007,645102
5070,90,8782,645102,645192
5352,133,8782,645192,645325
8761,172,8782,645325,645497
5136,139,8783,645496,645635
7137,90,8783,645635,645725
9326,248,8783,645725,645973
4366,22,8784,645972,645994
5848,226,8784,645994,646220
6292,240,8784,646220,646460
7638,262,8784,646460,646722
7867,221,8784,646722,646943
9771,39,8784,646943,646982
9936,271,8784,646982,647253
3873,51,8785,647252,647303
7377,183,8785,647303,647486
8217,94,8785,647486,647580
8432,295,8785,647580,647875
2824,253,8786,647874,648127
3238,166,8786,648127,648293
3725,90,8786,648293,648383
4027,198,8786,648383,648581
5403,11,8786,648581,648592
5960,201,8786,648592,648793
7626,19,8786,648793,648812
8012,109,8786,648812,648921
1296,153,8787,648920,649073
3520,3,8787,649073,649076
8632,266,8787,649076,649342
9186,26,8787,649342,649368
3908,200,8788,649367,649567
3178,291,8789,649566,649857
3414,19,8789,649857,649876
7619,195,8789,649876,650071
9716,116,8789,650071,650187
4526,53,8790,650186,650239
4821,125,8790,650239,650364
6367,77,8791,650363,650440
6941,186,8791,650440,650626
7181,204,8791,650626,650830
7732,169,8791,650830,650999
8146,84,8791,650999,651083
4023,257,8792,651082,651339
4540,79,8792,651339,651418
8954,207,8792,651418,651625
9937,115,8792,651625,651740
2410,258,8793,651739,651997
4620,137,8793,651997,652134
4930,144,8793,652134,652278
5259,53,8793,652278,652331
7260,79,8793,652331,652410
7496,224,8793,652410,652634
3298,198,8794,652633,652831
3890,119,8794,652831,652950
1610,130,8795,652949,653079
2997,272,8795,653079,653351
1081,80,8796,653350,653430
1341,285,8796,653430,653715
3129,130,8796,653715,653845
4368,159,8796,653845,654004
7279,270,8796,654004,654274
8227,71,8796,654274,654345
8450,203,8796,654345,654548
8844,246,8796,654548,654794
1160,104,8797,654793,654897
2396,159,8797,654897,655056
5064,134,8797,655056,655190
1396,36,8798,655189,655225
3259,230,8798,655225,655455
3989,40,8798,655455,655495
9170,54,8798,655495,655549
9694,170,8798,655549,655719
2324,95,8799,655718,655813
3907,29,8799,655813,655842
4013,249,8799,655842,656091
4412,182,8799,656091,656273
9637,171,8799,656273,656444
9790,185,8799,656444,656629
5761,212,8800,656628,656840
6699,106,8801,656839,656945
8303,136,8801,656945,657081
8547,51,8801,657081,657132
6175,57,8802,657131,657188
7406,297,8802,657188,657485
7604,25,8802,657485,657510
7977,171,8802,657510,657681
8552,136,8802,657681,657817
9086,275,8802,657817,658092
9131,271,8802,658092,658363
9732,33,8802,658363,658396
6516,17,8803,658395,658412
7343,70,8803,658412,658482
1510,208,8804,658481,658689
2729,41,8804,658689,658730
3156,267,8804,658730,658997
5069,24,8804,658997,659021
6557,3,8804,659021,659024
1613,199,8805,659023,659222
2804,6,8805,659222,659228
4485,48,8805,659228,659276
4904,98,8805,659276,659374
6401,226,8805,659374,659600
9995,168,8805,659600,659768
6329,237,8806,659767,660004
8107,40,8806,660004,660044
9223,178,8806,660044,660222
9298,79,8806,660222,660301
2828,199,8807,660300,660499
3413,137,8807,660499,660636
4939,281,8807,660636,660917
5370,73,8807,660917,660990
6518,169,8807,660990,661159
6682,116,8807,661159,661275
6785,36,8807,661275,661311
8355,276,8807,661311,661587
9271,208,8807,661587,661795
1912,161,8808,661794,661955
4058,251,8808,661955,662206
4881,231,8808,662206,662437
5424,166,8808,662437,662603
6039,209,8808,662603,662812
6730,37,8808,662812,662849
7672,151,8808,662849,663000
7854,6,8808,663000,663006
9171,147,8808,663006,663153
9281,276,8808,663153,663429
3368,35,8809,663428,663463
4839,138,8809,663463,663601
6253,179,8809,663601,663780
8160,197,8809,663780,663977
1436,46,8810,663976,664022
1582,107,8810,664022,664129
1928,36,8810,664129,664165
1972,3,8810,664165,664168
2528,208,8810,664168,664376
2958,189,8810,664376,664565
4153,241,8810,664565,664806
4184,78,8810,664806,664884
5610,185,8810,664884,665069
5655,227,8810,665069,665296
8022,37,8810,665296,665333
8372,121,8810,665333,665454
9435,195,8810,665454,665649
3100,218,8811,665648,665866
5363,256,8811,665866,666122
6197,68,8811,666122,666190
7483,119,8811,666190,666309
9244,104,8811,666309,666413
9424,230,8811,666413,666643
9652,198,8811,666643,666841
2857,47,8812,666840,666887
3718,286,8812,666887,667173
5771,291,8812,667173,667464
8780,35,8812,667464,667499
9432,199,8812,667499,667698
5921,75,8813,667697,667772
9303,93,8813,667772,667865
9325,291,8813,667865,668156
2969,109,8814,668155,668264
4516,263,8814,668264,668527
6400,247,8814,668527,668774
1379,46,8815,668773,668819
3000,31,8815,668819,668850
3338,229,8815,668850,669079
4172,130,8815,669079,669209
7767,133,8815,669209,669342
8978,243,8815,669342,669585
1212,69,8816,669584,669653
4227,241,8816,669653,669894
5593,138,8816,669894,670032
6680,28,8816,670032,670060
8969,98,8816,670060,670158
8464,135,8817,670157,670292
8753,146,8817,670292,670438
1819,249,8818,670437,670686
6688,125,8818,670686,670811
6993,217,8818,670811,671028
8161,242,8818,671028,671270
8999,183,8818,671270,671453
9916,129,8818,671453,671582
1256,115,8819,671581,671696
6965,294,8819,671696,671990
8067,127,8819,671990,672117
1330,84,8820,672116,672200
1593,183,8820,672200,672383
1940,222,8820,672383,672605
6178,41,8820,672605,672646
8082,292,8820,672646,672938
8937,95,8820,672938,673033
1652,290,8821,673032,673322
5807,63,8821,673322,673385
7670,101,8821,673385,673486
8641,25,8821,673486,673511
8882,165,8821,673511,673676
8993,180,8821,673676,673856
1011,161,8822,673855,674016
2132,41,8822,674016,674057
3384,98,8822,674057,674155
6015,256,8822,674155,674411
9557,183,8822,674411,674594
9998,25,8822,674594,674619
1732,12,8823,674618,674630
2115,34,8823,674630,674664
2239,260,8823,674664,674924
6604,81,8823,674924,675005
1007,292,8824,675004,675296
1885,271,8824,675296,675567
4499,39,8824,675567,675606
4700,250,8824,675606,675856
5782,75,8824,675856,675931
5974,252,8824,675931,676183
7601,35,8824,676183,676218
3940,208,8825,676217,676425
4529,8,8825,676425,676433
5556,185,8825,676433,676618
7512,22,8825,676618,676640
7621,252,8825,676640,676892
8046,183,8825,676892,677075
2203,16,8826,677074,677090
2825,129,8826,677090,677219
3449,40,8826,677219,677259
3891,139,8826,677259,677398
4408,75,8826,677398,677473
6833,208,8826,677473,677681
8903,245,8826,677681,677926
1688,76,8827,677925,678001
4449,182,8827,678001,678183
8715,143,8827,678183,678326
5488,220,8828,678325,678545
2581,96,8829,678544,678640
4539,269,8829,678640,678909
6878,159,8829,678909,679068
9417,38,8829,679068,679106
9537,229,8829,679106,679335
2610,102,8830,679334,679436
6555,294,8830,679436,679730
7967,281,8830,679730,680011
8280,169,8830,680011,680180
9145,13,8830,680180,680193
2434,6,8831,680192,680198
4684,215,8831,680198,680413
5356,154,8831,680413,680567
5546,22,8831,680567,680589
6853,249,8831,680589,680838
7882,276,8831,680838,681114
8262,294,8831,681114,681408
5564,245,8832,681407,681652
6721,295,8832,681652,681947
7554,176,8832,681947,682123
7644,56,8832,682123,682179
2608,106,8833,682178,682284
2771,277,8833,682284,682561
1137,260,8834,682560,682820
1326,240,8834,682820,683060
2299,281,8834,683060,683341
2921,246,8834,683341,683587
3700,134,8834,683587,683721
4290,5,8834,683721,683726
4582,199,8834,683726,683925
7473,141,8834,683925,684066
3534,19,8835,684065,684084
5707,252,8835,684084,684336
7892,92,8835,684336,684428
9538,242,8835,684428,684670
9630,26,8835,684670,684696
2241,104,8836,684695,684799
4458,280,8836,684799,685079
5176,189,8836,685079,685268
6303,50,8836,685268,685318
4229,147,8837,685317,685464
4537,238,8837,685464,685702
6357,243,8837,685702,685945
6717,32,8837,685945,685977
1944,178,8838,685976,686154
3199,187,8838,686154,686341
3215,32,8838,686341,686373
3311,95,8838,686373,686468
4031,236,8838,686468,686704
4887,121,8838,686704,686825
6157,100,8838,686825,686925
7070,112,8838,686925,687037
7132,192,8838,687037,687229
8928,111,8838,687229,687340
9668,293,8838,687340,687633
1475,106,8839,687632,687738
6421,296,8839,687738,688034
7998,24,8839,688034,688058
9647,82,8839,688058,688140
9956,23,8839,688140,688163
5190,141,8840,688162,688303
5390,179,8841,688302,688481
5777,225,8841,688481,688706
7921,234,8841,688706,688940
2471,245,8842,688939,689184
6180,137,8842,689184,689321
7296,126,8842,689321,689447
3261,92,8843,689446,689538
3723,211,8843,689538,689749
7277,128,8843,689749,689877
8837,32,8843,689877,689909
3160,232,8844,689908,690140
5531,55,8844,690140,690195
6634,216,8844,690195,690411
7092,278,8844,690411,690689
7495,2,8844,690689,690691
9119,163,8844,690691,690854
1777,166,8845,690853,691019
2077,231,8845,691019,691250
4912,182,8845,691250,691432
6276,168,8845,691432,691600
6769,137,8845,691600,691737
7072,106,8845,691737,691843
7361,275,8845,691843,692118
5090,289,8846,692117,692406
7378,243,8846,692406,692649
8204,220,8846,692649,692869
1237,171,8847,692868,693039
2907,246,8847,693039,693285
5018,298,8847,693285,693583
6621,293,8847,693583,693876
7826,136,8847,693876,694012
8296,263,8847,694012,694275
9679,120,8847,694275,694395
1105,56,8848,694394,694450
4113,12,8848,694450,694462
4947,202,8848,694462,694664
7069,212,8848,694664,694876
8047,9,8848,694876,694885
8920,80,8848,694885,694965
8053,192,8849,694964,695156
8757,34,8849,695156,695190
9945,100,8849,695190,695290
4784,145,8850,695289,695434
5616,233,8850,695434,695667
8125,235,8850,695667,695902
9856,40,8850,695902,695942
4783,217,8851,695941,696158
7358,11,8851,696158,696169
8002,288,8851,696169,696457
1217,78,8852,696456,696534
3161,28,8852,696534,696562
3972,222,8852,696562,696784
4139,59,8852,696784,696843
5536,200,8852,696843,697043
3525,157,8853,697042,697199
8496,46,8853,697199,697245
1600,15,8854,697244,697259
2900,296,8854,697259,697555
4043,11,8854,697555,697566
5369,275,8854,697566,697841
6309,206,8854,697841,698047
7196,300,8854,698047,698347
9768,297,8854,698347,698644
1623,50,8855,698643,698693
2010,27,8855,698693,698720
2310,164,8855,698720,698884
9808,53,8855,698884,698937
9955,120,8855,698937,699057
2916,47,8856,699056,699103
5794,76,8856,699103,699179
2472,102,8857,699178,699280
2779,286,8857,699280,699566
4118,168,8857,699566,699734
6278,218,8857,699734,699952
6288,53,8857,699952,700005
9292,66,8857,700005,700071
1091,41,8858,700070,700111
2489,243,8858,700111,700354
2844,64,8858,700354,700418
2957,31,8858,700418,700449
5094,112,8858,700449,700561
8246,234,8858,700561,700795
3792,285,8859,700794,701079
5446,81,8859,701079,701160
6735,232,8859,701160,701392
6754,188,8859,701392,701580
7460,132,8859,701580,701712
8794,77,8859,701712,701789
6567,163,8860,701788,701951
8233,299,8860,701951,702250
1617,50,8861,702249,702299
3051,29,8861,702299,702328
5277,278,8861,702328,702606
8094,86,8861,702606,702692
1532,167,8862,702691,702858
6263,54,8862,702858,702912
8185,260,8862,702912,703172
3642,11,8863,703171,703182
3668,203,8863,703182,703385
7555,150,8863,703385,703535
7975,266,8863,703535,703801
9369,58,8863,703801,703859
2289,239,8864,703858,704097
4739,270,8864,704097,704367
7076,13,8864,704367,704380
7200,53,8864,704380,704433
8439,203,8864,704433,704636
9315,79,8864,704636,704715
6189,291,8865,704714,705005
7073,78,8865,705005,705083
7591,18,8865,705083,705101
7969,100,8865,705101,705201
9461,186,8865,705201,705387
2194,71,8866,705386,705457
8576,109,8866,705457,705566
1263,23,8867,705565,705588
1809,10,8867,705588,705598
2302,245,8867,705598,705843
3173,166,8867,705843,706009
4325,100,8867,706009,706109
5046,177,8867,706109,706286
1351,7,8868,706285,706292
2293,196,8868,706292,706488
2690,211,8868,706488,706699
3976,55,8868,706699,706754
6962,78,8868,706754,706832
2789,256,8869,706831,707087
5003,288,8869,707087,707375
7485,179,8869,707375,707554
8110,219,8869,707554,707773
4020,90,8870,707772,707862
4307,193,8870,707862,708055
5016,52,8870,708055,708107
6415,46,8870,708107,708153
9146,49,8870,708153,708202
1152,42,8871,708201,708243
3551,47,8871,708243,708290
4466,97,8871,708290,708387
5050,54,8871,708387,708441
6982,153,8871,708441,708594
8751,258,8871,708594,708852
9402,105,8872,708851,708956
5608,204,8873,708955,709159
7538,37,8873,709159,709196
1333,11,8874,709195,709206
1336,199,8874,709206,709405
3064,190,8874,709405,709595
5434,243,8874,709595,709838
7179,268,8874,709838,710106
6370,122,8875,710105,710227
2085,41,8876,710226,710267
4072,29,8876,710267,710296
6257,81,8876,710296,710377
7108,160,8876,710377,710537
8873,91,8876,710537,710628
9796,144,8876,710628,710772
1691,10,8877,710771,710781
3472,2,8877,710781,710783
4216,112,8877,710783,710895
5843,107,8877,710895,711002
2214,273,8878,711001,711274
2458,4,8878,711274,711278
3526,288,8878,711278,711566
3901,32,8878,711566,711598
5548,125,8878,711598,711723
7189,246,8878,711723,711969
7632,32,8878,711969,712001
9717,274,8878,712001,712275
2151,34,8879,712274,712308
3509,96,8879,712308,712404
4546,4,8879,712404,712408
8394,153,8879,712408,712561
9482,220,8879,712561,712781
9942,200,8879,712781,712981
5530,283,8880,712980,713263
8145,234,8880,713263,713497
8787,191,8880,713497,713688
9240,147,8880,713688,713835
1192,288,8881,713834,714122
1634,202,8881,714122,714324
4263,23,8881,714324,714347
5463,132,8881,714347,714479
5866,148,8881,714479,714627
7118,95,8881,714627,714722
7883,252,8881,714722,714974
9100,182,8881,714974,715156
2133,37,8882,715155,715192
2508,126,8882,715192,715318
2796,14,8882,715318,715332
9130,224,8882,715332,715556
1369,189,8883,715555,715744
2831,125,8883,715744,715869
3113,81,8883,715869,715950
3885,207,8883,715950,716157
8952,243,8883,716157,716400
9781,265,8883,716400,716665
9882,247,8883,716665,716912
2533,87,8884,716911,716998
2948,256,8884,716998,717254
5615,244,8884,717254,717498
5719,43,8884,717498,717541
8550,97,8884,717541,717638
2317,283,8885,717637,717920
2682,276,8885,717920,718196
5122,28,8885,718196,718224
3514,214,8886,718223,718437
3732,87,8886,718437,718524
4760,46,8886,718524,718570
6679,28,8886,718570,718598
1983,273,8887,718597,718870
2466,53,8887,718870,718923
2495,30,8887,718923,718953
4000,38,8887,718953,718991
5231,177,8887,718991,719168
5845,4,8887,719168,719172
6480,31,8887,719172,719203
7440,19,8887,719203,719222
7610,175,8887,719222,719397
1925,166,8888,719396,719562
2224,33,8888,719562,719595
4009,79,8888,719595,719674
4996,102,8888,719674,719776
5402,271,8888,719776,720047
6799,220,8888,720047,720267
2048,41,8889,720266,720307
7312,103,8889,720307,720410
9037,154,8889,720410,720564
6475,187,8890,720563,720750
5047,189,8891,720749,720938
5973,245,8891,720938,721183
7761,246,8891,721183,721429
8461,95,8891,721429,721524
3518,2,8892,721523,721525
4397,136,8892,721525,721661
5273,273,8892,721661,721934
1960,91,8893,721933,722024
4640,182,8893,722024,722206
5177,207,8893,722206,722413
2839,244,8894,722412,722656
6316,60,8894,722656,722716
6980,261,8894,722716,722977
9755,200,8894,722977,723177
1754,21,8895,723176,723197
1907,126,8895,723197,723323
3921,209,8895,723323,723532
7806,140,8895,723532,723672
1392,287,8896,723671,723958
3967,274,8896,723958,724232
4555,286,8896,724232,724518
4636,285,8896,724518,724803
5139,4,8896,724803,724807
7997,18,8896,724807,724825
8551,297,8896,724825,725122
4387,165,8897,725121,725286
6875,161,8897,725286,725447
9142,243,8897,725447,725690
2112,252,8898,725689,725941
3246,241,8898,725941,726182
9006,59,8898,726182,726241
9642,161,8898,726241,726402
1075,88,8899,726401,726489
1327,286,8899,726489,726775
3647,87,8899,726775,726862
5876,129,8899,726862,726991
8026,187,8899,726991,727178
8682,28,8899,727178,727206
9136,300,8899,727206,727506
9156,155,8899,727506,727661
9514,43,8899,727661,727704
9845,79,8899,727704,727783
2154,129,8900,727782,727911
2301,104,8900,727911,728015
2450,283,8901,728014,728297
2955,208,8901,728297,728505
3919,103,8901,728505,728608
5528,131,8901,728608,728739
8356,281,8901,728739,729020
1350,259,8902,729019,729278
1712,108,8902,729278,729386
3716,186,8902,729386,729572
5005,87,8902,729572,729659
5042,47,8902,729659,729706
7240,6,8902,729706,729712
7842,292,8902,729712,730004
8369,20,8902,730004,730024
8594,30,8902,730024,730054
1591,125,8903,730053,730178
2790,22,8903,730178,730200
4804,16,8903,730200,730216
6802,25,8903,730216,730241
5360,96,8904,730240,730336
8028,124,8904,730336,730460
9180,259,8904,730460,730719
9747,297,8904,730719,731016
1452,37,8905,731015,731052
2247,283,8905,731052,731335
6686,18,8905,731335,731353
6766,14,8905,731353,731367
6881,42,8905,731367,731409
6971,213,8905,731409,731622
9501,257,8905,731622,731879
2122,126,8906,731878,732004
3488,242,8906,732004,732246
3493,186,8906,732246,732432
3624,265,8906,732432,732697
6811,88,8906,732697,732785
7141,123,8906,732785,732908
9233,254,8906,732908,733162
9413,231,8906,733162,733393
9853,173,8906,733393,733566
5738,209,8907,733565,733774
7578,253,8907,733774,734027
9971,48,8907,734027,734075
1927,122,8908,734074,734196
2562,228,8908,734196,734424
3198,138,8908,734424,734562
3287,39,8908,734562,734601
3458,127,8908,734601,734728
6701,156,8908,734728,734884
9052,1,8908,734884,734885
1346,169,8909,734884,735053
2716,79,8909,735053,735132
4552,291,8909,735132,735423
4670,219,8909,735423,735642
1251,184,8910,735641,735825
2390,213,8910,735825,736038
3273,72,8910,736038,736110
3793,91,8910,736110,736201
3829,212,8910,736201,736413
6384,18,8910,736413,736431
6585,201,8910,736431,736632
8741,179,8910,736632,736811
7491,124,8911,736810,736934
8546,222,8911,736934,737156
8660,113,8911,737156,737269
9964,5,8911,737269,737274
1704,183,8912,737273,737456
5387,244,8912,737456,737700
4390,232,8913,737699,737931
5265,202,8913,737931,738133
9994,180,8913,738133,738313
2053,31,8914,738312,738343
4203,285,8914,738343,738628
9495,117,8914,738628,738745
1525,165,8915,738744,738909
4034,216,8915,738909,739125
4086,18,8915,739125,739143
4275,30,8915,739143,739173
4527,65,8915,739173,739238
4718,220,8915,739238,739458
6074,39,8915,739458,739497
8154,126,8915,739497,739623
1938,97,8916,739622,739719
3902,127,8916,739719,739846
5775,108,8916,739846,739954
6272,52,8916,739954,740006
6842,155,8916,740006,740161
8114,83,8916,740161,740244
8758,143,8916,740244,740387
8775,218,8916,740387,740605
9380,109,8916,740605,740714
9515,215,8916,740714,740929
9970,249,8916,740929,741178
1948,203,8917,741177,741380
3139,87,8917,741380,741467
3764,205,8917,741467,741672
3984,246,8917,741672,741918
4487,92,8917,741918,742010
8383,296,8917,742010,742306
1493,82,8918,742305,742387
1540,156,8918,742387,742543
4807,195,8918,742543,742738
5210,14,8918,742738,742752
6119,1,8918,742752,742753
3664,108,8919,742752,742860
3838,39,8919,742860,742899
6113,163,8919,742899,743062
8260,27,8919,743062,743089
1260,239,8920,743088,743327
5295,45,8920,743327,743372
5906,21,8920,743372,743393
7624,248,8920,743393,743641
8382,34,8920,743641,743675
9412,252,8920,743675,743927
9556,284,8920,743927,744211
1555,93,8921,744210,744303
1936,55,8921,744303,744358
2676,101,8921,744358,744459
3044,44,8921,744459,744503
3693,217,8921,744503,744720
4498,242,8921,744720,744962
4975,64,8921,744962,745026
3422,44,8922,745025,745069
8689,195,8922,745069,745264
2568,47,8923,745263,745310
3278,113,8923,745310,745423
5970,192,8923,745423,745615
7970,284,8923,745615,745899
8945,257,8923,745899,746156
3521,51,8924,746155,746206
4074,79,8924,746206,746285
6163,85,8924,746285,746370
1633,184,8925,746369,746553
5910,257,8925,746553,746810
5930,167,8925,746810,746977
7230,239,8925,746977,747216
8459,264,8925,747216,747480
8691,162,8925,747480,747642
9593,221,8925,747642,747863
9648,128,8925,747863,747991
9938,194,8925,747991,748185
9992,23,8925,748185,748208
2577,111,8926,748207,748318
4766,220,8926,748318,748538
7779,31,8926,748538,748569
4204,44,8927,748568,748612
6080,89,8927,748612,748701
3945,34,8928,748700,748734
6209,62,8928,748734,748796
7168,15,8928,748796,748811
1353,254,8929,748810,749064
2381,279,8929,749064,749343
4623,8,8929,749343,749351
6632,198,8929,749351,749549
8940,84,8929,749549,749633
9427,55,8929,749633,749688
1999,57,8930,749687,749744
5054,269,8930,749744,750013
9541,77,8930,750013,750090
3138,288,8931,750089,750377
7314,193,8931,750377,750570
2049,9,8932,750569,750578
4242,221,8932,750578,750799
4438,228,8932,750799,751027
5379,88,8932,751027,751115
6102,253,8932,751115,751368
6342,298,8932,751368,751666
7576,218,8932,751666,751884
9334,233,8932,751884,752117
2004,228,8933,752116,752344
2805,181,8933,752344,752525
8582,253,8933,752525,752778
9846,79,8933,752778,752857
2258,139,8934,752856,752995
7770,150,8934,752995,753145
9251,216,8934,753145,753361
1047,258,8935,753360,753618
5216,135,8935,753618,753753
7497,8,8935,753753,753761
1206,158,8936,753760,753918
1965,266,8936,753918,754184
2812,2,8936,754184,754186
7995,164,8936,754186,754350
8840,235,8936,754350,754585
9134,277,8936,754585,754862
1202,222,8937,754861,755083
1504,25,8937,755083,755108
4840,173,8937,755108,755281
5057,172,8937,755281,755453
5886,112,8937,755453,755565
3248,114,8938,755564,755678
4506,76,8938,755678,755754
6051,130,8938,755754,755884
4079,208,8940,755882,756090
4795,279,8940,756090,756369
7183,36,8940,756369,756405
8752,89,8940,756405,756494
1900,283,8941,756493,756776
4054,214,8941,756776,756990
6428,175,8941,756990,757165
6611,139,8941,757165,757304
9736,29,8941,757304,757333
2915,104,8942,757332,757436
3095,149,8942,757436,757585
7766,284,8942,757585,757869
9014,196,8942,757869,758065
9210,32,8942,758065,758097
2140,127,8943,758096,758223
2646,274,8943,758223,758497
3024,222,8943,758497,758719
4337,243,8943,758719,758962
6107,52,8943,758962,759014
6515,132,8943,759014,759146
7598,247,8943,759146,759393
8086,15,8943,759393,759408
8814,196,8943,759408,759604
1151,297,8944,759603,759900
1596,130,8944,759900,760030
4400,17,8944,760030,760047
5271,250,8944,760047,760297
5666,240,8944,760297,760537
7808,283,8944,760537,760820
7878,280,8944,760820,761100
9783,168,8944,761100,761268
1404,200,8945,761267,761467
5249,222,8945,761467,761689
5625,54,8945,761689,761743
5758,198,8945,761743,761941
5258,259,8946,761940,762199
6171,247,8946,762199,762446
6427,133,8946,762446,762579
6514,3,8946,762579,762582
8842,121,8946,762582,762703
3150,295,8947,762702,762997
6742,198,8947,762997,763195
2572,137,8948,763194,763331
4372,48,8948,763331,763379
6142,263,8948,763379,763642
4977,231,8949,763641,763872
6513,246,8949,763872,764118
6872,59,8949,764118,764177
7055,17,8949,764177,764194
7162,294,8949,764194,764488
8134,89,8949,764488,764577
1215,40,8950,764576,764616
2512,242,8950,764616,764858
4962,96,8950,764858,764954
4979,163,8950,764954,765117
7985,249,8950,765117,765366
8387,249,8950,765366,765615
1646,263,8951,765614,765877
3676,287,8951,765877,766164
4360,293,8951,766164,766457
5582,66,8951,766457,766523
6135,143,8951,766523,766666
3966,99,8952,766665,766764
4782,285,8952,766764,767049
8348,33,8952,767049,767082
1500,240,8953,767081,767321
3557,63,8953,767321,767384
4240,223,8953,767384,767607
5549,102,8953,767607,767709
6935,164,8953,767709,767873
7722,72,8953,767873,767945
7971,118,8953,767945,768063
9304,109,8953,768063,768172
1782,32,8954,768171,768203
2146,249,8954,768203,768452
2269,214,8954,768452,768666
6106,46,8954,768666,768712
6181,14,8954,768712,768726
6882,238,8954,768726,768964
9761,230,8954,768964,769194
2865,89,8955,769193,769282
3495,51,8955,769282,769333
3712,24,8955,769333,769357
4095,51,8955,769357,769408
4391,140,8955,769408,769548
5365,121,8955,769548,769669
6314,256,8955,769669,769925
7394,29,8955,769925,769954
1956,32,8956,769953,769985
3737,72,8956,769985,770057
3430,172,8957,770056,770228
5785,50,8957,770228,770278
6375,242,8957,770278,770520
7053,191,8957,770520,770711
8004,157,8957,770711,770868
2665,41,8958,770867,770908
3115,149,8958,770908,771057
4737,208,8958,771057,771265
6133,254,8958,771265,771519
7354,116,8958,771519,771635
1039,112,8959,771634,771746
1187,205,8959,771746,771951
2662,131,8959,771951,772082
6832,113,8959,772082,772195
8624,296,8959,772195,772491
1015,185,8960,772490,772675
3749,46,8960,772675,772721
3561,134,8961,772720,772854
8033,85,8961,772854,772939
9752,91,8961,772939,773030
9124,90,8962,773029,773119
1074,100,8963,773118,773218
1811,253,8963,773218,773471
2961,255,8963,773471,773726
3794,21,8963,773726,773747
4675,251,8963,773747,773998
5021,19,8963,773998,774017
8968,256,8963,774017,774273
1388,158,8964,774272,774430
2062,160,8964,774430,774590
3036,174,8964,774590,774764
3357,229,8964,774764,774993
5711,240,8964,774993,775233
7057,1,8964,775233,775234
2602,55,8965,775233,775288
3929,151,8965,775288,775439
4972,231,8965,775439,775670
5255,32,8965,775670,775702
5511,48,8965,775702,775750
8298,135,8965,775750,775885
8406,47,8965,775885,775932
1371,204,8966,775931,776135
2150,274,8966,776135,776409
2821,92,8966,776409,776501
4373,78,8966,776501,776579
4971,70,8966,776579,776649
7239,223,8966,776649,776872
1490,166,8967,776871,777037
2467,34,8968,777036,777070
4614,179,8968,777070,777249
7827,15,8968,777249,777264
1282,156,8969,777263,777419
2913,161,8969,777419,777580
6792,66,8969,777580,777646
3895,2,8970,777645,777647
4140,144,8970,777647,777791
4751,47,8970,777791,777838
5234,3,8970,777838,777841
5395,28,8970,777841,777869
9168,30,8970,777869,777899
1305,218,8971,777898,778116
1857,218,8971,778116,778334
3596,174,8971,778334,778508
4456,223,8971,778508,778731
5917,76,8971,778731,778807
6057,192,8971,778807,778999
9806,154,8971,778999,779153
1530,160,8972,779152,779312
4318,250,8972,779312,779562
4604,243,8972,779562,779805
6453,203,8972,779805,780008
7344,18,8972,780008,780026
1855,152,8973,780025,780177
2005,39,8973,780177,780216
2626,65,8973,780216,780281
3016,288,8973,780281,780569
4776,34,8973,780569,780603
9023,65,8973,780603,780668
1821,80,8974,780667,780747
2093,174,8974,780747,780921
4453,295,8974,780921,781216
7506,295,8974,781216,781511
9165,280,8974,781511,781791
2013,11,8975,781790,781801
4050,128,8975,781801,781929
4417,210,8975,781929,782139
5574,231,8975,782139,782370
5667,149,8975,782370,782519
6176,214,8975,782519,782733
6242,150,8975,782733,782883
7564,48,8975,782883,782931
8203,244,8975,782931,783175
1572,39,8976,783174,783213
2521,113,8976,783213,783326
2849,235,8976,783326,783561
4036,157,8976,783561,783718
8327,171,8976,783718,783889
3689,277,8977,783888,784165
3825,292,8977,784165,784457
5091,283,8977,784457,784740
6035,68,8977,784740,784808
6900,157,8977,784808,784965
6036,55,8978,784964,785019
7045,289,8978,785019,785308
2943,125,8979,785307,785432
6765,119,8979,785432,785551
7508,288,8979,785551,785839
9471,166,8979,785839,786005
1934,121,8980,786004,786125
3239,123,8980,786125,786248
3787,61,8980,786248,786309
5196,85,8980,786309,786394
2139,232,8981,786393,786625
2981,93,8981,786625,786718
3376,165,8981,786718,786883
4427,247,8981,786883,787130
6768,203,8981,787130,787333
8606,283,8981,787333,787616
3930,90,8982,787615,787705
4486,183,8982,787705,787888
7025,282,8982,787888,788170
8845,161,8982,788170,788331
1391,125,8983,788330,788455
8005,197,8983,788455,788652
9076,96,8983,788652,788748
9253,132,8983,788748,788880
1386,151,8984,788879,789030
2248,211,8984,789030,789241
2734,155,8984,789241,789396
3677,277,8984,789396,789673
5013,177,8984,789673,789850
9056,27,8984,789850,789877
2518,1,8985,789876,789877
3789,299,8985,789877,790176
8633,234,8986,790175,790409
8876,269,8986,790409,790678
2380,37,8987,790677,790714
5673,170,8987,790714,790884
8069,70,8987,790884,790954
2231,20,8988,790953,790973
2480,205,8988,790973,791178
2856,299,8988,791178,791477
3077,116,8988,791477,791593
3101,131,8988,791593,791724
4138,7,8988,791724,791731
6897,180,8988,791731,791911
8471,285,8988,791911,792196
8944,80,8988,792196,792276
1338,245,8989,792275,792520
5386,220,8989,792520,792740
6443,95,8989,792740,792835
6659,276,8989,792835,793111
6140,54,8990,793110,793164
6540,79,8990,793164,793243
7125,127,8990,793243,793370
8249,293,8990,793370,793663
3109,165,8991,793662,793827
3617,88,8991,793827,793915
9665,137,8991,793915,794052
2609,79,8992,794051,794130
5697,281,8992,794130,794411
4728,151,8993,794410,794561
6584,298,8993,794561,794859
7860,108,8993,794859,794967
7944,181,8993,794967,795148
2322,158,8995,795146,795304
2361,29,8995,795304,795333
4460,75,8995,795333,795408
6724,63,8995,795408,795471
1689,134,8996,795470,795604
3807,263,8996,795604,795867
5119,181,8996,795867,796048
9332,278,8996,796048,796326
1945,232,8997,796325,796557
3913,36,8997,796557,796593
4347,278,8997,796593,796871
4915,57,8997,796871,796928
7051,99,8997,796928,797027
9019,47,8997,797027,797074
2992,149,8998,797073,797222
3529,127,8998,797222,797349
4310,16,8998,797349,797365
8540,22,8998,797365,797387
3144,244,8999,797386,797630
3195,68,8999,797630,797698
4132,46,8999,797698,797744
5786,202,8999,797744,797946
6628,283,8999,797946,798229
1883,236,9000,798228,798464
3582,27,9000,798464,798491
4740,84,9000,798491,798575
7247,106,9000,798575,798681
7326,225,9000,798681,798906
9704,159,9000,798906,799065
4224,144,9001,799064,799208
5493,230,9001,799208,799438
8425,207,9001,799438,799645
1604,233,9002,799644,799877
2485,234,9002,799877,800111
3184,40,9002,800111,800151
3218,127,9002,800151,800278
3650,111,9002,800278,800389
3798,125,9002,800389,800514
7903,162,9002,800514,800676
9805,182,9002,800676,800858
3423,126,9003,800857,800983
8128,235,9003,800983,801218
2174,300,9004,801217,801517
3313,129,9004,801517,801646
6976,247,9004,801646,801893
7717,30,9004,801893,801923
1299,134,9005,801922,802056
2617,145,9005,802056,802201
2672,160,9005,802201,802361
2881,290,9005,802361,802651
3482,73,9005,802651,802724
5087,151,9005,802724,802875
7964,164,9005,802875,803039
8693,183,9005,803039,803222
5010,187,9006,803221,803408
5202,83,9007,803407,803490
6416,66,9007,803490,803556
7759,126,9007,803556,803682
8655,140,9007,803682,803822
1134,293,9008,803821,804114
4271,277,9008,804114,804391
4611,268,9008,804391,804659
5002,192,9008,804659,804851
5801,247,9008,804851,805098
7834,235,9008,805098,805333
1314,236,9009,805332,805568
1564,290,9009,805568,805858
3147,29,9009,805858,805887
4122,227,9009,805887,806114
5987,43,9010,806113,806156
6069,159,9010,806156,806315
2379,73,9011,806314,806387
2400,97,9011,806387,806484
2541,60,9011,806484,806544
5690,72,9011,806544,806616
7881,195,9011,806616,806811
8673,121,9011,806811,806932
5133,118,9012,806931,807049
6403,119,9012,807049,807168
1933,160,9013,807167,807327
2126,142,9013,807327,807469
4822,96,9013,807469,807565
6687,112,9013,807565,807677
6839,129,9013,807677,807806
7526,81,9013,807806,807887
8225,281,9013,807887,808168
9362,278,9013,808168,808446
9680,20,9013,808446,808466
1463,52,9014,808465,808517
6631,274,9014,808517,808791
6973,65,9014,808791,808856
8248,249,9014,808856,809105
4647,65,9015,809104,809169
6237,162,9015,809169,809331
8285,215,9015,809331,809546
2643,125,9016,809545,809670
4749,252,9016,809670,809922
7018,229,9016,809922,810151
8900,49,9016,810151,810200
1930,221,9017,810199,810420
2745,216,9017,810420,810636
4601,84,9017,810636,810720
6987,136,9017,810720,810856
7541,72,9017,810856,810928
8122,54,9017,810928,810982
8137,150,9017,810982,811132
1815,111,9018,811131,811242
4200,55,9018,811242,811297
8974,47,9018,811297,811344
3037,285,9019,811343,811628
5481,212,9019,811628,811840
5965,99,9019,811840,811939
7194,207,9019,811939,812146
1315,15,9020,812145,812160
2829,128,9020,812160,812288
7161,24,9020,812288,812312
8389,181,9020,812312,812493
8414,94,9020,812493,812587
1717,235,9021,812586,812821
1792,56,9021,812821,812877
2564,158,9021,812877,813035
8079,233,9021,813035,813268
5298,81,9022,813267,813348
6378,126,9022,813348,813474
8062,212,9022,813474,813686
8316,35,9022,813686,813721
9045,73,9022,813721,813794
9499,222,9022,813794,814016
1416,236,9023,814015,814251
4954,44,9023,814251,814295
5304,206,9023,814295,814501
5309,24,9023,814501,814525
5540,233,9023,814525,814758
9060,10,9023,814758,814768
2403,31,9024,814767,814798
2550,22,9024,814798,814820
4931,155,9024,814820,814975
5835,39,9024,814975,815014
5981,142,9024,815014,815156
6460,215,9024,815156,815371
7668,73,9024,815371,815444
1424,282,9025,815443,815725
4392,271,9025,815725,815996
6238,43,9025,815996,816039
7957,48,9025,816039,816087
8111,171,9025,816087,816258
8638,179,9025,816258,816437
9569,55,9025,816437,816492
9912,290,9025,816492,816782
9913,162,9025,816782,816944
5751,271,9026,816943,817214
6664,72,9026,817214,817286
7917,26,9026,817286,817312
1110,149,9027,817311,817460
1423,205,9027,817460,817665
8549,253,9027,817665,817918
8929,282,9027,817918,818200
9437,238,9027,818200,818438
2478,175,9028,818437,818612
3527,245,9028,818612,818857
8562,3,9028,818857,818860
8678,108,9028,818860,818968
8718,285,9028,818968,819253
9065,134,9028,819253,819387
9183,47,9028,819387,819434
4051,223,9029,819433,819656
4834,110,9029,819656,819766
6661,131,9030,819765,819896
7551,246,9030,819896,820142
2535,247,9031,820141,820388
8831,29,9031,820388,820417
3050,98,9032,820416,820514
4233,296,9032,820514,820810
7186,176,9032,820810,820986
8595,174,9032,820986,821160
1753,207,9033,821159,821366
7562,91,9033,821366,821457
9640,113,9033,821457,821570
1012,264,9034,821569,821833
6601,128,9034,821833,821961
6672,247,9034,821961,822208
8207,130,9034,822208,822338
9034,214,9034,822338,822552
1033,251,9035,822551,822802
3388,126,9035,822802,822928
5285,151,9036,822927,823078
7297,98,9036,823078,823176
9208,135,9037,823175,823310
3090,152,9038,823309,823461
3394,22,9038,823461,823483
4929,285,9038,823483,823768
5335,213,9038,823768,823981
6042,97,9038,823981,824078
7080,197,9038,824078,824275
7952,19,9038,824275,824294
8805,67,9038,824294,824361
8971,170,9038,824361,824531
1276,244,9039,824530,824774
2339,16,9039,824774,824790
9681,26,9039,824790,824816
9801,45,9039,824816,824861
1520,198,9040,824860,825058
2649,213,9040,825058,825271
4596,182,9040,825271,825453
6164,187,9040,825453,825640
8342,39,9040,825640,825679
9050,216,9040,825679,825895
9722,117,9040,825895,826012
9951,169,9040,826012,826181
2431,21,9041,826180,826201
2487,203,9041,826201,826404
3071,107,9041,826404,826511
5168,127,9041,826511,826638
6523,269,9041,826638,826907
2778,132,9042,826906,827038
3920,142,9042,827038,827180
7431,83,9042,827180,827263
8851,1,9042,827263,827264
2852,17,9043,827263,827280
2885,280,9043,827280,827560
3962,284,9043,827560,827844
4210,288,9043,827844,828132
1433,197,9044,828131,828328
4343,74,9044,828328,828402
7338,71,9044,828402,828473
7784,135,9044,828473,828608
8777,133,9044,828608,828741
9583,20,9044,828741,828761
6235,26,9045,828760,828786
6431,197,9045,828786,828983
9686,53,9045,828983,829036
1084,281,9046,829035,829316
2376,139,9046,829316,829455
5526,210,9046,829455,829665
5563,57,9046,829665,829722
9148,152,9046,829722,829874
9436,168,9046,829874,830042
1363,281,9047,830041,830322
2976,162,9047,830322,830484
3565,93,9047,830484,830577
7304,31,9047,830577,830608
8556,13,9047,830608,830621
9001,254,9047,830621,830875
2594,53,9048,830874,830927
5883,118,9048,830927,831045
7795,246,9048,831045,831291
8235,103,9048,831291,831394
9530,178,9048,831394,831572
1258,140,9049,831571,831711
2076,273,9049,831711,831984
7117,295,9049,831984,832279
8322,288,9049,832279,832567
7005,123,9050,832566,832689
7980,185,9050,832689,832874
3578,295,9051,832873,833168
4145,86,9051,833168,833254
4818,247,9051,833254,833501
5179,213,9051,833501,833714
5183,202,9051,833714,833916
5491,150,9051,833916,834066
6206,87,9051,834066,834153
7121,8,9051,834153,834161
9644,279,9051,834161,834440
1751,5,9052,834439,834444
2620,295,9052,834444,834739
5400,39,9052,834739,834778
6373,105,9052,834778,834883
8747,159,9052,834883,835042
9415,206,9052,835042,835248
3165,298,9053,835247,835545
3818,202,9053,835545,835747
4258,152,9053,835747,835899
8748,121,9053,835899,836020
5239,89,9054,836019,836108
6077,94,9054,836108,836202
9811,101,9054,836202,836303
1987,269,9055,836302,836571
3586,285,9055,836571,836856
4148,12,9055,836856,836868
6365,182,9055,836868,837050
8220,33,9055,837050,837083
3310,169,9056,837082,837251
7715,216,9056,837251,837467
8281,13,9056,837467,837480
9658,19,9056,837480,837499
5489,250,9057,837498,837748
3439,86,9058,837747,837833
4961,243,9058,837833,838076
5033,210,9058,838076,838286
6910,155,9058,838286,838441
8890,88,9058,838441,838529
3407,155,9059,838528,838683
8668,59,9059,838683,838742
1736,201,9060,838741,838942
1231,210,9061,838941,839151
3187,71,9061,839151,839222
4048,122,9061,839222,839344
6398,277,9061,839344,839621
6641,278,9061,839621,839899
7961,236,9061,839899,840135
9898,139,9061,840135,840274
7085,123,9062,840273,840396
7574,170,9062,840396,840566
1032,208,9063,840565,840773
6530,219,9063,840773,840992
9496,202,9063,840992,841194
1266,178,9064,841193,841371
2030,72,9064,841371,841443
5704,143,9064,841443,841586
6323,62,9064,841586,841648
7282,233,9064,841648,841881
7364,272,9064,841881,842153
9462,268,9064,842153,842421
2788,212,9065,842420,842632
3717,107,9065,842632,842739
4918,289,9065,842739,843028
2965,214,9066,843027,843241
5908,171,9066,843241,843412
1183,155,9067,843411,843566
2055,271,9067,843566,843837
3572,69,9067,843837,843906
6972,193,9067,843906,844099
7135,62,9067,844099,844161
1421,132,9068,844160,844292
2027,177,9068,844292,844469
6619,156,9068,844469,844625
9336,69,9068,844625,844694
9616,138,9068,844694,844832
1544,202,9069,844831,845033
3579,173,9069,845033,845206
4288,62,9069,845206,845268
2625,193,9070,845267,845460
5543,17,9070,845460,845477
6605,269,9070,845477,845746
6771,298,9071,845745,846043
7500,172,9071,846043,846215
8347,65,9071,846215,846280
8629,153,9071,846280,846433
1784,225,9072,846432,846657
2470,230,9072,846657,846887
2875,165,9072,846887,847052
3999,51,9072,847052,847103
4609,51,9072,847103,847154
6850,134,9072,847154,847288
7208,91,9072,847288,847379
7607,223,9072,847379,847602
9126,194,9072,847602,847796
9421,298,9072,847796,848094
9598,62,9072,848094,848156
2707,11,9074,848154,848165
3120,136,9074,848165,848301
3389,128,9074,848301,848429
4645,20,9074,848429,848449
7563,70,9074,848449,848519
7703,198,9074,848519,848717
7899,118,9074,848717,848835
8273,245,9074,848835,849080
8796,246,9074,849080,849326
2392,26,9075,849325,849351
5218,276,9075,849351,849627
5723,56,9075,849627,849683
8410,208,9075,849683,849891
2580,83,9076,849890,849973
3240,82,9076,849973,850055
3451,242,9076,850055,850297
6763,1,9076,850297,850298
7404,290,9076,850298,850588
9192,98,9076,850588,850686
1778,33,9077,850685,850718
3648,52,9077,850718,850770
4535,108,9077,850770,850878
6522,26,9077,850878,850904
9397,262,9077,850904,851166
5561,274,9078,851165,851439
6451,203,9078,851439,851642
9939,234,9078,851642,851876
2611,90,9079,851875,851965
2389,73,9080,851964,852037
4171,49,9080,852037,852086
8852,253,9080,852086,852339
9596,160,9080,852339,852499
3008,133,9081,852498,852631
6551,101,9081,852631,852732
9420,256,9081,852732,852988
9466,111,9081,852988,853099
2468,279,9082,853098,853377
5088,25,9082,853377,853402
6111,206,9082,853402,853608
6426,298,9082,853608,853906
2427,73,9083,853905,853978
4846,10,9083,853978,853988
6560,146,9083,853988,854134
9352,249,9083,854134,854383
6412,229,9084,854382,854611
7954,252,9084,854611,854863
2460,249,9085,854862,855111
2736,120,9085,855111,855231
4743,202,9085,855231,855433
5452,250,9085,855433,855683
7974,113,9085,855683,855796
7982,91,9085,855796,855887
8505,243,9085,855887,856130
9676,277,9085,856130,856407
4385,73,9086,856406,856479
5783,133,9086,856479,856612
6300,185,9086,856612,856797
8017,159,9086,856797,856956
4533,76,9087,856955,857031
7176,126,9087,857031,857157
3277,104,9088,857156,857260
7544,228,9088,857260,857488
8109,49,9088,857488,857537
8707,70,9088,857537,857607
9375,139,9088,857607,857746
2924,217,9089,857745,857962
3729,30,9089,857962,857992
4141,81,9089,857992,858073
6808,30,9089,858073,858103
7395,72,9089,858103,858175
9608,239,9089,858175,858414
1357,202,9090,858413,858615
1474,200,9090,858615,858815
4298,145,9090,858815,858960
7100,109,9090,858960,859069
1148,108,9091,859068,859176
2586,172,9091,859176,859348
3293,144,9091,859348,859492
5167,204,9091,859492,859696
5900,99,9091,859696,859795
7374,50,9091,859795,859845
7396,104,9091,859845,859949
1850,195,9092,859948,860143
2832,179,9092,860143,860322
4934,54,9092,860322,860376
5670,28,9092,860376,860404
6250,126,9092,860404,860530
2481,95,9093,860529,860624
3856,265,9093,860624,860889
4483,49,9093,860889,860938
5497,296,9093,860938,861234
6085,10,9093,861234,861244
6681,116,9093,861244,861360
6966,214,9093,861360,861574
7340,151,9093,861574,861725
4087,171,9094,861724,861895
5187,160,9094,861895,862055
6622,224,9094,862055,862279
7016,125,9094,862279,862404
7518,116,9094,862404,862520
7463,163,9095,862519,862682
8730,300,9095,862682,862982
4806,40,9096,862981,863021
6851,190,9096,863021,863211
8774,299,9096,863211,863510
2869,243,9097,863509,863752
4005,15,9097,863752,863767
6262,20,9097,863767,863787
6726,244,9097,863787,864031
6809,88,9097,864031,864119
2329,135,9098,864118,864253
6774,206,9098,864253,864459
9282,105,9098,864459,864564
6049,248,9099,864563,864811
8813,57,9099,864811,864868
9553,202,9099,864868,865070
3563,186,9100,865069,865255
3644,45,9100,865255,865300
4968,279,9100,865300,865579
8140,44,9100,865579,865623
8791,54,9100,865623,865677
1977,125,9101,865676,865801
2782,298,9101,865801,866099
9976,219,9101,866099,866318
1916,118,9102,866317,866435
2464,254,9102,866435,866689
6065,97,9102,866689,866786
8705,172,9102,866786,866958
2696,275,9103,866957,867232
2803,245,9103,867232,867477
4093,28,9103,867477,867505
4933,185,9103,867505,867690
5343,234,9103,867690,867924
8266,141,9103,867924,868065
9371,203,9103,868065,868268
9394,43,9103,868268,868311
2794,166,9104,868310,868476
3878,206,9104,868476,868682
4710,242,9104,868682,868924
6145,113,9104,868924,869037
8975,277,9104,869037,869314
9270,206,9104,869314,869520
1027,221,9105,869519,869740
1765,207,9106,869739,869946
8171,225,9106,869946,870171
8894,125,9106,870171,870296
3417,75,9107,870295,870370
4061,88,9107,870370,870458
5413,146,9107,870458,870604
6956,271,9107,870604,870875
7708,80,9107,870875,870955
7725,173,9107,870955,871128
7888,216,9107,871128,871344
9388,150,9107,871344,871494
4361,268,9108,871493,871761
5712,23,9108,871761,871784
6579,197,9108,871784,871981
8995,34,9108,871981,872015
9123,289,9108,872015,872304
1843,280,9109,872303,872583
3250,115,9109,872583,872698
5038,176,9109,872698,872874
5166,260,9109,872874,873134
7345,211,9109,873134,873345
9463,38,9109,873345,873383
9789,93,9109,873383,873476
1197,114,9110,873475,873589
2295,219,9110,873589,873808
5189,62,9110,873808,873870
9289,36,9110,873870,873906
1004,231,9111,873905,874136
4732,109,9111,874136,874245
9772,283,9111,874245,874528
3914,106,9112,874527,874633
5105,5,9112,874633,874638
5623,92,9112,874638,874730
6488,260,9112,874730,874990
7315,242,9112,874990,875232
9919,274,9112,875232,875506
2847,166,9113,875505,875671
2998,122,9113,875671,875793
3300,124,9113,875793,875917
8175,229,9113,875917,876146
3670,12,9115,876144,876156
3641,158,9116,876155,876313
9036,249,9116,876313,876562
2060,227,9117,876561,876788
2187,123,9117,876788,876911
4085,232,9117,876911,877143
5092,249,9117,877143,877392
5739,291,9117,877392,877683
7043,266,9117,877683,877949
1974,121,9118,877948,878069
2282,10,9118,878069,878079
2721,296,9118,878079,878375
6942,269,9118,878375,878644
8311,248,9118,878644,878892
4705,47,9119,878891,878938
5288,174,9119,878938,879112
6538,18,9119,879112,879130
6974,46,9119,879130,879176
9653,89,9119,879176,879265
3674,101,9120,879264,879365
4966,266,9121,879364,879630
5455,275,9121,879630,879905
6479,241,9121,879905,880146
2313,252,9122,880145,880397
2691,154,9122,880397,880551
3998,157,9122,880551,880708
6156,152,9122,880708,880860
2430,34,9123,880859,880893
7402,287,9123,880893,881180
7501,192,9123,881180,881372
8565,195,9123,881372,881567
5274,230,9124,881566,881796
7869,233,9124,881796,882029
8838,164,9124,882029,882193
2442,121,9125,882192,882313
2667,140,9125,882313,882453
5909,205,9125,882453,882658
6298,66,9125,882658,882724
7258,201,9125,882724,882925
7729,91,9125,882925,883016
1056,157,9126,883015,883172
7764,88,9126,883172,883260
9095,88,9126,883260,883348
9632,264,9126,883348,883612
2180,283,9127,883611,883894
8989,285,9127,883894,884179
9330,97,9127,884179,884276
1639,147,9128,884275,884422
5337,16,9128,884422,884438
7720,299,9128,884438,884737
2220,295,9129,884736,885031
3176,84,9129,885031,885115
9905,178,9129,885115,885293
2902,260,9130,885292,885552
3730,171,9130,885552,885723
9881,179,9130,885723,885902
2453,19,9131,885901,885920
2554,279,9131,885920,886199
3496,112,9131,886199,886311
3937,93,9131,886311,886404
5290,295,9131,886404,886699
3593,260,9132,886698,886958
4082,170,9132,886958,887128
4853,275,9132,887128,887403
6274,288,9132,887403,887691
7289,155,9132,887691,887846
8032,217,9133,887845,888062
1255,208,9134,888061,888269
2234,258,9134,888269,888527
2763,59,9134,888527,888586
3001,25,9134,888586,888611
3301,129,9134,888611,888740
7960,22,9134,888740,888762
9057,2,9134,888762,888764
2558,236,9135,888763,888999
2692,262,9135,888999,889261
3285,248,9135,889261,889509
3799,226,9135,889509,889735
4299,185,9135,889735,889920
8141,181,9135,889920,890101
2280,222,9136,890100,890322
4634,206,9136,890322,890528
4769,46,9136,890528,890574
5474,201,9136,890574,890775
6210,59,9136,890775,890834
8121,286,9136,890834,891120
8720,114,9136,891120,891234
4898,260,9137,891233,891493
6006,197,9137,891493,891690
9546,292,9137,891690,891982
1277,203,9138,891981,892184
1546,3,9138,892184,892187
1980,193,9138,892187,892380
2196,9,9138,892380,892389
2294,293,9138,892389,892682
2850,120,9138,892682,892802
2873,244,9138,892802,893046
3743,154,9138,893046,893200
8713,242,9138,893200,893442
8783,242,9138,893442,893684
9053,206,9138,893684,893890
1065,20,9139,893889,893909
1961,128,9139,893909,894037
2095,122,9139,894037,894159
2970,215,9139,894159,894374
4011,292,9139,894374,894666
4622,226,9139,894666,894892
1829,292,9140,894891,895183
1899,35,9140,895183,895218
5217,75,9140,895218,895293
6343,195,9140,895293,895488
9876,255,9140,895488,895743
9957,219,9140,895743,895962
1937,192,9141,895961,896153
3019,69,9141,896153,896222
4068,29,9141,896222,896251
4584,127,9141,896251,896378
4713,279,9141,896378,896657
5806,125,9141,896657,896782
9291,271,9141,896782,897053
1430,182,9142,897052,897234
1923,3,9142,897234,897237
4550,177,9142,897237,897414
8468,167,9142,897414,897581
9610,93,9142,897581,897674
9857,108,9142,897674,897782
5342,163,9143,897781,897944
5459,62,9143,897944,898006
9917,37,9143,898006,898043
1685,291,9144,898042,898333
8802,180,9144,898333,898513
6858,161,9145,898512,898673
1146,125,9146,898672,898797
7774,93,9146,898797,898890
3427,264,9147,898889,899153
5431,187,9147,899153,899340
9758,150,9147,899340,899490
3045,5,9148,899489,899494
4045,202,9148,899494,899696
5873,131,9148,899696,899827
8501,129,9148,899827,899956
4621,8,9149,899955,899963
5820,15,9149,899963,899978
5979,60,9149,899978,900038
6747,278,9149,900038,900316
7713,295,9149,900316,900611
8259,242,9149,900611,900853
8690,116,9149,900853,900969
8795,56,9149,900969,901025
1037,40,9150,901024,901064
6020,59,9150,901064,901123
6994,160,9150,901123,901283
9355,283,9150,901283,901566
1180,73,9151,901565,901638
3345,20,9151,901638,901658
4279,249,9151,901658,901907
4407,108,9151,901907,902015
6162,226,9151,902015,902241
7316,32,9151,902241,902273
8080,227,9151,902273,902500
1348,65,9152,902499,902564
4430,151,9152,902564,902715
5805,255,9152,902715,902970
1325,101,9153,902969,903070
1529,237,9153,903070,903307
3865,5,9153,903307,903312
4798,78,9153,903312,903390
5412,223,9153,903390,903613
6289,289,9153,903613,903902
7366,272,9153,903902,904174
2360,292,9154,904173,904465
9672,49,9154,904465,904514
1191,285,9155,904513,904798
1787,243,9155,904798,905041
4130,54,9155,905041,905095
2355,274,9156,905094,905368
3757,11,9156,905368,905379
4420,71,9156,905379,905450
7099,268,9156,905450,905718
5877,291,9157,905717,906008
7355,177,9157,906008,906185
8442,296,9157,906185,906481
9756,220,9157,906481,906701
4965,258,9158,906700,906958
5467,164,9158,906958,907122
9272,181,9158,907122,907303
9697,119,9158,907303,907422
1157,64,9159,907421,907485
9113,271,9159,907485,907756
2483,53,9160,907755,907808
5004,142,9160,907808,907950
1016,90,9161,907949,908039
1345,54,9161,908039,908093
2316,24,9161,908093,908117
5499,144,9161,908117,908261
5529,236,9161,908261,908497
6255,107,9161,908497,908604
6725,121,9161,908604,908725
9645,254,9161,908725,908979
1408,199,9162,908978,909177
2328,165,9162,909177,909342
3923,250,9162,909342,909592
7173,27,9162,909592,909619
9041,40,9162,909619,909659
9712,16,9162,909659,909675
9888,172,9162,909675,909847
3532,222,9163,909846,910068
4472,40,9163,910068,910108
5283,38,9163,910108,910146
5545,130,9163,910146,910276
9446,263,9163,910276,910539
1170,173,9164,910538,910711
3672,175,9164,910711,910886
5297,299,9165,910885,911184
6528,129,9165,911184,911313
1125,266,9166,911312,911578
4589,242,9166,911578,911820
5326,175,9166,911820,911995
5454,127,9166,911995,912122
8448,100,9166,912122,912222
8984,1,9166,912222,912223
9886,120,9166,912223,912343
2175,213,9167,912342,912555
3419,138,9167,912555,912693
3658,140,9167,912693,912833
5644,176,9167,912833,913009
7769,200,9167,913009,913209
3175,246,9168,913208,913454
4692,268,9168,913454,913722
6600,142,9168,913722,913864
6829,82,9168,913864,913946
1740,193,9169,913945,914138
1825,271,9169,914138,914409
5256,49,9169,914409,914458
9839,65,9169,914458,914523
5566,218,9170,914522,914740
7221,20,9170,914740,914760
8789,279,9170,914760,915039
9940,169,9170,915039,915208
5515,111,9171,915207,915318
5934,192,9171,915318,915510
6844,65,9171,915510,915575
7089,154,9171,915575,915729
7765,248,9171,915729,915977
9485,65,9171,915977,916042
2106,283,9173,916040,916323
2536,231,9173,916323,916554
6234,254,9173,916554,916808
6804,81,9173,916808,916889
2731,17,9174,916888,916905
7649,194,9174,916905,917099
8771,210,9174,917099,917309
3821,223,9175,917308,917531
9162,245,9175,917531,917776
3360,113,9176,917775,917888
7918,118,9176,917888,918006
9493,37,9176,918006,918043
2956,87,9177,918042,918129
5955,226,9177,918129,918355
7978,62,9177,918355,918417
5812,183,9178,918416,918599
4152,291,9179,918598,918889
5553,192,9179,918889,919081
5620,169,9179,919081,919250
7833,11,9179,919250,919261
9924,46,9179,919261,919307
1728,218,9180,919306,919524
6346,189,9180,919524,919713
6348,177,9180,919713,919890
9226,144,9180,919890,920034
3339,154,9181,920033,920187
2148,210,9182,920186,920396
2363,134,9182,920396,920530
2681,218,9182,920530,920748
3104,69,9182,920748,920817
4301,256,9182,920817,921073
4512,64,9182,921073,921137
4534,290,9182,921137,921427
5663,148,9182,921427,921575
8571,72,9182,921575,921647
8973,96,9182,921647,921743
9024,76,9182,921743,921819
9211,63,9182,921819,921882
9216,130,9182,921882,922012
5368,68,9183,922011,922079
6602,40,9183,922079,922119
8415,32,9183,922119,922151
9306,115,9183,922151,922266
1763,153,9184,922265,922418
7306,178,9184,922418,922596
9051,84,9184,922596,922680
1184,289,9185,922679,922968
1320,213,9185,922968,923181
1380,17,9185,923181,923198
2817,106,9185,923198,923304
7678,93,9185,923304,923397
8536,78,9185,923397,923475
9141,198,9185,923475,923673
9301,99,9185,923673,923772
1831,272,9186,923771,924043
2393,98,9186,924043,924141
2530,37,9186,924141,924178
3548,88,9186,924178,924266
5292,298,9186,924266,924564
6570,107,9186,924564,924671
9738,28,9186,924671,924699
1267,114,9187,924698,924812
1352,283,9187,924812,925095
3072,163,9187,925095,925258
4676,66,9187,925258,925324
4892,36,9187,925324,925360
5679,183,9187,925360,925543
5790,204,9187,925543,925747
7461,71,9187,925747,925818
8570,292,9187,925818,926110
2633,214,9188,926109,926323
6470,136,9188,926323,926459
7267,184,9188,926459,926643
7731,170,9188,926643,926813
2465,25,9189,926812,926837
3852,250,9189,926837,927087
6914,60,9189,927087,927147
9621,228,9189,927147,927375
2988,40,9190,927374,927414
2336,81,9191,927413,927494
3055,114,9191,927494,927608
3354,227,9191,927608,927835
3759,159,9191,927835,927994
9027,156,9191,927994,928150
9154,48,9191,928150,928198
3438,18,9192,928197,928215
6173,138,9192,928215,928353
6580,127,9192,928353,928480
6723,11,9192,928480,928491
9823,185,9192,928491,928676
2967,72,9193,928675,928747
5964,205,9193,928747,928952
3620,195,9194,928951,929146
4010,210,9194,929146,929356
5032,55,9194,929356,929411
5583,232,9194,929411,929643
7922,227,9194,929643,929870
9122,99,9194,929870,929969
9536,112,9194,929969,930081
5870,31,9195,930080,930111
1607,156,9196,930110,930266
2712,214,9196,930266,930480
3649,154,9196,930480,930634
4406,107,9196,930634,930741
5067,79,9196,930741,930820
6737,163,9196,930820,930983
2177,240,9197,930982,931222
2469,210,9197,931222,931432
5630,17,9197,931432,931449
5779,193,9197,931449,931642
6308,252,9197,931642,931894
8765,124,9197,931894,932018
9841,218,9197,932018,932236
9852,279,9197,932236,932515
3241,157,9198,932514,932671
6028,144,9198,932671,932815
6916,140,9198,932815,932955
7367,95,9198,932955,933050
8915,72,9198,933050,933122
9150,107,9198,933122,933229
1102,271,9199,933228,933499
4950,215,9199,933499,933714
9039,162,9199,933714,933876
1447,29,9200,933875,933904
6598,206,9200,933904,934110
7139,45,9200,934110,934155
7675,68,9200,934155,934223
9189,190,9200,934223,934413
2922,52,9201,934412,934464
3126,17,9201,934464,934481
4525,24,9201,934481,934505
8329,145,9201,934505,934650
9490,268,9201,934650,934918
9643,25,9201,934918,934943
2668,102,9202,934942,935044
5912,76,9202,935044,935120
7236,219,9202,935120,935339
8440,109,9202,935339,935448
8820,189,9202,935448,935637
1250,146,9203,935636,935782
4503,147,9203,935782,935929
9184,123,9203,935929,936052
2202,230,9204,936051,936281
4133,135,9204,936281,936416
5733,261,9204,936416,936677
6018,43,9204,936677,936720
6268,185,9204,936720,936905
6385,201,9204,936905,937106
8344,184,9204,937106,937290
8411,50,9204,937290,937340
8490,136,9204,937340,937476
5212,110,9205,937475,937585
6594,244,9205,937585,937829
8474,259,9205,937829,938088
2785,264,9206,938087,938351
7170,103,9206,938351,938454
7669,107,9206,938454,938561
7148,43,9207,938560,938603
7933,53,9207,938603,938656
8829,280,9207,938656,938936
9813,183,9207,938936,939119
3883,300,9208,939118,939418
4143,105,9208,939418,939523
5502,273,9208,939523,939796
5716,79,9208,939796,939875
5992,201,9208,939875,940076
6995,205,9208,940076,940281
8081,194,9208,940281,940475
9447,97,9208,940475,940572
1683,157,9209,940571,940728
2183,281,9209,940728,941009
3445,81,9209,941009,941090
4980,262,9209,941090,941352
6503,13,9209,941352,941365
7743,191,9209,941365,941556
9245,248,9209,941556,941804
1594,59,9210,941803,941862
2861,143,9210,941862,942005
3916,178,9210,942005,942183
5685,68,9210,942183,942251
5857,233,9210,942251,942484
6369,27,9210,942484,942511
7992,262,9210,942511,942773
2526,131,9211,942772,942903
2834,210,9211,942903,943113
3208,50,9211,943113,943163
3708,210,9211,943163,943373
4823,227,9211,943373,943600
5377,147,9211,943600,943747
6265,23,9211,943747,943770
7091,284,9211,943770,944054
9683,192,9211,944054,944246
9698,257,9211,944246,944503
2724,126,9212,944502,944628
2820,186,9212,944628,944814
5952,54,9212,944814,944868
6615,253,9212,944868,945121
9239,74,9212,945121,945195
1209,130,9213,945194,945324
3573,161,9213,945324,945485
5095,58,9213,945485,945543
5469,229,9213,945543,945772
1117,54,9214,945771,945825
1464,169,9214,945825,945994
7478,195,9214,945994,946189
9850,212,9214,946189,946401
1556,91,9215,946400,946491
2937,252,9215,946491,946743
7138,121,9215,946743,946864
8328,284,9215,946864,947148
8797,112,9215,947148,947260
3484,193,9216,947259,947452
4504,109,9216,947452,947561
6903,19,9216,947561,947580
1876,245,9217,947579,947824
4411,9,9217,947824,947833
7006,188,9217,947833,948021
9896,258,9217,948021,948279
4815,116,9218,948278,948394
5048,283,9218,948394,948677
5316,83,9218,948677,948760
2191,12,9219,948759,948771
5656,74,9219,948771,948845
7270,54,9219,948845,948899
8020,161,9219,948899,949060
9166,82,9219,949060,949142
9478,77,9219,949142,949219
6877,289,9220,949218,949507
1370,201,9221,949506,949707
4816,293,9221,949707,950000
5748,277,9221,950000,950277
6407,267,9221,950277,950544
7530,71,9221,950544,950615
8620,6,9221,950615,950621
1261,252,9222,950620,950872
1869,73,9222,950872,950945
2705,240,9222,950945,951185
6048,21,9222,951185,951206
6578,17,9222,951206,951223
7990,183,9222,951223,951406
8310,64,9222,951406,951470
8642,72,9222,951470,951542
9927,200,9222,951542,951742
4042,192,9223,951741,951933
4433,9,9223,951933,951942
4459,126,9223,951942,952068
6411,72,9223,952068,952140
6958,195,9223,952140,952335
1087,116,9224,952334,952450
3080,118,9224,952450,952568
3379,294,9224,952568,952862
5329,64,9224,952862,952926
6392,278,9225,952925,953203
7753,36,9225,953203,953239
2498,172,9226,953238,953410
6296,136,9226,953410,953546
6728,272,9226,953546,953818
7816,167,9226,953818,953985
6483,46,9227,953984,954030
1401,288,9228,954029,954317
2699,261,9228,954317,954578
3307,228,9228,954578,954806
4306,283,9228,954806,955089
6019,271,9228,955089,955360
7123,59,9228,955360,955419
9229,278,9228,955419,955697
9714,254,9228,955697,955951
5985,201,9229,955950,956151
6067,97,9229,956151,956248
6366,19,9229,956248,956267
8981,167,9229,956267,956434
9299,36,9229,956434,956470
1526,206,9230,956469,956675
1547,126,9230,956675,956801
2884,290,9230,956801,957091
5240,242,9230,957091,957333
5999,72,9230,957333,957405
7962,117,9230,957405,957522
7996,192,9230,957522,957714
1156,118,9231,957713,957831
1412,155,9231,957831,957986
3137,63,9231,957986,958049
5372,192,9231,958049,958241
7435,58,9231,958241,958299
4699,41,9232,958298,958339
4863,92,9232,958339,958431
5101,102,9232,958431,958533
2704,56,9233,958532,958588
3763,277,9233,958588,958865
6376,237,9233,958865,959102
7873,6,9233,959102,959108
3590,157,9234,959107,959264
6695,299,9234,959264,959563
3813,1,9235,959562,959563
4753,50,9235,959563,959613
5885,196,9235,959613,959809
6477,59,9235,959809,959868
6500,66,9235,959868,959934
9673,111,9235,959934,960045
9862,176,9235,960045,960221
2894,96,9236,960220,960316
3266,94,9236,960316,960410
3858,102,9236,960410,960512
4334,295,9236,960512,960807
4641,180,9236,960807,960987
6202,2,9236,960987,960989
8130,63,9236,960989,961052
3673,181,9237,961051,961232
4691,167,9237,961232,961399
5823,31,9237,961399,961430
6738,137,9237,961430,961567
7928,281,9237,961567,961848
8493,167,9237,961848,962015
9581,133,9237,962015,962148
9695,284,9237,962148,962432
5332,265,9238,962431,962696
4445,185,9239,962695,962880
7166,280,9239,962880,963160
1662,45,9240,963159,963204
4158,4,9240,963204,963208
6167,224,9240,963208,963432
9359,281,9240,963432,963713
9993,57,9240,963713,963770
1262,186,9241,963769,963955
2349,149,9241,963955,964104
3702,156,9241,964104,964260
4124,24,9241,964260,964284
5860,50,9241,964284,964334
3403,72,9242,964333,964405
5622,75,9242,964405,964480
6712,128,9242,964480,964608
8054,84,9242,964608,964692
8083,192,9242,964692,964884
3092,170,9243,964883,965053
3754,178,9243,965053,965231
4642,131,9243,965231,965362
4660,228,9243,965362,965590
7639,34,9243,965590,965624
4693,295,9244,965623,965918
7803,60,9244,965918,965978
1545,76,9245,965977,966053
3264,184,9245,966053,966237
3845,220,9245,966237,966457
5651,178,9245,966457,966635
6397,293,9245,966635,966928
6052,49,9246,966927,966976
8354,123,9246,966976,967099
1175,131,9247,967098,967229
2663,36,9247,967229,967265
4102,260,9247,967265,967525
5494,191,9247,967525,967716
5982,170,9247,967716,967886
7457,214,9247,967886,968100
8856,249,9247,968100,968349
9965,48,9247,968349,968397
6105,40,9248,968396,968436
6888,115,9248,968436,968551
2215,297,9249,968550,968847
3583,55,9249,968847,968902
2041,67,9250,968901,968968
3038,259,9250,968968,969227
3860,262,9250,969227,969489
4787,174,9250,969489,969663
9068,170,9250,969663,969833
9262,122,9250,969833,969955
9267,70,9250,969955,970025
1875,36,9251,970024,970060
9573,295,9251,970060,970355
1301,155,9252,970354,970509
1469,66,9252,970509,970575
2630,254,9252,970575,970829
2693,268,9252,970829,971097
3442,186,9252,971097,971283
6304,144,9252,971283,971427
7175,213,9252,971427,971640
1718,277,9253,971639,971916
2110,206,9253,971916,972122
2713,166,9253,972122,972288
5126,29,9253,972288,972317
5188,214,9253,972317,972531
7024,289,9253,972531,972820
7026,89,9253,972820,972909
8215,276,9253,972909,973185
1445,266,9254,973184,973450
5899,195,9254,973450,973645
5936,123,9254,973645,973768
4175,231,9255,973767,973998
6617,294,9255,973998,974292
6894,98,9255,974292,974390
1924,255,9256,974389,974644
6487,104,9256,974644,974748
8527,186,9256,974748,974934
2092,212,9257,974933,975145
3209,11,9257,975145,975156
4598,125,9257,975156,975281
4662,50,9257,975281,975331
6246,27,9257,975331,975358
6593,284,9257,975358,975642
7049,29,9257,975642,975671
3862,241,9258,975670,975911
4909,156,9258,975911,976067
6565,14,9258,976067,976081
8397,58,9258,976081,976139
3382,144,9259,976138,976282
5376,14,9259,976282,976296
1678,206,9260,976295,976501
9140,180,9260,976501,976681
1332,175,9261,976680,976855
3237,175,9261,976855,977030
5990,124,9261,977030,977154
6213,147,9261,977154,977301
6395,143,9261,977301,977444
7695,199,9261,977444,977643
8506,172,9261,977643,977815
2229,86,9262,977814,977900
3308,64,9262,977900,977964
7663,36,9262,977964,978000
2300,222,9263,977999,978221
6469,122,9263,978221,978343
1446,123,9264,978342,978465
4672,300,9264,978465,978765
5976,41,9264,978765,978806
6655,13,9264,978806,978819
8165,67,9264,978819,978886
8891,32,9264,978886,978918
2454,292,9265,978917,979209
9986,116,9265,979209,979325
6788,212,9266,979324,979536
6800,181,9266,979536,979717
8027,7,9266,979717,979724
2172,120,9267,979723,979843
4581,224,9267,979843,980067
7088,131,9267,980067,980198
9531,10,9267,980198,980208
1620,152,9268,980207,980359
5852,2,9268,980359,980361
9026,9,9268,980361,980370
2216,13,9269,980369,980382
6537,197,9269,980382,980579
7741,65,9269,980579,980644
8588,178,9269,980644,980822
1099,136,9270,980821,980957
3361,172,9270,980957,981129
5418,227,9270,981129,981356
3791,261,9271,981355,981616
4402,110,9271,981616,981726
6284,82,9271,981726,981808
6489,63,9271,981808,981871
6886,241,9271,981871,982112
7212,62,9271,982112,982174
3096,187,9272,982173,982360
4450,27,9272,982360,982387
5302,139,9272,982387,982526
3682,283,9273,982525,982808
6777,56,9273,982808,982864
9594,108,9273,982864,982972
9757,3,9273,982972,982975
1403,213,9274,982974,983187
2291,250,9274,983187,983437
2808,70,9274,983437,983507
4978,159,9274,983507,983666
5980,262,9274,983666,983928
7863,94,9274,983928,984022
3174,226,9275,984021,984247
6347,68,9275,984247,984315
6666,104,9275,984315,984419
8828,86,9275,984419,984505
9224,258,9275,984505,984763
9489,9,9275,984763,984772
9687,201,9275,984772,984973
2111,12,9276,984972,984984
4785,149,9276,984984,985133
4817,133,9276,985133,985266
7044,211,9276,985266,985477
9300,277,9276,985477,985754
8946,143,9277,985753,985896
9201,298,9277,985896,986194
1046,228,9278,986193,986421
1172,135,9278,986421,986556
3982,168,9278,986556,986724
4289,234,9278,986724,986958
4566,195,9278,986958,987153
5209,213,9278,987153,987366
5945,5,9278,987366,987371
7032,300,9278,987371,987671
1789,98,9279,987670,987768
5588,180,9279,987768,987948
8481,255,9279,987948,988203
1435,175,9280,988202,988377
5450,115,9280,988377,988492
6899,161,9280,988492,988653
8124,292,9280,988653,988945
8716,255,9280,988945,989200
2372,9,9281,989199,989208
2866,232,9281,989208,989440
5082,276,9281,989440,989716
6155,149,9281,989716,989865
6291,2,9281,989865,989867
8517,130,9281,989867,989997
3366,86,9282,989996,990082
5776,22,9282,990082,990104
6330,75,9282,990104,990179
7442,211,9282,990179,990390
7994,2,9282,990390,990392
9767,287,9282,990392,990679
3507,109,9283,990678,990787
3932,59,9283,990787,990846
6630,28,9283,990846,990874
6678,190,9283,990874,991064
8970,51,9283,991064,991115
9003,2,9283,991115,991117
1505,155,9284,991116,991271
2399,166,9284,991271,991437
4890,127,9284,991437,991564
3272,161,9285,991563,991724
5599,263,9286,991723,991986
1791,266,9287,991985,992251
3481,16,9287,992251,992267
4159,123,9287,992267,992390
4560,197,9287,992390,992587
5184,53,9287,992587,992640
5724,33,9287,992640,992673
5933,49,9287,992673,992722
6961,22,9287,992722,992744
7237,46,9287,992744,992790
3519,63,9288,992789,992852
1107,146,9289,992851,992997
1713,265,9289,992997,993262
3833,241,9289,993262,993503
6287,67,9289,993503,993570
6714,176,9289,993570,993746
9818,76,9289,993746,993822
1910,282,9290,993821,994103
2384,125,9290,994103,994228
4121,215,9290,994228,994443
7793,135,9290,994443,994578
1304,105,9291,994577,994682
3375,172,9291,994682,994854
3874,134,9291,994854,994988
4262,114,9291,994988,995102
4470,158,9291,995102,995260
4831,210,9291,995260,995470
8214,224,9291,995470,995694
2741,248,9292,995693,995941
3454,225,9292,995941,996166
4866,233,9292,996166,996399
5219,12,9292,996399,996411
7352,267,9292,996411,996678
7400,252,9292,996678,996930
8292,265,9292,996930,997195
8637,59,9292,997195,997254
9825,254,9292,997254,997508
1297,191,9293,997507,997698
5349,107,9293,997698,997805
5824,164,9293,997805,997969
7389,262,9293,997969,998231
7796,55,9294,998230,998285
8025,254,9294,998285,998539
9092,224,9294,998539,998763
9323,160,9294,998763,998923
1575,118,9295,998922,999040
1615,58,9295,999040,999098
2402,90,9295,999098,999188
6396,159,9295,999188,999347
6536,40,9295,999347,999387
8888,293,9295,999387,999680
8895,220,9295,999680,999900
2266,68,9296,999899,999967
3334,67,9296,999967,1000034
4396,283,9296,1000034,1000317
5649,147,9296,1000317,1000464
9261,105,9296,1000464,1000569
2843,81,9297,1000568,1000649
3221,260,9297,1000649,1000909
3348,228,9297,1000909,1001137
3983,294,9297,1001137,1001431
4192,248,9297,1001431,1001679
4974,216,9297,1001679,1001895
5121,252,9297,1001895,1002147
7815,215,9297,1002147,1002362
1162,209,9298,1002361,1002570
1236,77,9298,1002570,1002647
2806,49,9298,1002647,1002696
5215,274,9298,1002696,1002970
5573,158,9298,1002970,1003128
1906,201,9299,1003127,1003328
3263,250,9299,1003328,1003578
5185,10,9299,1003578,1003588
6050,61,9299,1003588,1003649
8129,223,9299,1003649,1003872
1417,166,9300,1003871,1004037
3922,281,9300,1004037,1004318
8177,41,9300,1004318,1004359
8581,289,9300,1004359,1004648
8923,89,9300,1004648,1004737
5458,17,9301,1004736,1004753
5781,296,9301,1004753,1005049
1358,195,9302,1005048,1005243
1603,214,9302,1005243,1005457
2046,39,9302,1005457,1005496
3289,132,9302,1005496,1005628
5077,298,9302,1005628,1005926
3180,187,9303,1005925,1006112
3303,290,9303,1006112,1006402
6920,252,9303,1006402,1006654
9799,40,9303,1006654,1006694
4989,115,9304,1006693,1006808
7290,198,9304,1006808,1007006
9048,199,9304,1007006,1007205
9125,105,9304,1007205,1007310
2898,174,9305,1007309,1007483
4308,80,9306,1007482,1007562
1274,280,9307,1007561,1007841
2652,213,9307,1007841,1008054
3068,197,9307,1008054,1008251
5165,134,9307,1008251,1008385
8232,97,9307,1008385,1008482
9069,176,9307,1008482,1008658
1711,86,9308,1008657,1008743
5680,127,9308,1008743,1008870
6432,34,9308,1008870,1008904
7242,172,9308,1008904,1009076
1161,141,9309,1009075,1009216
2011,76,9309,1009216,1009292
2199,249,9309,1009292,1009541
3634,190,9309,1009541,1009731
4154,279,9309,1009731,1010010
8677,98,9309,1010010,1010108
8679,156,9309,1010108,1010264
8836,84,9309,1010264,1010348
9963,54,9309,1010348,1010402
2256,152,9310,1010401,1010553
7864,150,9310,1010553,1010703
8098,292,9310,1010703,1010995
8914,278,9310,1010995,1011273
1106,171,9311,1011272,1011443
2333,59,9311,1011443,1011502
3217,178,9311,1011502,1011680
7017,201,9311,1011680,1011881
8150,239,9311,1011881,1012120
3182,131,9312,1012119,1012250
4208,272,9312,1012250,1012522
7144,274,9312,1012522,1012796
7384,65,9312,1012796,1012861
9274,291,9312,1012861,1013152
2462,164,9313,1013151,1013315
5331,33,9313,1013315,1013348
6880,205,9313,1013348,1013553
4618,172,9314,1013552,1013724
4629,12,9314,1013724,1013736
5301,110,9314,1013736,1013846
9265,36,9314,1013846,1013882
9444,50,9314,1013882,1013932
1986,144,9315,1013931,1014075
2236,264,9315,1014075,1014339
3342,243,9315,1014339,1014582
8010,44,9315,1014582,1014626
9555,154,9315,1014626,1014780
1851,192,9316,1014779,1014971
2409,11,9316,1014971,1014982
3679,186,9316,1014982,1015168
4300,76,9316,1015168,1015244
5125,137,9316,1015244,1015381
5853,248,9316,1015381,1015629
2669,101,9317,1015628,1015729
4284,143,9317,1015729,1015872
4908,251,9317,1015872,1016123
7565,227,9317,1016123,1016350
2684,88,9318,1016349,1016437
3942,132,9318,1016437,1016569
3951,252,9318,1016569,1016821
4661,4,9318,1016821,1016825
6380,156,9318,1016825,1016981
6791,202,9318,1016981,1017183
8091,266,9318,1017183,1017449
8910,222,9318,1017449,1017671
9539,31,9318,1017671,1017702
1279,104,9319,1017701,1017805
1308,61,9319,1017805,1017866
2910,256,9319,1017866,1018122
4297,3,9319,1018122,1018125
4467,115,9319,1018125,1018240
6569,281,9319,1018240,1018521
7310,267,9319,1018521,1018788
8231,300,9319,1018788,1019088
5584,239,9320,1019087,1019326
9327,65,9320,1019326,1019391
6297,219,9321,1019390,1019609
6834,229,9321,1019609,1019838
8358,29,9321,1019838,1019867
1245,133,9322,1019866,1019999
5134,257,9322,1019999,1020256
5950,8,9322,1020256,1020264
6673,222,9322,1020264,1020486
7229,290,9322,1020486,1020776
7704,110,9322,1020776,1020886
2492,232,9323,1020885,1021117
3385,61,9323,1021117,1021178
3630,294,9323,1021178,1021472
4304,22,9323,1021472,1021494
5834,113,9323,1021494,1021607
1171,264,9324,1021606,1021870
2952,14,9324,1021870,1021884
9626,143,9324,1021884,1022027
1457,242,9325,1022026,1022268
1958,84,9325,1022268,1022352
4115,56,9325,1022352,1022408
4777,73,9325,1022408,1022481
5169,137,9325,1022481,1022618
1570,239,9326,1022617,1022856
2171,243,9326,1022856,1023099
2211,185,9326,1023099,1023284
5581,131,9326,1023284,1023415
8366,191,9326,1023415,1023606
9784,279,9326,1023606,1023885
2195,122,9327,1023884,1024006
3820,216,9327,1024006,1024222
4949,181,9327,1024222,1024403
4987,191,9327,1024403,1024594
6273,22,9327,1024594,1024616
6608,174,9327,1024616,1024790
8764,230,9327,1024790,1025020
3740,186,9328,1025019,1025205
6409,165,9328,1025205,1025370
6559,299,9328,1025370,1025669
1746,101,9329,1025668,1025769
1797,240,9329,1025769,1026009
3963,147,9329,1026009,1026156
9627,149,9329,1026156,1026305
2245,50,9330,1026304,1026354
5086,202,9330,1026354,1026556
5591,283,9330,1026556,1026839
3511,164,9331,1026838,1027002
6838,61,9331,1027002,1027063
8193,192,9331,1027063,1027255
9094,103,9331,1027255,1027358
9215,241,9331,1027358,1027599
3864,231,9333,1027597,1027828
7549,120,9333,1027828,1027948
7771,89,9333,1027948,1028037
8173,174,9333,1028037,1028211
9625,87,9333,1028211,1028298
2099,210,9334,1028297,1028507
3336,12,9334,1028507,1028519
5929,16,9334,1028519,1028535
1518,300,9335,1028534,1028834
4508,3,9335,1028834,1028837
7573,68,9335,1028837,1028905
3993,92,9336,1028904,1028996
4649,159,9337,1028995,1029154
8223,138,9337,1029154,1029292
9467,264,9337,1029292,1029556
3392,77,9338,1029555,1029632
5160,144,9338,1029632,1029776
5282,280,9338,1029776,1030056
6267,119,9338,1030056,1030175
6873,172,9338,1030175,1030347
7791,261,9338,1030347,1030608
8087,283,9338,1030608,1030891
1405,38,9339,1030890,1030928
3265,90,9339,1030928,1031018
3281,8,9339,1031018,1031026
7075,8,9339,1031026,1031034
7238,159,9339,1031034,1031193
2176,177,9340,1031192,1031369
4745,142,9340,1031369,1031511
4764,92,9340,1031511,1031603
7399,185,9340,1031603,1031788
1324,251,9341,1031787,1032038
1524,201,9341,1032038,1032239
7249,228,9341,1032239,1032467
7886,121,9341,1032467,1032588
8388,64,9341,1032588,1032652
8921,53,9341,1032652,1032705
5547,70,9342,1032704,1032774
6789,193,9342,1032774,1032967
8241,168,9342,1032967,1033135
8561,31,9342,1033135,1033166
9973,88,9342,1033166,1033254
2052,129,9343,1033253,1033382
2374,132,9344,1033381,1033513
4464,224,9344,1033513,1033737
5986,204,9344,1033737,1033941
6716,192,9344,1033941,1034133
7284,156,9344,1034133,1034289
9246,48,9344,1034289,1034337
1036,11,9345,1034336,1034347
6032,222,9345,1034347,1034569
9706,86,9345,1034569,1034655
3618,262,9346,1034654,1034916
5205,107,9346,1034916,1035023
6391,214,9346,1035023,1035237
1503,80,9347,1035236,1035316
3974,225,9347,1035316,1035541
6947,49,9347,1035541,1035590
8090,80,9347,1035590,1035670
8908,62,9347,1035670,1035732
9073,3,9347,1035732,1035735
1517,9,9348,1035734,1035743
6283,52,9348,1035743,1035795
6727,189,9348,1035795,1035984
7802,145,9348,1035984,1036129
7877,260,9348,1036129,1036389
9926,259,9348,1036389,1036648
5862,33,9349,1036647,1036680
7912,107,9349,1036680,1036787
7987,230,9349,1036787,1037017
2087,233,9350,1037016,1037249
2899,154,9350,1037249,1037403
5804,111,9350,1037403,1037514
5881,283,9350,1037514,1037797
7705,68,9350,1037797,1037865
8577,191,9350,1037865,1038056
1205,77,9351,1038055,1038132
3352,36,9351,1038132,1038168
7659,296,9351,1038168,1038464
9854,222,9351,1038464,1038686
2556,196,9352,1038685,1038881
3801,54,9352,1038881,1038935
6917,74,9352,1038935,1039009
7692,9,9352,1039009,1039018
8792,46,9352,1039018,1039064
8932,178,9352,1039064,1039242
9116,73,9352,1039242,1039315
2801,7,9353,1039314,1039321
4465,253,9353,1039321,1039574
5757,71,9353,1039574,1039645
6669,35,9353,1039645,1039680
9357,81,9353,1039680,1039761
1959,7,9354,1039760,1039767
2947,3,9354,1039767,1039770
3459,180,9354,1039770,1039950
3992,274,9354,1039950,1040224
5318,24,9354,1040224,1040248
5533,179,9354,1040248,1040427
8391,223,9354,1040427,1040650
8656,257,9354,1040650,1040907
1511,185,9355,1040906,1041091
3269,40,9355,1041091,1041131
3585,11,9355,1041131,1041142
6499,280,9355,1041142,1041422
7656,150,9355,1041422,1041572
2522,256,9356,1041571,1041827
4752,7,9356,1041827,1041834
5099,64,9356,1041834,1041898
5461,41,9356,1041898,1041939
5810,234,9356,1041939,1042173
9902,71,9356,1042173,1042244
2768,209,9357,1042243,1042452
5162,260,9357,1042452,1042712
5437,25,9357,1042712,1042737
7529,248,9357,1042737,1042985
8823,194,9357,1042985,1043179
8892,158,9357,1043179,1043337
1058,270,9358,1043336,1043606
2312,133,9358,1043606,1043739
5225,206,9358,1043739,1043945
6907,73,9358,1043945,1044018
7584,260,9358,1044018,1044278
7682,187,9358,1044278,1044465
2941,43,9359,1044464,1044507
3034,85,9359,1044507,1044592
6934,242,9359,1044592,1044834
8737,253,9359,1044834,1045087
1127,298,9360,1045086,1045384
1321,214,9360,1045384,1045598
3892,79,9360,1045598,1045677
8832,194,9360,1045677,1045871
1368,42,9361,1045870,1045912
2386,87,9361,1045912,1045999
3538,84,9361,1045999,1046083
4309,64,9361,1046083,1046147
6707,268,9361,1046147,1046415
7655,185,9361,1046415,1046600
9217,232,9361,1046600,1046832
1886,286,9362,1046831,1047117
2841,171,9362,1047117,1047288
4779,170,9362,1047288,1047458
5026,136,9362,1047458,1047594
5995,252,9362,1047594,1047846
1312,164,9363,1047845,1048009
1477,81,9363,1048009,1048090
3556,224,9363,1048090,1048314
8072,251,9363,1048314,1048565
9337,108,9363,1048565,1048673
5328,252,9364,1048672,1048924
3377,69,9365,1048923,1048992
5291,189,9365,1048992,1049181
6954,139,9365,1049181,1049320
7101,237,9365,1049320,1049557
8431,148,9365,1049557,1049705
8955,162,9365,1049705,1049867
5308,31,9366,1049866,1049897
1738,178,9367,1049896,1050074
3576,6,9367,1050074,1050080
5066,99,9367,1050080,1050179
5175,159,9367,1050179,1050338
8652,23,9367,1050338,1050361
9507,40,9367,1050361,1050401
1313,36,9368,1050400,1050436
1817,264,9368,1050436,1050700
1929,66,9368,1050700,1050766
2448,165,9368,1050766,1050931
3610,74,9368,1050931,1051005
6115,59,9368,1051005,1051064
9339,94,9368,1051064,1051158
5568,207,9369,1051157,1051364
7524,247,9370,1051363,1051610
8034,199,9371,1051609,1051808
1271,30,9372,1051807,1051837
4463,265,9372,1051837,1052102
7728,154,9372,1052102,1052256
9987,94,9372,1052256,1052350
1240,131,9373,1052349,1052480
3062,42,9373,1052480,1052522
3350,241,9373,1052522,1052763
3786,234,9373,1052763,1052997
4997,206,9373,1052997,1053203
7248,34,9373,1053203,1053237
1116,77,9374,1053236,1053313
2569,23,9374,1053313,1053336
1631,69,9375,1053335,1053404
3571,33,9375,1053404,1053437
5336,3,9375,1053437,1053440
1599,82,9376,1053439,1053521
5928,211,9376,1053521,1053732
2584,191,9377,1053731,1053922
2823,213,9377,1053922,1054135
2982,246,9377,1054135,1054381
4507,76,9377,1054381,1054457
5072,44,9377,1054457,1054501
9264,65,9377,1054501,1054566
9534,39,9377,1054566,1054605
1966,252,9378,1054604,1054856
2504,103,9378,1054856,1054959
2830,143,9378,1054959,1055102
8770,224,9378,1055102,1055326
3669,174,9379,1055325,1055499
4681,33,9379,1055499,1055532
4967,89,9379,1055532,1055621
7246,55,9380,1055620,1055675
7339,176,9380,1055675,1055851
8644,266,9380,1055851,1056117
9552,111,9380,1056117,1056228
1178,83,9381,1056227,1056310
7783,76,9381,1056310,1056386
9008,172,9381,1056386,1056558
3616,280,9382,1056557,1056837
5532,151,9382,1056837,1056988
5811,238,9382,1056988,1057226
1009,30,9383,1057225,1057255
1571,136,9383,1057255,1057391
3418,190,9383,1057391,1057581
3780,175,9383,1057581,1057756
2871,61,9384,1057755,1057816
3751,211,9384,1057816,1058027
8206,157,9384,1058027,1058184
1207,196,9385,1058183,1058379
2259,8,9385,1058379,1058387
2835,57,9385,1058387,1058444
3500,189,9385,1058444,1058633
5263,30,9385,1058633,1058663
8951,37,9385,1058663,1058700
2658,47,9386,1058699,1058746
4119,108,9386,1058746,1058854
4437,31,9386,1058854,1058885
5100,37,9386,1058885,1058922
2764,284,9387,1058921,1059205
6613,222,9387,1059205,1059427
7583,205,9387,1059427,1059632
8454,123,9387,1059632,1059755
9465,73,9387,1059755,1059828
7979,166,9388,1059827,1059993
1186,10,9389,1059992,1060002
4543,278,9389,1060002,1060280
5586,23,9389,1060280,1060303
7074,121,9389,1060303,1060424
1051,16,9390,1060423,1060439
1769,10,9390,1060439,1060449
2156,153,9390,1060449,1060602
2761,223,9390,1060602,1060825
3155,188,9390,1060825,1061013
7594,14,9390,1061013,1061027
8403,192,9390,1061027,1061219
2783,19,9391,1061218,1061237
5475,170,9391,1061237,1061407
1846,107,9392,1061406,1061513
4346,292,9392,1061513,1061805
7785,285,9392,1061805,1062090
1989,283,9393,1062089,1062372
9209,147,9393,1062372,1062519
9452,208,9393,1062519,1062727
1549,141,9394,1062726,1062867
3279,229,9394,1062867,1063096
5257,109,9394,1063096,1063205
6424,234,9394,1063205,1063439
7424,230,9394,1063439,1063669
8343,168,9394,1063669,1063837
8398,219,9394,1063837,1064056
8573,124,9394,1064056,1064180
9207,122,9394,1064180,1064302
1673,251,9395,1064301,1064552
6096,299,9395,1064552,1064851
1155,203,9396,1064850,1065053
1470,44,9396,1065053,1065097
6753,176,9396,1065097,1065273
7552,274,9396,1065273,1065547
9358,111,9396,1065547,1065658
1208,147,9397,1065657,1065804
3489,160,9397,1065804,1065964
5596,236,9397,1065964,1066200
6781,41,9397,1066200,1066241
7217,145,9397,1066241,1066386
9177,183,9397,1066386,1066569
3683,78,9398,1066568,1066646
4856,87,9398,1066646,1066733
5674,223,9398,1066733,1066956
7474,279,9398,1066956,1067235
8166,275,9398,1067235,1067510
8743,225,9398,1067510,1067735
2449,292,9399,1067734,1068026
3398,224,9399,1068026,1068250
7110,104,9399,1068250,1068354
7521,208,9399,1068354,1068562
1249,268,9400,1068561,1068829
1653,67,9400,1068829,1068896
2642,229,9400,1068896,1069125
5399,100,9400,1069125,1069225
6134,145,9400,1069225,1069370
6743,22,9400,1069370,1069392
7895,151,9400,1069392,1069543
8674,218,9400,1069543,1069761
9054,33,9400,1069761,1069794
3997,291,9401,1069793,1070084
5107,150,9401,1070084,1070234
3468,141,9402,1070233,1070374
4585,223,9402,1070374,1070597
5891,48,9402,1070597,1070645
6761,112,9402,1070645,1070757
4964,188,9403,1070756,1070944
6996,271,9403,1070944,1071215
7817,60,9403,1071215,1071275
8070,207,9403,1071275,1071482
1247,150,9404,1071481,1071631
3516,222,9404,1071631,1071853
3936,258,9404,1071853,1072111
7845,261,9404,1072111,1072372
5017,171,9405,1072371,1072542
8324,113,9405,1072542,1072655
2606,129,9406,1072654,1072783
4303,1,9406,1072783,1072784
2934,103,9407,1072783,1072886
4049,131,9407,1072886,1073017
4625,151,9407,1073017,1073168
6519,193,9407,1073168,1073361
2919,238,9408,1073360,1073598
6410,223,9408,1073598,1073821
6531,129,9408,1073821,1073950
8065,294,9408,1073950,1074244
1273,263,9409,1074243,1074506
2444,272,9411,1074504,1074776
2925,157,9411,1074776,1074933
3102,122,9411,1074933,1075055
3934,295,9411,1075055,1075350
5749,45,9411,1075350,1075395
7235,174,9411,1075395,1075569
8725,68,9411,1075569,1075637
9439,65,9411,1075637,1075702
9479,26,9411,1075702,1075728
9579,277,9411,1075728,1076005
6467,223,9412,1076004,1076227
2189,43,9413,1076226,1076269
2525,252,9413,1076269,1076521
7697,247,9413,1076521,1076768
9475,123,9413,1076768,1076891
5468,177,9414,1076890,1077067
2591,248,9415,1077066,1077314
5525,185,9415,1077314,1077499
5875,29,9415,1077499,1077528
6126,142,9415,1077528,1077670
9028,57,9415,1077670,1077727
4793,238,9416,1077726,1077964
1832,264,9417,1077963,1078227
1863,177,9417,1078227,1078404
5554,242,9417,1078404,1078646
9893,271,9417,1078646,1078917
5128,176,9418,1078916,1079092
5901,291,9418,1079092,1079383
7755,156,9418,1079383,1079539
8238,233,9418,1079539,1079772
9684,219,9418,1079772,1079991
2565,202,9419,1079990,1080192
5721,215,9419,1080192,1080407
7131,294,9419,1080407,1080701
8627,128,9419,1080701,1080829
1465,101,9420,1080828,1080929
1968,97,9420,1080929,1081026
4285,239,9420,1081026,1081265
8467,92,9420,1081265,1081357
9966,124,9420,1081357,1081481
1145,245,9421,1081480,1081725
1176,298,9421,1081725,1082023
7540,219,9421,1082023,1082242
7588,297,9421,1082242,1082539
8554,252,9421,1082539,1082791
8807,214,9421,1082791,1083005
4052,148,9422,1083004,1083152
6241,87,9422,1083152,1083239
6796,232,9422,1083239,1083471
7109,296,9422,1083471,1083767
8302,117,9422,1083767,1083884
8567,68,9422,1083884,1083952
3274,94,9423,1083951,1084045
3613,53,9423,1084045,1084098
6172,200,9423,1084098,1084298
6705,190,9423,1084298,1084488
6924,158,9423,1084488,1084646
8959,189,9423,1084646,1084835
9764,33,9423,1084835,1084868
2659,5,9424,1084867,1084872
4610,283,9424,1084872,1085155
9875,2,9424,1085155,1085157
1616,84,9425,1085156,1085240
7222,53,9425,1085240,1085293
9585,112,9425,1085293,1085405
9904,264,9425,1085405,1085669
3128,16,9426,1085668,1085684
6526,236,9426,1085684,1085920
6756,234,9426,1085920,1086154
8212,91,9426,1086154,1086245
9088,129,9426,1086245,1086374
5049,51,9427,1086373,1086424
4697,198,9429,1086422,1086620
9110,133,9429,1086620,1086753
5300,165,9430,1086752,1086917
7330,267,9430,1086917,1087184
2226,237,9431,1087183,1087420
2463,76,9431,1087420,1087496
3026,193,9431,1087496,1087689
8318,153,9431,1087689,1087842
1645,273,9432,1087841,1088114
5012,14,9432,1088114,1088128
5097,249,9432,1088128,1088377
5774,114,9432,1088377,1088491
6060,140,9432,1088491,1088631
6194,205,9432,1088631,1088836
6936,200,9432,1088836,1089036
8913,51,9432,1089036,1089087
9220,231,9432,1089087,1089318
2613,53,9433,1089317,1089370
3817,128,9433,1089370,1089498
4195,270,9433,1089498,1089768
5648,75,9433,1089768,1089843
8293,133,9433,1089843,1089976
9488,191,9433,1089976,1090167
1568,295,9434,1090166,1090461
6053,14,9434,1090461,1090475
7677,274,9434,1090475,1090749
8671,169,9434,1090749,1090918
9248,71,9434,1090918,1090989
9428,211,9434,1090989,1091200
1219,109,9435,1091199,1091308
1758,176,9435,1091308,1091484
3947,209,9435,1091484,1091693
8427,120,9435,1091693,1091813
1793,13,9436,1091812,1091825
2647,8,9436,1091825,1091833
4375,275,9436,1091833,1092108
7233,37,9436,1092108,1092145
9404,182,9437,1092144,1092326
2980,152,9438,1092325,1092477
3151,93,9438,1092477,1092570
5884,35,9438,1092570,1092605
6720,74,9438,1092605,1092679
7040,239,9438,1092679,1092918
7482,280,9438,1092918,1093198
8706,266,9438,1093198,1093464
9991,71,9438,1093464,1093535
7811,155,9440,1093533,1093688
2412,95,9441,1093687,1093782
3369,215,9441,1093782,1093997
8353,95,9441,1093997,1094092
5284,298,9442,1094091,1094389
7788,295,9442,1094389,1094684
7963,75,9442,1094684,1094759
9795,229,9442,1094759,1094988
1226,103,9443,1094987,1095090
2165,240,9443,1095090,1095330
3191,229,9443,1095330,1095559
3546,105,9443,1095559,1095664
3675,228,9443,1095664,1095892
6610,18,9443,1095892,1095910
6863,178,9443,1095910,1096088
8352,11,9443,1096088,1096099
3022,181,9444,1096098,1096279
6643,201,9444,1096279,1096480
6893,272,9444,1096480,1096752
8994,192,9444,1096752,1096944
9396,164,9444,1096944,1097108
9618,120,9444,1097108,1097228
1094,275,9445,1097227,1097502
4536,200,9445,1097502,1097702
7140,169,9445,1097702,1097871
7403,248,9445,1097871,1098119
8041,180,9445,1098119,1098299
8557,265,9445,1098299,1098564
5874,239,9446,1098563,1098802
7908,179,9446,1098802,1098981
9221,242,9446,1098981,1099223
2145,243,9447,1099222,1099465
5551,256,9447,1099465,1099721
9007,11,9447,1099721,1099732
3283,136,9448,1099731,1099867
6233,83,9448,1099867,1099950
7446,205,9448,1099950,1100155
8289,250,9448,1100155,1100405
2451,116,9449,1100404,1100520
3254,26,9449,1100520,1100546
8477,280,9449,1100546,1100826
3515,112,9450,1100825,1100937
8085,150,9450,1100937,1101087
1759,249,9451,1101086,1101335
4648,91,9451,1101335,1101426
3040,115,9452,1101425,1101540
3859,260,9452,1101540,1101800
4374,181,9452,1101800,1101981
7861,22,9452,1101981,1102003
8052,138,9452,1102003,1102141
8162,235,9452,1102141,1102376
8985,146,9452,1102376,1102522
3512,20,9453,1102521,1102541
7419,266,9453,1102541,1102807
1722,256,9454,1102806,1103062
2065,56,9454,1103062,1103118
3504,99,9454,1103118,1103217
6000,138,9454,1103217,1103355
4403,214,9455,1103354,1103568
5714,226,9455,1103568,1103794
8665,2,9455,1103794,1103796
2137,227,9456,1103795,1104022
3054,239,9456,1104022,1104261
5096,271,9456,1104261,1104532
5111,163,9456,1104532,1104695
5611,102,9456,1104695,1104797
5827,224,9456,1104797,1105021
8127,38,9456,1105021,1105059
8604,46,9456,1105059,1105105
6108,287,9457,1105104,1105391
6812,41,9457,1105391,1105432
9451,4,9457,1105432,1105436
4075,61,9458,1105435,1105496
6612,129,9458,1105496,1105625
6758,111,9458,1105625,1105736
7269,121,9458,1105736,1105857
9589,89,9458,1105857,1105946
1019,257,9459,1105945,1106202
3185,200,9459,1106202,1106402
4885,275,9459,1106402,1106677
9164,221,9459,1106677,1106898
3075,226,9460,1106897,1107123
4666,5,9460,1107123,1107128
7397,73,9460,1107128,1107201
8897,9,9460,1107201,1107210
5132,241,9461,1107209,1107450
7124,36,9461,1107450,1107486
1064,154,9462,1107485,1107639
4480,2,9462,1107639,1107641
6124,192,9462,1107641,1107833
1043,10,9463,1107832,1107842
4094,27,9463,1107842,1107869
4386,104,9463,1107869,1107973
4544,71,9463,1107973,1108044
8379,40,9463,1108044,1108084
9481,26,9463,1108084,1108110
2038,242,9464,1108109,1108351
2590,156,9464,1108351,1108507
7597,106,9464,1108507,1108613
1592,180,9465,1108612,1108792
6266,171,9465,1108792,1108963
7000,114,9465,1108963,1109077
9661,258,9465,1109077,1109335
1364,12,9466,1109334,1109346
7266,172,9466,1109346,1109518
7805,231,9466,1109518,1109749
1730,281,9467,1109748,1110029
9884,128,9467,1110029,1110157
2425,170,9468,1110156,1110326
3550,80,9468,1110326,1110406
2769,118,9469,1110405,1110523
3349,116,9469,1110523,1110639
4650,17,9469,1110639,1110656
5672,175,9469,1110656,1110831
6592,67,9469,1110831,1110898
7751,99,9469,1110898,1110997
2780,242,9470,1110996,1111238
3452,261,9470,1111238,1111499
6204,223,9470,1111499,1111722
6319,25,9470,1111722,1111747
7023,164,9470,1111747,1111911
9870,233,9470,1111911,1112144
1664,173,9471,1112143,1112316
3086,186,9471,1112316,1112502
4315,274,9471,1112502,1112776
9980,60,9471,1112776,1112836
3736,55,9472,1112835,1112890
5947,108,9472,1112890,1112998
6450,111,9472,1112998,1113109
8592,7,9472,1113109,1113116
9709,102,9472,1113116,1113218
5278,234,9473,1113217,1113451
7906,210,9473,1113451,1113661
9235,45,9473,1113661,1113706
9259,94,9473,1113706,1113800
9590,208,9473,1113800,1114008
2318,174,9474,1114007,1114181
3065,182,9474,1114181,1114363
4127,256,9474,1114363,1114619
4425,2,9474,1114619,1114621
6146,234,9474,1114621,1114855
6708,148,9474,1114855,1115003
6524,101,9475,1115002,1115103
8043,248,9475,1115103,1115351
9605,71,9475,1115351,1115422
2032,165,9476,1115421,1115586
4899,51,9476,1115586,1115637
8300,61,9476,1115637,1115698
9348,113,9476,1115698,1115811
3017,2,9478,1115809,1115811
3953,176,9478,1115811,1115987
4981,272,9478,1115987,1116259
6790,293,9478,1116259,1116552
7472,113,9478,1116552,1116665
1905,120,9479,1116664,1116784
4163,117,9479,1116784,1116901
6898,81,9479,1116901,1116982
3704,183,9480,1116981,1117164
3761,124,9480,1117164,1117288
3927,297,9480,1117288,1117585
6363,62,9480,1117585,1117647
6902,72,9480,1117647,1117719
8826,204,9480,1117719,1117923
9547,102,9480,1117923,1118025
4880,76,9481,1118024,1118100
8602,231,9481,1118100,1118331
2009,34,9482,1118330,1118364
3533,117,9482,1118364,1118481
3643,54,9482,1118481,1118535
4694,243,9482,1118535,1118778
5896,224,9482,1118778,1119002
7550,61,9482,1119002,1119063
9519,102,9482,1119063,1119165
2346,258,9483,1119164,1119422
2674,41,9483,1119422,1119463
3371,252,9483,1119463,1119715
4383,158,9483,1119715,1119873
5222,255,9483,1119873,1120128
8719,286,9483,1120128,1120414
4500,204,9484,1120413,1120617
6352,238,9484,1120617,1120855
1414,35,9485,1120854,1120889
2019,174,9485,1120889,1121063
4562,209,9485,1121063,1121272
5361,69,9486,1121271,1121340
6055,5,9486,1121340,1121345
6402,125,9486,1121345,1121470
1406,242,9487,1121469,1121711
3611,282,9487,1121711,1121993
4101,263,9487,1121993,1122256
4802,96,9487,1122256,1122352
5436,261,9487,1122352,1122613
7143,93,9487,1122613,1122706
1932,202,9488,1122705,1122907
5763,158,9488,1122907,1123065
8044,285,9488,1123065,1123350
9867,70,9488,1123350,1123420
9947,224,9488,1123420,1123644
5516,226,9489,1123643,1123869
5769,140,9489,1123869,1124009
8101,218,9490,1124008,1124226
9276,88,9491,1124225,1124313
1808,50,9492,1124312,1124362
2210,15,9492,1124362,1124377
3255,255,9492,1124377,1124632
5015,136,9492,1124632,1124768
5207,38,9492,1124768,1124806
5371,207,9492,1124806,1125013
6700,283,9492,1125013,1125296
7645,256,9492,1125296,1125552
8313,230,9492,1125552,1125782
8869,142,9492,1125782,1125924
5339,242,9493,1125923,1126165
6306,175,9493,1126165,1126340
7169,172,9493,1126340,1126512
8597,243,9493,1126512,1126755
2230,212,9494,1126754,1126966
4002,53,9494,1126966,1127019
5238,71,9494,1127019,1127090
5321,145,9494,1127090,1127235
5325,56,9494,1127235,1127291
6711,128,9494,1127291,1127419
7039,62,9494,1127419,1127481
9040,219,9494,1127481,1127700
3042,242,9495,1127699,1127941
8116,189,9495,1127941,1128130
9258,80,9495,1128130,1128210
9810,78,9495,1128210,1128288
1233,161,9496,1128287,1128448
2931,26,9496,1128448,1128474
3252,171,9496,1128474,1128645
3887,139,9496,1128645,1128784
4215,292,9496,1128784,1129076
4413,6,9496,1129076,1129082
4791,28,9496,1129082,1129110
6331,272,9496,1129110,1129382
7079,112,9496,1129382,1129494
7469,11,9496,1129494,1129505
9309,30,9496,1129505,1129535
9511,63,9496,1129535,1129598
1375,183,9497,1129597,1129780
2971,191,9497,1129780,1129971
5717,281,9497,1129971,1130252
6007,205,9497,1130252,1130457
9316,219,9497,1130457,1130676
9723,78,9497,1130676,1130754
4567,230,9498,1130753,1130983
5089,62,9498,1130983,1131045
5129,295,9498,1131045,1131340
6964,146,9498,1131340,1131486
5083,268,9499,1131485,1131753
8132,218,9499,1131753,1131971
8881,245,9499,1131971,1132216
6041,147,9500,1132215,1132362
7153,45,9500,1132362,1132407
2096,261,9501,1132406,1132667
2143,66,9501,1132667,1132733
2706,173,9501,1132733,1132906
4078,210,9501,1132906,1133116
9907,54,9501,1133116,1133170
3555,44,9502,1133169,1133213
4513,281,9502,1133213,1133494
7907,51,9502,1133494,1133545
1820,3,9503,1133544,1133547
3088,20,9503,1133547,1133567
5787,183,9503,1133567,1133750
7885,142,9503,1133750,1133892
8744,132,9503,1133892,1134024
8800,132,9503,1134024,1134156
4644,245,9504,1134155,1134400
5641,28,9504,1134400,1134428
8523,122,9504,1134428,1134550
1335,270,9505,1134549,1134819
2261,67,9505,1134819,1134886
5204,110,9505,1134886,1134996
5345,294,9505,1134996,1135290
8977,183,9505,1135290,1135473
9159,211,9505,1135473,1135684
2524,136,9506,1135683,1135819
7385,231,9506,1135819,1136050
7662,87,9506,1136050,1136137
9455,60,9506,1136137,1136197
1185,92,9507,1136196,1136288
2628,146,9507,1136288,1136434
6104,196,9507,1136434,1136630
1229,7,9508,1136629,1136636
2929,211,9508,1136636,1136847
5798,188,9508,1136847,1137035
2542,4,9509,1137034,1137038
4238,99,9509,1137038,1137137
6521,80,9509,1137137,1137217
7884,166,9509,1137217,1137383
8301,57,9509,1137383,1137440
8404,26,9509,1137440,1137466
8574,45,9509,1137466,1137511
9487,271,9509,1137511,1137782
1322,220,9510,1137781,1138001
1757,250,9510,1138001,1138251
2184,114,9510,1138251,1138365
7158,245,9510,1138365,1138610
9241,203,9510,1138610,1138813
8466,239,9511,1138812,1139051
8593,243,9511,1139051,1139294
8699,225,9511,1139294,1139519
9778,30,9511,1139519,1139549
1629,245,9512,1139548,1139793
7617,37,9512,1139793,1139830
9693,249,9512,1139830,1140079
2097,137,9513,1140078,1140215
6258,153,9513,1140215,1140368
7015,94,9513,1140368,1140462
1715,107,9514,1140461,1140568
3295,106,9514,1140568,1140674
4991,5,9514,1140674,1140679
1034,30,9515,1140678,1140708
4046,255,9515,1140708,1140963
8228,230,9515,1140963,1141193
8475,153,9515,1141193,1141346
9083,224,9515,1141346,1141570
1359,141,9516,1141569,1141710
2164,64,9516,1141710,1141774
2250,52,9516,1141774,1141826
2994,8,9516,1141826,1141834
3541,260,9516,1141834,1142094
9314,298,9516,1142094,1142392
9508,51,9516,1142392,1142443
1655,62,9517,1142442,1142504
2516,267,9517,1142504,1142771
4717,98,9517,1142771,1142869
6393,182,9517,1142869,1143051
8533,105,9517,1143051,1143156
9503,14,9517,1143156,1143170
4212,102,9518,1143169,1143271
8402,295,9518,1143271,1143566
8420,46,9518,1143566,1143612
1584,294,9519,1143611,1143905
2732,296,9519,1143905,1144201
4998,256,9519,1144201,1144457
6702,148,9519,1144457,1144605
8016,183,9519,1144605,1144788
3826,218,9520,1144787,1145005
3837,201,9520,1145005,1145206
6225,87,9520,1145206,1145293
6663,159,9520,1145293,1145452
8495,12,9520,1145452,1145464
1468,171,9521,1145463,1145634
1684,56,9521,1145634,1145690
6063,95,9521,1145690,1145785
9969,232,9521,1145785,1146017
1641,256,9522,1146016,1146272
2378,29,9522,1146272,1146301
4563,218,9522,1146301,1146519
5243,137,9522,1146519,1146656
7063,188,9522,1146656,1146844
7901,290,9522,1146844,1147134
9770,72,9522,1147134,1147206
1135,176,9523,1147205,1147381
3135,34,9523,1147381,1147415
3783,194,9523,1147415,1147609
4531,134,9523,1147609,1147743
8430,39,9523,1147743,1147782
9512,68,9523,1147782,1147850
1800,147,9524,1147849,1147996
3623,53,9524,1147996,1148049
5443,251,9524,1148049,1148300
8222,134,9524,1148300,1148434
9509,31,9524,1148434,1148465
9510,206,9524,1148465,1148671
1632,147,9525,1148670,1148817
2461,288,9525,1148817,1149105
3194,125,9525,1149105,1149230
6950,45,9525,1149230,1149275
4090,131,9526,1149274,1149405
1328,10,9527,1149404,1149414
1502,274,9527,1149414,1149688
4345,292,9527,1149688,1149980
4558,63,9527,1149980,1150043
7295,269,9527,1150043,1150312
9803,237,9527,1150312,1150549
1045,124,9528,1150548,1150672
1153,253,9528,1150672,1150925
1970,300,9528,1150925,1151225
5695,71,9528,1151225,1151296
5765,233,9528,1151296,1151529
7309,173,9528,1151529,1151702
9085,37,9528,1151702,1151739
2081,265,9529,1151738,1152003
2996,219,9529,1152003,1152222
3800,180,9529,1152222,1152402
4362,64,9529,1152402,1152466
5144,199,9529,1152466,1152665
5267,111,9529,1152665,1152776
5429,23,9529,1152776,1152799
5916,98,9529,1152799,1152897
1444,75,9530,1152896,1152971
3692,185,9530,1152971,1153156
5348,282,9530,1153156,1153438
2457,240,9531,1153437,1153677
2751,257,9531,1153677,1153934
4018,284,9531,1153934,1154218
6090,297,9531,1154218,1154515
6940,206,9531,1154515,1154721
6986,211,9531,1154721,1154932
8194,168,9531,1154932,1155100
4457,186,9532,1155099,1155285
6097,29,9532,1155285,1155314
6505,192,9533,1155313,1155505
8108,148,9533,1155505,1155653
4781,273,9534,1155652,1155925
7762,194,9534,1155925,1156119
9405,158,9534,1156119,1156277
9464,9,9534,1156277,1156286
2614,293,9535,1156285,1156578
2759,70,9535,1156578,1156648
3697,293,9535,1156648,1156941
4551,292,9535,1156941,1157233
5334,37,9535,1157233,1157270
8030,282,9535,1157270,1157552
1316,48,9536,1157551,1157599
2491,43,9536,1157599,1157642
6321,287,9536,1157642,1157929
8157,29,9536,1157929,1157958
9286,178,9536,1157958,1158136
8202,104,9537,1158135,1158239
9734,29,9537,1158239,1158268
1458,237,9538,1158267,1158504
3012,240,9538,1158504,1158744
3134,31,9538,1158744,1158775
5681,3,9538,1158775,1158778
8224,276,9538,1158778,1159054
8384,224,9538,1159054,1159278
3276,104,9539,1159277,1159381
3977,278,9539,1159381,1159659
6486,60,9539,1159659,1159719
7113,178,9539,1159719,1159897
9324,121,9539,1159897,1160018
9887,262,9539,1160018,1160280
4201,120,9540,1160279,1160399
7320,181,9540,1160399,1160580
8270,256,9540,1160580,1160836
1651,228,9541,1160835,1161063
5904,260,9541,1161063,1161323
6221,204,9541,1161323,1161527
9387,194,9541,1161527,1161721
9408,4,9541,1161721,1161725
9453,230,9541,1161725,1161955
4001,94,9542,1161954,1162048
6058,138,9542,1162048,1162186
7889,103,9542,1162186,1162289
8773,154,9542,1162289,1162443
8822,102,9542,1162443,1162545
1010,23,9543,1162544,1162567
1119,93,9543,1162567,1162660
2398,211,9543,1162660,1162871
4462,211,9543,1162871,1163082
5503,199,9543,1163082,1163281
6377,186,9543,1163281,1163467
7362,231,9543,1163467,1163698
8009,287,9543,1163698,1163985
8039,152,9543,1163985,1164137
9353,80,9543,1164137,1164217
3560,218,9544,1164216,1164434
4873,27,9544,1164434,1164461
6448,227,9544,1164461,1164688
8031,177,9544,1164688,1164865
8704,211,9544,1164865,1165076
4418,122,9545,1165075,1165197
4794,178,9546,1165196,1165374
6054,99,9546,1165374,1165473
8063,138,9546,1165473,1165611
9753,205,9546,1165611,1165816
3244,138,9547,1165815,1165953
4716,79,9547,1165953,1166032
7539,288,9547,1166032,1166320
3332,13,9548,1166319,1166332
3476,135,9548,1166332,1166467
6327,221,9548,1166467,1166688
9077,202,9548,1166688,1166890
4857,268,9549,1166889,1167157
5484,201,9549,1167157,1167358
6830,103,9549,1167358,1167461
7174,14,9549,1167461,1167475
1381,118,9550,1167474,1167592
1644,106,9550,1167592,1167698
1838,54,9550,1167698,1167752
5357,95,9550,1167752,1167847
5692,196,9550,1167847,1168043
5887,193,9550,1168043,1168236
6751,81,9550,1168236,1168317
8284,159,9550,1168317,1168476
9816,70,9550,1168476,1168546
2551,94,9551,1168545,1168639
4226,280,9551,1168639,1168919
6302,47,9551,1168919,1168966
6417,193,9551,1168966,1169159
1976,208,9552,1169158,1169366
4491,72,9552,1169366,1169438
4600,210,9552,1169438,1169648
8939,150,9552,1169648,1169798
5084,6,9553,1169797,1169803
8147,282,9553,1169803,1170085
8646,70,9553,1170085,1170155
1093,95,9554,1170154,1170249
2740,3,9554,1170249,1170252
3446,91,9554,1170252,1170343
8941,188,9554,1170343,1170531
1076,161,9555,1170530,1170691
1224,215,9555,1170691,1170906
1663,12,9555,1170906,1170918
3954,206,9555,1170918,1171124
4320,177,9555,1171124,1171301
5557,157,9555,1171301,1171458
6478,24,9555,1171458,1171482
1818,204,9556,1171481,1171685
2069,179,9556,1171685,1171864
2723,84,9556,1171864,1171948
6182,14,9556,1171948,1171962
6388,260,9556,1171962,1172222
7133,154,9556,1172222,1172376
9923,127,9556,1172376,1172503
1008,87,9557,1172502,1172589
5683,245,9557,1172589,1172834
5968,51,9557,1172834,1172885
7640,189,9557,1172885,1173074
9540,91,9557,1173074,1173165
9564,260,9557,1173165,1173425
1198,272,9558,1173424,1173696
2447,258,9558,1173696,1173954
4040,159,9558,1173954,1174113
4837,202,9558,1174113,1174315
3367,158,9559,1174314,1174472
4855,220,9559,1174472,1174692
5127,244,9559,1174692,1174936
2253,102,9560,1174935,1175037
3462,231,9560,1175037,1175268
4371,125,9560,1175268,1175393
4571,145,9560,1175393,1175538
6383,146,9560,1175538,1175684
4286,151,9561,1175683,1175834
9996,292,9561,1175834,1176126
7561,196,9562,1176125,1176321
9097,67,9562,1176321,1176388
5962,181,9563,1176387,1176568
6554,32,9563,1176568,1176600
7730,56,9563,1176600,1176656
8096,205,9563,1176656,1176861
9932,180,9563,1176861,1177041
2766,93,9564,1177040,1177133
4635,143,9564,1177133,1177276
8243,250,9564,1177276,1177526
1456,121,9565,1177525,1177646
2747,35,9565,1177646,1177681
2893,122,9565,1177681,1177803
3444,110,9565,1177803,1177913
4419,203,9565,1177913,1178116
5170,75,9565,1178116,1178191
8833,2,9565,1178191,1178193
3213,16,9566,1178192,1178208
5640,5,9566,1178208,1178213
5994,244,9566,1178213,1178457
8983,31,9566,1178457,1178488
9741,35,9566,1178488,1178523
2108,38,9567,1178522,1178560
5023,291,9567,1178560,1178851
6003,123,9567,1178851,1178974
7392,235,9567,1178974,1179209
8135,264,9567,1179209,1179473
9175,218,9567,1179473,1179691
2503,181,9568,1179690,1179871
4180,89,9568,1179871,1179960
5007,248,9568,1179960,1180208
5319,12,9568,1180208,1180220
5957,266,9568,1180220,1180486
6828,291,9568,1180486,1180777
8516,42,9568,1180777,1180819
5062,62,9569,1180818,1180880
6684,49,9569,1180880,1180929
7062,109,9569,1180929,1181038
8400,141,9569,1181038,1181179
8510,150,9569,1181179,1181329
1543,159,9570,1181328,1181487
9506,230,9570,1181487,1181717
2639,190,9571,1181716,1181906
3824,286,9571,1181906,1182192
6482,183,9571,1182192,1182375
7328,105,9571,1182375,1182480
7436,280,9571,1182480,1182760
3492,38,9572,1182759,1182797
4514,253,9572,1182797,1183050
9873,207,9572,1183050,1183257
1580,200,9573,1183256,1183456
3722,48,9573,1183456,1183504
6071,128,9573,1183504,1183632
8338,94,9573,1183632,1183726
3171,14,9574,1183725,1183739
5430,64,9574,1183739,1183803
6455,166,9574,1183803,1183969
8504,108,9574,1183969,1184077
9935,45,9574,1184077,1184122
1601,29,9575,1184121,1184150
4447,39,9575,1184150,1184189
6216,109,9575,1184189,1184298
6818,223,9575,1184298,1184521
7444,136,9575,1184521,1184657
1242,240,9576,1184656,1184896
4735,113,9576,1184896,1185009
5700,93,9576,1185009,1185102
5971,274,9576,1185102,1185376
6372,66,9576,1185376,1185442
7691,15,9576,1185442,1185457
8924,272,9576,1185457,1185729
9906,206,9576,1185729,1185935
2523,264,9577,1185934,1186198
2876,33,9577,1186198,1186231
5244,153,9577,1186231,1186384
5253,192,9577,1186384,1186576
5604,122,9577,1186576,1186698
5972,23,9577,1186698,1186721
6212,138,9577,1186721,1186859
1448,273,9578,1186858,1187131
2406,18,9578,1187131,1187149
4185,61,9578,1187149,1187210
7156,283,9578,1187210,1187493
1963,286,9579,1187492,1187778
4062,2,9579,1187778,1187780
4451,266,9579,1187780,1188046
7037,172,9579,1188046,1188218
7880,252,9579,1188218,1188470
1822,11,9580,1188469,1188480
3031,204,9580,1188480,1188684
8274,131,9581,1188683,1188814
8958,45,9581,1188814,1188859
2323,144,9582,1188858,1189002
2641,181,9582,1189002,1189183
3543,174,9582,1189183,1189357
6901,53,9582,1189357,1189410
8312,126,9582,1189410,1189536
1159,259,9583,1189535,1189794
4272,56,9583,1189794,1189850
7022,137,9583,1189850,1189987
9250,156,9583,1189987,1190143
1810,49,9584,1190142,1190191
2338,294,9584,1190191,1190485
3386,168,9584,1190485,1190653
3756,19,9584,1190653,1190672
4381,173,9584,1190672,1190845
6165,164,9584,1190845,1191009
7449,141,9584,1191009,1191150
3107,257,9585,1191149,1191406
4469,179,9585,1191406,1191585
4780,164,9585,1191585,1191749
1337,163,9586,1191748,1191911
2094,289,9586,1191911,1192200
5951,232,9586,1192200,1192432
7081,143,9586,1192432,1192575
7657,54,9586,1192575,1192629
9004,65,9586,1192629,1192694
9859,66,9586,1192694,1192760
3431,282,9587,1192759,1193041
4561,289,9587,1193041,1193330
7813,67,9587,1193330,1193397
8368,191,9587,1193397,1193588
8912,239,9587,1193588,1193827
1849,98,9588,1193826,1193924
2936,71,9588,1193924,1193995
4790,89,9589,1193994,1194083
4800,221,9589,1194083,1194304
5025,207,9589,1194304,1194511
8458,160,9589,1194511,1194671
1772,189,9590,1194670,1194859
2315,268,9590,1194859,1195127
3009,109,9590,1195127,1195236
3296,300,9590,1195236,1195536
3544,267,9590,1195536,1195803
4225,108,9590,1195803,1195911
4251,265,9590,1195911,1196176
4587,297,9590,1196176,1196473
6652,63,9590,1196473,1196536
1773,188,9591,1196535,1196723
3742,163,9591,1196723,1196886
4557,271,9591,1196886,1197157
5684,47,9591,1197157,1197204
9728,1,9591,1197204,1197205
1841,141,9592,1197204,1197345
2807,28,9592,1197345,1197373
4084,40,9592,1197373,1197413
4405,195,9592,1197413,1197608
6706,41,9592,1197608,1197649
7210,66,9592,1197649,1197715
9920,274,9592,1197715,1197989
2074,227,9593,1197988,1198215
5627,76,9593,1198215,1198291
6892,219,9593,1198291,1198510
8040,150,9593,1198510,1198660
8064,205,9593,1198660,1198865
1538,220,9594,1198864,1199084
2975,270,9594,1199084,1199354
4196,138,9594,1199354,1199492
4994,30,9594,1199492,1199522
8092,33,9594,1199522,1199555
3168,148,9595,1199554,1199702
5961,239,9595,1199702,1199941
8295,133,9595,1199941,1200074
1023,115,9596,1200073,1200188
1491,123,9596,1200188,1200311
1741,89,9596,1200311,1200400
2560,241,9596,1200400,1200641
3918,227,9596,1200641,1200868
4951,74,9596,1200868,1200942
7532,61,9596,1200942,1201003
4952,243,9597,1201002,1201245
9237,257,9597,1201245,1201502
9558,25,9597,1201502,1201527
9591,12,9597,1201527,1201539
1235,125,9598,1201538,1201663
2193,26,9598,1201663,1201689
5051,152,9598,1201689,1201841
5230,26,9598,1201841,1201867
5438,169,9598,1201867,1202036
5652,140,9598,1202036,1202176
2331,200,9599,1202175,1202375
2622,143,9599,1202375,1202518
2983,218,9599,1202518,1202736
3337,18,9599,1202736,1202754
4859,214,9599,1202754,1202968
5764,145,9599,1202968,1203113
6509,295,9599,1203113,1203408
1847,125,9600,1203407,1203532
3785,293,9600,1203532,1203825
1834,83,9601,1203824,1203907
5247,186,9601,1203907,1204093
7308,85,9601,1204093,1204178
7835,48,9601,1204178,1204226
8662,22,9601,1204226,1204248
9312,2,9601,1204248,1204250
3316,75,9602,1204249,1204324
7365,173,9602,1204324,1204497
1113,184,9603,1204496,1204680
3739,135,9603,1204680,1204815
5080,166,9603,1204815,1204981
7925,195,9603,1204981,1205176
9729,239,9603,1205176,1205415
3078,55,9604,1205414,1205469
4643,211,9604,1205469,1205680
7452,155,9604,1205680,1205835
8077,270,9604,1205835,1206105
8784,153,9604,1206105,1206258
8850,237,9604,1206258,1206495
2637,31,9605,1206494,1206525
3123,287,9605,1206525,1206812
2883,40,9606,1206811,1206851
6651,122,9606,1206851,1206973
8615,80,9606,1206973,1207053
2490,119,9607,1207052,1207171
3149,255,9607,1207171,1207426
4919,116,9607,1207426,1207542
7547,206,9607,1207542,1207748
9361,98,9607,1207748,1207846
9376,15,9607,1207846,1207861
3552,262,9608,1207860,1208122
8889,292,9608,1208122,1208414
3268,77,9609,1208413,1208490
3931,216,9609,1208490,1208706
7559,38,9609,1208706,1208744
9021,172,9609,1208744,1208916
2270,36,9610,1208915,1208951
3163,10,9610,1208951,1208961
4845,167,9610,1208961,1209128
8877,130,9610,1209128,1209258
2100,164,9611,1209257,1209421
3441,119,9611,1209421,1209540
4295,251,9611,1209540,1209791
5022,231,9611,1209791,1210022
6129,189,9611,1210022,1210211
8998,246,9611,1210211,1210457
1985,88,9612,1210456,1210544
4421,299,9612,1210544,1210843
9102,102,9612,1210843,1210945
1466,140,9613,1210944,1211084
7386,78,9613,1211084,1211162
9730,179,9613,1211162,1211341
9899,274,9613,1211341,1211615
2689,142,9614,1211614,1211756
4341,100,9614,1211756,1211856
6355,110,9614,1211856,1211966
8048,156,9614,1211966,1212122
8286,8,9614,1212122,1212130
8916,154,9614,1212130,1212284
9234,175,9614,1212284,1212459
9930,264,9614,1212459,1212723
4110,228,9615,1212722,1212950
7468,232,9615,1212950,1213182
9093,150,9615,1213182,1213332
9197,212,9615,1213332,1213544
4108,199,9616,1213543,1213742
5181,123,9616,1213742,1213865
8444,147,9616,1213865,1214012
8867,122,9616,1214012,1214134
9238,121,9616,1214134,1214255
9572,282,9616,1214255,1214537
1946,81,9617,1214536,1214617
2101,288,9617,1214617,1214905
2635,46,9617,1214905,1214951
3320,37,9617,1214951,1214988
3755,258,9617,1214988,1215246
5701,116,9617,1215246,1215362
6271,78,9617,1215362,1215440
8363,237,9617,1215440,1215677
2836,17,9619,1215675,1215692
3491,218,9619,1215692,1215910
3828,110,9619,1215910,1216020
3587,226,9620,1216019,1216245
6066,225,9620,1216245,1216470
8636,15,9620,1216470,1216485
9031,162,9620,1216485,1216647
1253,154,9621,1216646,1216800
3292,206,9621,1216800,1217006
7334,31,9621,1217006,1217037
3351,186,9622,1217036,1217222
5713,234,9622,1217222,1217456
5894,268,9622,1217456,1217724
6889,81,9622,1217724,1217805
8190,265,9622,1217805,1218070
8607,112,9622,1218070,1218182
1879,106,9623,1218181,1218287
5076,297,9623,1218287,1218584
7875,89,9623,1218584,1218673
1671,48,9624,1218672,1218720
4789,247,9624,1218720,1218967
5830,212,9624,1218967,1219179
7606,41,9624,1219179,1219220
7709,169,9624,1219220,1219389
9343,282,9624,1219389,1219671
5882,232,9625,1219670,1219902
6166,78,9625,1219902,1219980
7086,9,9625,1219980,1219989
7430,264,9625,1219989,1220253
8073,161,9625,1220253,1220414
4928,161,9626,1220413,1220574
7932,149,9626,1220574,1220723
9174,152,9626,1220723,1220875
7234,44,9627,1220874,1220918
8126,42,9627,1220918,1220960
2851,20,9628,1220959,1220979
5490,272,9628,1220979,1221251
6439,223,9628,1221251,1221474
7329,298,9628,1221474,1221772
7754,106,9628,1221772,1221878
3119,279,9629,1221877,1222156
5226,168,9629,1222156,1222324
9260,4,9629,1222324,1222328
1060,61,9630,1222327,1222388
4494,84,9630,1222388,1222472
6023,289,9630,1222472,1222761
8853,246,9630,1222761,1223007
8899,109,9630,1223007,1223116
1472,53,9631,1223115,1223168
2040,24,9631,1223168,1223192
3961,244,9631,1223192,1223436
5223,268,9631,1223436,1223704
5809,173,9631,1223704,1223877
3840,152,9632,1223876,1224028
5472,167,9632,1224028,1224195
9204,45,9632,1224195,1224240
3869,58,9633,1224239,1224297
6094,91,9633,1224297,1224388
6815,159,9633,1224388,1224547
7494,254,9633,1224547,1224801
7634,263,9633,1224801,1225064
9624,170,9633,1225064,1225234
4003,266,9634,1225233,1225499
7466,195,9634,1225499,1225694
7858,31,9634,1225694,1225725
9532,260,9634,1225725,1225985
3170,55,9635,1225984,1226039
4626,35,9635,1226039,1226074
1467,223,9636,1226073,1226296
4161,47,9636,1226296,1226343
4404,5,9636,1226343,1226348
4924,110,9636,1226348,1226458
6813,52,9636,1226458,1226510
7635,266,9636,1226510,1226776
7837,230,9636,1226776,1227006
1668,69,9637,1227005,1227074
4088,36,9637,1227074,1227110
4439,178,9637,1227110,1227288
5391,129,9637,1227288,1227417
9111,37,9637,1227417,1227454
5120,255,9638,1227453,1227708
6458,82,9638,1227708,1227790
7680,175,9638,1227790,1227965
1283,212,9639,1227964,1228176
1309,148,9639,1228176,1228324
2949,38,9639,1228324,1228362
3888,295,9639,1228362,1228657
4416,222,9639,1228657,1228879
4914,184,9639,1228879,1229063
5031,46,9639,1229063,1229109
5354,107,9639,1229109,1229216
1088,136,9640,1229215,1229351
2544,160,9640,1229351,1229511
4282,102,9640,1229511,1229613
4580,294,9640,1229613,1229907
4943,70,9640,1229907,1229977
5963,115,9640,1229977,1230092
9787,167,9640,1230092,1230259
1638,201,9641,1230258,1230459
5658,157,9641,1230459,1230616
7127,121,9641,1230616,1230737
8507,290,9641,1230737,1231027
6008,208,9642,1231026,1231234
7324,228,9642,1231234,1231462
9400,261,9642,1231462,1231723
9851,176,9642,1231723,1231899
2600,143,9643,1231898,1232041
2891,191,9643,1232041,1232232
6089,211,9643,1232232,1232443
8688,29,9643,1232443,1232472
5815,267,9644,1232471,1232738
6201,239,9644,1232738,1232977
5659,31,9645,1232976,1233007
6970,99,9645,1233007,1233106
7920,224,9645,1233106,1233330
8268,289,9645,1233330,1233619
2867,254,9646,1233618,1233872
8168,49,9646,1233872,1233921
9000,175,9646,1233921,1234096
1495,130,9647,1234095,1234225
4489,101,9647,1234225,1234326
6757,262,9647,1234326,1234588
6943,171,9647,1234588,1234759
7332,224,9647,1234759,1234983
2006,258,9648,1234982,1235240
7503,229,9648,1235240,1235469
8169,176,9648,1235469,1235645
9331,73,9648,1235645,1235718
1548,244,9649,1235717,1235961
1654,229,9649,1235961,1236190
1801,265,9649,1236190,1236455
3177,192,9649,1236455,1236647
3228,171,9649,1236647,1236818
3502,152,9649,1236818,1236970
5203,58,9649,1236970,1237028
7413,128,9649,1237028,1237156
8151,98,9649,1237156,1237254
4444,211,9650,1237253,1237464
8074,119,9650,1237464,1237583
9525,300,9650,1237583,1237883
9879,299,9650,1237883,1238182
2091,41,9651,1238181,1238222
5460,278,9651,1238222,1238500
5956,35,9651,1238500,1238535
6337,258,9651,1238535,1238793
6998,197,9651,1238793,1238990
8287,300,9651,1238990,1239290
3231,119,9652,1239289,1239408
4369,56,9652,1239408,1239464
5755,114,9652,1239464,1239578
6408,101,9652,1239578,1239679
7036,202,9652,1239679,1239881
7758,257,9652,1239881,1240138
1656,72,9653,1240137,1240209
4938,173,9653,1240209,1240382
5932,278,9653,1240382,1240660
6588,247,9653,1240660,1240907
6660,228,9653,1240907,1241135
6752,289,9653,1241135,1241424
8572,252,9653,1241424,1241676
9385,90,9653,1241676,1241766
9834,9,9653,1241766,1241775
4992,137,9654,1241774,1241911
5931,85,9654,1241911,1241996
2238,277,9655,1241995,1242272
8265,14,9655,1242272,1242286
8511,194,9655,1242286,1242480
3721,147,9656,1242479,1242626
6928,275,9656,1242626,1242901
7525,263,9656,1242901,1243164
8264,105,9656,1243164,1243269
1804,42,9657,1243268,1243310
7298,193,9657,1243310,1243503
7600,281,9657,1243503,1243784
7787,159,9657,1243784,1243943
8131,215,9657,1243943,1244158
8351,270,9657,1244158,1244428
8530,288,9657,1244428,1244716
8778,190,9657,1244716,1244906
8788,225,9657,1244906,1245131
9070,4,9657,1245131,1245135
1949,273,9658,1245134,1245407
4542,250,9658,1245407,1245657
4559,282,9658,1245657,1245939
7422,164,9658,1245939,1246103
7651,23,9658,1246103,1246126
8598,107,9658,1246126,1246233
8628,276,9658,1246233,1246509
1676,20,9659,1246508,1246528
4291,25,9659,1246528,1246553
5482,6,9659,1246553,1246559
5922,102,9659,1246559,1246661
4690,279,9660,1246660,1246939
5287,242,9660,1246939,1247181
7116,266,9660,1247181,1247447
4921,228,9661,1247446,1247674
6923,142,9661,1247674,1247816
6960,231,9661,1247816,1248047
9498,295,9661,1248047,1248342
3192,255,9662,1248341,1248596
4033,104,9662,1248596,1248700
5822,141,9662,1248700,1248841
1101,54,9663,1248840,1248894
2155,134,9663,1248894,1249028
4189,1,9663,1249028,1249029
5541,277,9663,1249029,1249306
6640,48,9663,1249306,1249354
7084,293,9663,1249354,1249647
9749,191,9663,1249647,1249838
1030,32,9664,1249837,1249869
2124,221,9664,1249869,1250090
4805,106,9664,1250090,1250196
8255,283,9664,1250196,1250479
8457,163,9664,1250479,1250642
8911,164,9664,1250642,1250806
1533,87,9665,1250805,1250892
4606,206,9665,1250892,1251098
6932,182,9665,1251098,1251280
7427,101,9665,1251280,1251381
2123,131,9666,1251380,1251511
2582,90,9666,1251511,1251601
2728,4,9666,1251601,1251605
6195,160,9666,1251605,1251765
6207,96,9666,1251765,1251861
7522,4,9666,1251861,1251865
8733,94,9666,1251865,1251959
5664,16,9667,1251958,1251974
9662,204,9667,1251974,1252178
2296,142,9668,1252177,1252319
3635,124,9668,1252319,1252443
3784,100,9668,1252443,1252543
6582,300,9668,1252543,1252843
8195,156,9668,1252843,1252999
8909,87,9668,1252999,1253086
3059,221,9669,1253085,1253306
6658,279,9669,1253306,1253585
6745,4,9669,1253585,1253589
7942,26,9669,1253589,1253615
2870,151,9670,1253614,1253765
3827,74,9670,1253765,1253839
2033,45,9671,1253838,1253883
5560,84,9671,1253883,1253967
5958,235,9671,1253967,1254202
6125,193,9671,1254202,1254395
1223,217,9672,1254394,1254611
1954,123,9672,1254611,1254734
6816,224,9672,1254734,1254958
7745,103,9672,1254958,1255061
7752,202,9672,1255061,1255263
1103,168,9673,1255262,1255430
4882,168,9673,1255430,1255598
7812,70,9673,1255598,1255668
7853,150,9673,1255668,1255818
1293,232,9674,1255817,1256049
1565,60,9674,1256049,1256109
3153,207,9674,1256109,1256316
4293,57,9674,1256316,1256373
6457,101,9674,1256373,1256474
8059,85,9674,1256474,1256559
1476,204,9675,1256558,1256762
6449,269,9675,1256762,1257031
7738,234,9675,1257031,1257265
1590,68,9676,1257264,1257332
1719,88,9676,1257332,1257420
6232,209,9676,1257420,1257629
6938,87,9676,1257629,1257716
9351,9,9676,1257716,1257725
9366,217,9676,1257725,1257942
1522,102,9677,1257941,1258043
3103,60,9677,1258043,1258103
3897,137,9677,1258103,1258240
4053,160,9677,1258240,1258400
2995,217,9678,1258399,1258616
4109,154,9678,1258616,1258770
4134,25,9678,1258770,1258795
7693,50,9678,1258795,1258845
9804,209,9678,1258845,1259054
1951,206,9679,1259053,1259259
2012,25,9679,1259259,1259284
4759,295,9679,1259284,1259579
7211,260,9679,1259579,1259839
9390,33,9679,1259839,1259872
4698,247,9680,1259871,1260118
8049,156,9680,1260118,1260274
4983,17,9681,1260273,1260290
6247,254,9681,1260290,1260544
6859,193,9681,1260544,1260737
1001,204,9682,1260736,1260940
1410,240,9682,1260940,1261180
3013,70,9682,1261180,1261250
6121,122,9682,1261250,1261372
6345,181,9682,1261372,1261553
8843,58,9682,1261553,1261611
9080,50,9682,1261611,1261661
5427,221,9683,1261660,1261881
5464,72,9683,1261881,1261953
7134,224,9683,1261953,1262177
8037,204,9683,1262177,1262381
8769,267,9683,1262381,1262648
9524,200,9683,1262648,1262848
9763,2,9683,1262848,1262850
1723,36,9684,1262849,1262885
2710,117,9684,1262885,1263002
2770,219,9684,1263002,1263221
3114,4,9684,1263221,1263225
9147,190,9684,1263225,1263415
9914,108,9684,1263415,1263523
3819,285,9685,1263522,1263807
1038,227,9686,1263806,1264033
1672,192,9686,1264033,1264225
1953,110,9686,1264225,1264335
3033,97,9686,1264335,1264432
5888,18,9686,1264432,1264450
6362,129,9686,1264450,1264579
9091,196,9686,1264579,1264775
2272,53,9687,1264774,1264827
2356,132,9687,1264827,1264959
2477,258,9687,1264959,1265217
2811,226,9687,1265217,1265443
2960,249,9687,1265443,1265692
3052,24,9687,1265692,1265716
3640,194,9687,1265716,1265910
4098,6,9687,1265910,1265916
8491,124,9687,1265916,1266040
8846,83,9687,1266040,1266123
9989,186,9687,1266123,1266309
8001,98,9688,1266308,1266406
2701,207,9689,1266405,1266612
3969,100,9689,1266612,1266712
4638,81,9689,1266712,1266793
7956,182,9689,1266793,1266975
4838,284,9690,1266974,1267258
6670,139,9690,1267258,1267397
6826,120,9690,1267397,1267517
8056,143,9690,1267517,1267660
5428,180,9691,1267659,1267839
5435,50,9691,1267839,1267889
6556,169,9691,1267889,1268058
8676,180,9691,1268058,1268238
5476,4,9692,1268237,1268241
5595,170,9692,1268241,1268411
2188,47,9693,1268410,1268457
3686,90,9693,1268457,1268547
5404,288,9693,1268547,1268835
7423,171,9693,1268835,1269006
9416,119,9693,1269006,1269125
9494,261,9693,1269125,1269386
2838,70,9694,1269385,1269455
4888,242,9694,1269455,1269697
7947,35,9694,1269697,1269732
2414,4,9695,1269731,1269735
3030,71,9695,1269735,1269806
6835,45,9695,1269806,1269851
7768,150,9695,1269851,1270001
7923,116,9695,1270001,1270117
8435,189,9695,1270117,1270306
8619,121,9695,1270306,1270427
9344,100,9695,1270427,1270527
2497,280,9696,1270526,1270806
7685,32,9696,1270806,1270838
1216,17,9697,1270837,1270854
5768,138,9697,1270854,1270992
9775,175,9697,1270992,1271167
1454,279,9698,1271166,1271445
3359,87,9698,1271445,1271532
7650,70,9698,1271532,1271602
3948,135,9699,1271601,1271736
4434,159,9699,1271736,1271895
6895,275,9699,1271895,1272170
7489,300,9699,1272170,1272470
1461,299,9700,1272469,1272768
4221,223,9700,1272768,1272991
4668,56,9700,1272991,1273047
7052,157,9700,1273047,1273204
2276,167,9701,1273203,1273370
7054,160,9701,1273370,1273530
7859,11,9701,1273530,1273541
9072,269,9701,1273541,1273810
9378,64,9701,1273810,1273874
1085,95,9702,1273873,1273968
1828,200,9702,1273968,1274168
3461,27,9702,1274168,1274195
7356,290,9702,1274195,1274485
9030,149,9702,1274485,1274634
1044,150,9703,1274633,1274783
1845,53,9703,1274783,1274836
6896,40,9703,1274836,1274876
2054,148,9704,1274875,1275023
4847,137,9704,1275023,1275160
8335,102,9704,1275160,1275262
8378,242,9704,1275262,1275504
8870,98,9704,1275504,1275602
9411,255,9704,1275602,1275857
1760,212,9705,1275856,1276068
3857,74,9705,1276068,1276142
7890,275,9705,1276142,1276417
8377,166,9705,1276417,1276583
8712,120,9705,1276583,1276703
2756,37,9706,1276702,1276739
4941,209,9706,1276739,1276948
7542,123,9706,1276948,1277071
8337,222,9706,1277071,1277293
8684,31,9706,1277293,1277324
2113,226,9707,1277323,1277549
2612,100,9707,1277549,1277649
7432,151,9707,1277649,1277800
9718,227,9707,1277800,1278027
1005,166,9708,1278026,1278192
1331,186,9708,1278192,1278378
4599,284,9708,1278378,1278662
4944,79,9708,1278662,1278741
7596,4,9708,1278741,1278745
8456,159,9708,1278745,1278904
4080,190,9709,1278903,1279093
4415,297,9709,1279093,1279390
5131,13,9709,1279390,1279403
2267,282,9710,1279402,1279684
3517,214,9710,1279684,1279898
3872,258,9710,1279898,1280156
4006,240,9710,1280156,1280396
7009,59,9710,1280396,1280455
8535,178,9710,1280455,1280633
9486,106,9710,1280633,1280739
1827,300,9711,1280738,1281038
4081,224,9711,1281038,1281262
6506,122,9711,1281262,1281384
7119,206,9711,1281384,1281590
7187,23,9711,1281590,1281613
8992,265,9711,1281613,1281878
3409,106,9712,1281877,1281983
5650,152,9712,1281983,1282135
7218,22,9712,1282135,1282157
7673,135,9712,1282157,1282292
8528,289,9712,1282292,1282581
4044,47,9713,1282580,1282627
1374,204,9714,1282626,1282830
4089,11,9714,1282830,1282841
4166,221,9714,1282841,1283062
4778,212,9714,1283062,1283274
5924,95,9714,1283274,1283369
8630,203,9714,1283369,1283572
9206,49,9714,1283572,1283621
9675,209,9714,1283621,1283830
2510,211,9715,1283829,1284040
6857,174,9715,1284040,1284214
7357,63,9715,1284214,1284277
7688,49,9715,1284277,1284326
7798,11,9715,1284326,1284337
9279,1,9715,1284337,1284338
9342,138,9715,1284338,1284476
1866,15,9716,1284475,1284490
3188,285,9716,1284490,1284775
5784,267,9716,1284775,1285042
6667,230,9716,1285042,1285272
7781,45,9716,1285272,1285317
1721,116,9717,1285316,1285432
2142,1,9717,1285432,1285433
4454,21,9717,1285433,1285454
4564,129,9717,1285454,1285583
6087,2,9717,1285583,1285585
8164,151,9717,1285585,1285736
3554,196,9718,1285735,1285931
4848,164,9718,1285931,1286095
5629,57,9718,1286095,1286152
9903,8,9718,1286152,1286160
1112,215,9719,1286159,1286374
2023,132,9719,1286374,1286506
3343,207,9719,1286506,1286713
6160,136,9719,1286713,1286849
6220,2,9719,1286849,1286851
7104,24,9719,1286851,1286875
8772,223,9719,1286875,1287098
3539,74,9720,1287097,1287171
5000,255,9720,1287171,1287426
2237,212,9721,1287425,1287637
3471,156,9721,1287637,1287793
5116,24,9721,1287793,1287817
8525,230,9721,1287817,1288047
8756,236,9721,1288047,1288283
2268,106,9722,1288282,1288388
3615,126,9722,1288388,1288514
4875,46,9722,1288514,1288560
6277,106,9722,1288560,1288666
6913,279,9722,1288666,1288945
7891,259,9722,1288945,1289204
8142,144,9722,1289204,1289348
9587,268,9722,1289348,1289616
4232,238,9723,1289615,1289853
6016,23,9723,1289853,1289876
6153,106,9723,1289876,1289982
6820,9,9723,1289982,1289991
7706,252,9723,1289991,1290243
7830,140,9723,1290243,1290383
1220,274,9724,1290382,1290656
3410,286,9724,1290656,1290942
4230,139,9724,1290942,1291081
4824,37,9724,1291081,1291118
4903,93,9724,1291118,1291211
7287,262,9724,1291211,1291473
5011,242,9725,1291472,1291714
6026,123,9725,1291714,1291837
6625,275,9725,1291837,1292112
6787,176,9725,1292112,1292288
2127,149,9726,1292287,1292436
8645,103,9726,1292436,1292539
2897,187,9727,1292538,1292725
7393,287,9727,1292725,1293012
7516,232,9727,1293012,1293244
9149,190,9727,1293244,1293434
1132,2,9728,1293433,1293435
1354,112,9728,1293435,1293547
2752,120,9728,1293547,1293667
5039,292,9728,1293667,1293959
1561,272,9729,1293958,1294230
4869,289,9729,1294230,1294519
6490,131,9729,1294519,1294650
7021,266,9729,1294650,1294916
7313,78,9729,1294916,1294994
7721,149,9729,1294994,1295143
1098,202,9730,1295142,1295344
1576,66,9730,1295344,1295410
4377,88,9730,1295410,1295498
5140,52,9730,1295498,1295550
6056,21,9730,1295550,1295571
9160,244,9730,1295571,1295815
6501,205,9731,1295814,1296019
7609,96,9731,1296019,1296115
8812,203,9731,1296115,1296318
9379,12,9731,1296318,1296330
1669,26,9732,1296329,1296355
1725,20,9732,1296355,1296375
2042,255,9732,1296375,1296630
6546,193,9732,1296630,1296823
7163,108,9732,1296823,1296931
9458,278,9732,1296931,1297209
4317,299,9733,1297208,1297507
5250,221,9733,1297507,1297728
1136,284,9734,1297727,1298011
3286,237,9734,1298011,1298248
4422,252,9734,1298248,1298500
5146,64,9734,1298500,1298564
5252,266,9734,1298564,1298830
7750,221,9734,1298830,1299051
8545,2,9734,1299051,1299053
2297,248,9735,1299052,1299300
7499,277,9735,1299300,1299577
8066,118,9735,1299577,1299695
9384,20,9735,1299695,1299715
1042,203,9736,1299714,1299917
1521,105,9736,1299917,1300022
2509,288,9736,1300022,1300310
3782,122,9736,1300310,1300432
5192,69,9736,1300432,1300501
6029,272,9736,1300501,1300773
6576,45,9736,1300773,1300818
4651,28,9737,1300817,1300845
9232,200,9737,1300845,1301045
1455,35,9738,1301044,1301079
2725,97,9738,1301079,1301176
4103,183,9738,1301176,1301359
4750,229,9738,1301359,1301588
4922,240,9738,1301588,1301828
9699,84,9738,1301828,1301912
5248,109,9739,1301911,1302020
6081,192,9739,1302020,1302212
6200,66,9739,1302212,1302278
8242,157,9739,1302278,1302435
9891,187,9739,1302435,1302622
9922,225,9739,1302622,1302847
1018,179,9740,1302846,1303025
1771,139,9740,1303025,1303164
2935,202,9740,1303164,1303366
3047,36,9741,1303365,1303401
5359,132,9741,1303401,1303533
5448,284,9741,1303533,1303817
6827,281,9741,1303817,1304098
7702,172,9741,1304098,1304270
8216,10,9741,1304270,1304280
8600,10,9741,1304280,1304290
1891,167,9742,1304289,1304456
4905,128,9742,1304456,1304584
5151,163,9742,1304584,1304747
6118,79,9742,1304747,1304826
6912,27,9742,1304826,1304853
1003,240,9743,1304852,1305092
2853,69,9743,1305092,1305161
3602,179,9743,1305161,1305340
7846,278,9743,1305340,1305618
9689,222,9743,1305618,1305840
1743,202,9744,1305839,1306041
3355,86,9744,1306041,1306127
4608,37,9744,1306127,1306164
8987,257,9744,1306164,1306421
5814,182,9745,1306420,1306602
6326,257,9745,1306602,1306859
6865,100,9745,1306859,1306959
7448,239,9745,1306959,1307198
9059,22,9745,1307198,1307220
8804,296,9746,1307219,1307515
9607,61,9746,1307515,1307576
9655,49,9746,1307576,1307625
9785,265,9746,1307625,1307890
1063,155,9747,1307889,1308044
5699,252,9747,1308044,1308296
3169,152,9748,1308295,1308447
4312,142,9748,1308447,1308589
5969,227,9748,1308589,1308816
8011,6,9748,1308816,1308822
2746,34,9749,1308821,1308855
2818,274,9749,1308855,1309129
3955,285,9749,1309129,1309414
4022,27,9749,1309414,1309441
5600,93,9749,1309441,1309534
7213,153,9749,1309534,1309687
8350,85,9749,1309687,1309772
9340,174,9749,1309772,1309946
1232,180,9750,1309945,1310125
4768,276,9750,1310125,1310401
5055,72,9750,1310401,1310473
5743,205,9750,1310473,1310678
1579,196,9751,1310677,1310873
1955,206,9751,1310873,1311079
4891,74,9751,1311079,1311153
9016,98,9751,1311153,1311251
1265,192,9752,1311250,1311442
2583,189,9752,1311442,1311631
7303,93,9752,1311631,1311724
7470,191,9752,1311724,1311915
10000,118,9752,1311915,1312033
1485,144,9753,1312032,1312176
1873,28,9753,1312176,1312204
1884,207,9753,1312204,1312411
3374,233,9753,1312411,1312644
3633,263,9753,1312644,1312907
3996,197,9753,1312907,1313104
5227,287,9753,1313104,1313391
7281,239,9753,1313391,1313630
7434,146,9753,1313630,1313776
7641,184,9753,1313776,1313960
2939,185,9754,1313959,1314144
8669,246,9754,1314144,1314390
9711,172,9754,1314390,1314562
4055,279,9755,1314561,1314840
4664,167,9755,1314840,1315007
5989,292,9755,1315007,1315299
7224,182,9755,1315299,1315481
8367,12,9755,1315481,1315493
9636,156,9755,1315493,1315649
1306,16,9756,1315648,1315664
1442,227,9756,1315664,1315891
2687,13,9756,1315891,1315904
2695,174,9756,1315904,1316078
2855,12,9756,1316078,1316090
9807,139,9756,1316090,1316229
4264,123,9757,1316228,1316351
6989,270,9757,1316351,1316621
7268,265,9757,1316621,1316886
7926,92,9757,1316886,1316978
8275,191,9757,1316978,1317169
4613,122,9758,1317168,1317290
5198,104,9758,1317290,1317394
8498,213,9758,1317394,1317607
8949,148,9758,1317607,1317755
9967,157,9758,1317755,1317912
3210,273,9759,1317911,1318184
7319,253,9759,1318184,1318437
2645,16,9760,1318436,1318452
2726,21,9760,1318452,1318473
3950,166,9760,1318473,1318639
4473,4,9760,1318639,1318643
4792,73,9760,1318643,1318716
5378,130,9760,1318716,1318846
1716,266,9761,1318845,1319111
2169,239,9761,1319111,1319350
3911,218,9761,1319350,1319568
8635,209,9761,1319568,1319777
9889,104,9761,1319777,1319881
4217,190,9762,1319880,1320070
9218,4,9762,1320070,1320074
9779,258,9762,1320074,1320332
1319,274,9763,1320331,1320605
2428,221,9763,1320605,1320826
2488,3,9763,1320826,1320829
7589,59,9763,1320829,1320888
8345,98,9763,1320888,1320986
8834,25,9763,1320986,1321011
8948,9,9763,1321011,1321020
9649,256,9763,1321020,1321276
1799,296,9764,1321275,1321571
5389,264,9764,1321571,1321835
7734,194,9764,1321835,1322029
6281,227,9765,1322028,1322255
1513,269,9766,1322254,1322523
1659,145,9766,1322523,1322668
2432,104,9766,1322668,1322772
2912,298,9766,1322772,1323070
7098,184,9766,1323070,1323254
7838,254,9766,1323254,1323508
8068,197,9766,1323508,1323705
8898,280,9766,1323705,1323985
9335,109,9766,1323985,1324094
9943,196,9766,1324094,1324290
1288,89,9767,1324289,1324378
2632,207,9767,1324378,1324585
2909,123,9767,1324585,1324708
4495,290,9767,1324708,1324998
7459,31,9767,1324998,1325029
9584,120,9767,1325029,1325149
1193,10,9768,1325148,1325158
1660,74,9768,1325158,1325232
3229,59,9768,1325232,1325291
4488,254,9768,1325291,1325545
5506,244,9768,1325545,1325789
8252,298,9768,1325789,1326087
3589,277,9769,1326086,1326363
5753,200,9769,1326363,1326563
6968,295,9769,1326563,1326858
7618,97,9769,1326858,1326955
7872,3,9769,1326955,1326958
1853,265,9770,1326957,1327222
2799,57,9770,1327222,1327279
4568,290,9770,1327279,1327569
8330,146,9770,1327569,1327715
9727,142,9770,1327715,1327857
6870,295,9771,1327856,1328151
3087,60,9772,1328150,1328210
4686,50,9772,1328210,1328260
4953,251,9772,1328260,1328511
6256,209,9772,1328511,1328720
7325,256,9772,1328720,1328976
3091,178,9773,1328975,1329153
6313,287,9773,1329153,1329440
6564,130,9773,1329440,1329570
7775,272,9773,1329570,1329842
8931,48,9773,1329842,1329890
9682,100,9773,1329890,1329990
6803,94,9774,1329989,1330083
8544,231,9774,1330083,1330314
9017,73,9774,1330314,1330387
9195,201,9774,1330387,1330588
9948,190,9774,1330588,1330778
4179,180,9775,1330777,1330957
4556,161,9775,1330957,1331118
5686,68,9775,1331118,1331186
6925,216,9775,1331186,1331402
7949,147,9775,1331402,1331549
8902,265,9775,1331549,1331814
4595,100,9776,1331813,1331913
6059,80,9776,1331913,1331993
7112,156,9776,1331993,1332149
7380,42,9776,1332149,1332191
2886,134,9777,1332190,1332324
5462,130,9777,1332324,1332454
5534,243,9777,1332454,1332697
8178,148,9777,1332697,1332845
8793,160,9777,1332845,1333005
3181,4,9778,1333004,1333008
3183,226,9778,1333008,1333234
3455,251,9778,1333234,1333485
5442,36,9778,1333485,1333521
9252,232,9778,1333521,1333753
2531,236,9780,1333751,1333987
1805,184,9781,1333986,1334170
3603,35,9781,1334170,1334205
3771,47,9781,1334205,1334252
4429,46,9781,1334252,1334298
5913,206,9781,1334298,1334504
3020,64,9782,1334503,1334567
5147,12,9782,1334567,1334579
6131,266,9782,1334579,1334845
3809,84,9783,1334844,1334928
5696,47,9783,1334928,1334975
5731,100,9783,1334975,1335075
8095,287,9783,1335075,1335362
8333,34,9783,1335362,1335396
9127,62,9783,1335396,1335458
1128,259,9784,1335457,1335716
3121,288,9784,1335716,1336004
3302,39,9784,1336004,1336043
4255,124,9784,1336043,1336167
4333,46,9784,1336167,1336213
8239,280,9784,1336213,1336493
8962,269,9784,1336493,1336762
2275,138,9785,1336761,1336899
2837,254,9785,1336899,1337153
8174,183,9785,1337153,1337336
3358,106,9786,1337335,1337441
3463,44,9786,1337441,1337485
4047,149,9786,1337485,1337634
6338,217,9786,1337634,1337851
2064,162,9787,1337850,1338012
4063,65,9787,1338012,1338077
5737,285,9787,1338077,1338362
5880,179,9787,1338362,1338541
6929,258,9787,1338541,1338799
8694,33,9787,1338799,1338832
9108,189,9787,1338832,1339021
2138,201,9788,1339020,1339221
2872,45,9788,1339221,1339266
5085,126,9788,1339266,1339392
5380,160,9788,1339392,1339552
5634,142,9788,1339552,1339694
1057,276,9789,1339693,1339969
5872,276,9789,1339969,1340245
3201,113,9790,1340244,1340357
5275,274,9790,1340357,1340631
9269,12,9790,1340631,1340643
9671,121,9790,1340643,1340764
4029,129,9791,1340763,1340892
8857,199,9791,1340892,1341091
1978,260,9792,1341090,1341350
2501,37,9792,1341350,1341387
4235,264,9792,1341387,1341651
4925,56,9792,1341651,1341707
3625,38,9793,1341706,1341744
4019,223,9793,1341744,1341967
4843,40,9793,1341967,1342007
5609,58,9793,1342007,1342065
9418,185,9793,1342065,1342250
5619,167,9794,1342249,1342416
5898,269,9794,1342416,1342685
6476,149,9794,1342685,1342834
6638,23,9794,1342834,1342857
9566,6,9794,1342857,1342863
9666,266,9794,1342863,1343129
9975,157,9794,1343129,1343286
2043,268,9795,1343285,1343553
3651,2,9795,1343553,1343555
3981,275,9795,1343555,1343830
8013,296,9795,1343830,1344126
8553,207,9795,1344126,1344333
9296,153,9795,1344333,1344486
5613,240,9796,1344485,1344725
7993,278,9796,1344725,1345003
1904,27,9797,1345002,1345029
2017,5,9797,1345029,1345034
5137,97,9797,1345034,1345131
5742,8,9797,1345131,1345139
6116,29,9797,1345139,1345168
8521,43,9797,1345168,1345211
9445,236,9797,1345211,1345447
1693,259,9798,1345446,1345705
3322,122,9798,1345705,1345827
4173,225,9798,1345827,1346052
4351,95,9798,1346052,1346147
5833,61,9798,1346147,1346208
7777,197,9798,1346208,1346405
8187,223,9798,1346405,1346628
8441,25,9798,1346628,1346653
3067,254,9799,1346652,1346906
7763,161,9799,1346906,1347067
7839,257,9799,1347067,1347324
9287,276,9799,1347324,1347600
4820,163,9800,1347599,1347762
6093,248,9800,1347762,1348010
6637,109,9800,1348010,1348119
7937,83,9800,1348119,1348202
9409,3,9800,1348202,1348205
9606,253,9800,1348205,1348458
2973,276,9801,1348457,1348733
8515,297,9801,1348733,1349030
2708,214,9803,1349028,1349242
4246,153,9803,1349242,1349395
8695,146,9803,1349395,1349541
9739,39,9803,1349541,1349580
3267,247,9804,1349579,1349826
4811,18,9804,1349826,1349844
7792,169,9804,1349844,1350013
9422,289,9804,1350013,1350302
9615,250,9804,1350302,1350552
4573,72,9805,1350551,1350623
5789,135,9805,1350623,1350758
1602,259,9806,1350757,1351016
2314,49,9806,1351016,1351065
3448,237,9806,1351065,1351302
8502,239,9806,1351302,1351541
9527,138,9806,1351541,1351679
2605,20,9807,1351678,1351698
6749,223,9807,1351698,1351921
6871,20,9807,1351921,1351941
1982,4,9808,1351940,1351944
2798,284,9808,1351944,1352228
4280,208,9808,1352228,1352436
4683,289,9808,1352436,1352725
4515,24,9809,1352724,1352748
6466,98,9809,1352748,1352846
6922,156,9809,1352846,1353002
7130,134,9809,1353002,1353136
9824,13,9809,1353136,1353149
1072,226,9810,1353148,1353374
5311,12,9810,1353374,1353386
6244,80,9810,1353386,1353466
8661,109,9810,1353466,1353575
9063,202,9810,1353575,1353777
3775,176,9811,1353776,1353952
8623,95,9811,1353952,1354047
3219,110,9812,1354046,1354156
3401,189,9812,1354156,1354345
3750,176,9812,1354345,1354521
4872,99,9812,1354521,1354620
8862,98,9812,1354620,1354718
1626,126,9813,1354717,1354843
6764,266,9813,1354843,1355109
6979,66,9813,1355109,1355175
2375,250,9814,1355174,1355424
2567,24,9814,1355424,1355448
2604,132,9814,1355448,1355580
2888,284,9814,1355580,1355864
5647,86,9814,1355864,1355950
6219,276,9814,1355950,1356226
7502,185,9814,1356226,1356411
9370,206,9814,1356411,1356617
1287,194,9815,1356616,1356810
9395,54,9815,1356810,1356864
1483,197,9816,1356863,1357060
3863,281,9816,1357060,1357341
1298,270,9817,1357340,1357610
2080,217,9817,1357610,1357827
4389,18,9817,1357827,1357845
4829,114,9817,1357845,1357959
5024,224,9817,1357959,1358183
8763,185,9817,1358183,1358368
9981,146,9817,1358368,1358514
4708,140,9818,1358513,1358653
6445,263,9819,1358652,1358915
7416,7,9819,1358915,1358922
7735,57,9819,1358922,1358979
5172,139,9820,1358978,1359117
5405,296,9820,1359117,1359413
5709,189,9820,1359413,1359602
6098,50,9820,1359602,1359652
8858,289,9820,1359652,1359941
9322,139,9820,1359941,1360080
4547,41,9821,1360079,1360120
6208,50,9821,1360120,1360170
6566,158,9821,1360170,1360328
7285,196,9821,1360328,1360524
7807,60,9821,1360524,1360584
8486,216,9821,1360584,1360800
8608,113,9821,1360800,1360913
9263,78,9821,1360913,1360991
1114,78,9822,1360990,1361068
3429,80,9822,1361068,1361148
4632,215,9822,1361148,1361363
5001,292,9822,1361363,1361655
5008,199,9822,1361655,1361854
5708,275,9822,1361854,1362129
6864,109,9822,1362129,1362238
8522,183,9822,1362238,1362421
9609,145,9822,1362421,1362566
2543,235,9823,1362565,1362800
3200,53,9823,1362800,1362853
7929,103,9823,1362853,1362956
9308,140,9823,1362956,1363096
2903,160,9824,1363095,1363255
3154,68,9824,1363255,1363323
4150,131,9824,1363323,1363454
5606,63,9824,1363454,1363517
5698,84,9824,1363517,1363601
7145,292,9824,1363601,1363893
2186,1,9825,1363892,1363893
3043,169,9825,1363893,1364062
3522,44,9825,1364062,1364106
5382,42,9825,1364106,1364148
3688,49,9826,1364147,1364196
9843,297,9826,1364196,1364493
1024,199,9827,1364492,1364691
3497,296,9827,1364691,1364987
5907,140,9827,1364987,1365127
7581,259,9827,1365127,1365386
8186,198,9827,1365386,1365584
8237,247,9827,1365584,1365831
9389,209,9827,1365831,1366040
9497,15,9827,1366040,1366055
7661,211,9828,1366054,1366265
9548,136,9828,1366265,1366401
1356,217,9829,1366400,1366617
5479,87,9829,1366617,1366704
6983,93,9829,1366704,1366797
2321,266,9830,1366796,1367062
4727,169,9830,1367062,1367231
7369,131,9830,1367231,1367362
7515,237,9830,1367362,1367599
8321,95,9830,1367599,1367694
1528,90,9831,1367693,1367783
1935,17,9831,1367783,1367800
2616,186,9831,1367800,1367986
8103,47,9831,1367986,1368033
1142,100,9832,1368032,1368132
1427,168,9832,1368132,1368300
2304,84,9832,1368300,1368384
3383,188,9832,1368384,1368572
7341,178,9832,1368572,1368750
8534,70,9832,1368750,1368820
8702,106,9832,1368820,1368926
1812,35,9833,1368925,1368960
7445,23,9833,1368960,1368983
8686,184,9833,1368983,1369167
1606,201,9834,1369166,1369367
2475,239,9834,1369367,1369606
2578,35,9834,1369606,1369641
7228,52,9834,1369641,1369693
5850,143,9835,1369692,1369835
6248,95,9835,1369835,1369930
9294,160,9835,1369930,1370090
9817,173,9835,1370090,1370263
1055,117,9836,1370262,1370379
8854,70,9836,1370379,1370449
9044,279,9836,1370449,1370728
1129,289,9837,1370727,1371016
4239,46,9837,1371016,1371062
5728,92,9837,1371062,1371154
1586,66,9838,1371153,1371219
4631,178,9838,1371219,1371397
7216,113,9838,1371397,1371510
8499,87,9838,1371510,1371597
3480,134,9839,1371596,1371730
3558,5,9839,1371730,1371735
7849,214,9839,1371735,1371949
8886,110,9839,1371949,1372059
3081,40,9840,1372058,1372098
5949,87,9840,1372098,1372185
6755,221,9841,1372184,1372405
7484,112,9841,1372405,1372517
8734,132,9841,1372517,1372649
8875,86,9841,1372649,1372735
9595,149,9841,1372735,1372884
6168,136,9842,1372883,1373019
7966,245,9842,1373019,1373264
1699,119,9843,1373263,1373382
1964,14,9843,1373382,1373396
4665,21,9843,1373396,1373417
6507,242,9843,1373417,1373659
7828,95,9843,1373659,1373754
1894,164,9844,1373753,1373917
3889,24,9844,1373917,1373941
4328,94,9844,1373941,1374035
4889,216,9844,1374035,1374251
5601,96,9844,1374251,1374347
6668,54,9844,1374347,1374401
5578,129,9845,1374400,1374529
9071,265,9845,1374529,1374794
7898,68,9846,1374793,1374861
8926,123,9846,1374861,1374984
2819,210,9847,1374983,1375193
3978,231,9847,1375193,1375424
8848,56,9847,1375424,1375480
9762,191,9847,1375480,1375671
1786,281,9848,1375670,1375951
2242,271,9848,1375951,1376222
7517,43,9848,1376222,1376265
1398,214,9849,1376264,1376478
1967,293,9849,1376478,1376771
2671,277,9849,1376771,1377048
4703,77,9849,1377048,1377125
9295,23,9849,1377125,1377148
1257,279,9850,1377147,1377426
1574,71,9850,1377426,1377497
2529,195,9850,1377497,1377692
2634,275,9850,1377692,1377967
4844,220,9850,1377967,1378187
6120,263,9850,1378187,1378450
6324,88,9851,1378449,1378537
8341,154,9851,1378537,1378691
1138,12,9852,1378690,1378702
2765,23,9852,1378702,1378725
5799,282,9852,1378725,1379007
7699,7,9852,1379007,1379014
5879,4,9853,1379013,1379017
2022,277,9854,1379016,1379293
5694,193,9854,1379293,1379486
7940,295,9854,1379486,1379781
2413,228,9855,1379780,1380008
3205,151,9855,1380008,1380159
5633,230,9855,1380159,1380389
7142,167,9855,1380389,1380556
8560,204,9855,1380556,1380760
8658,9,9855,1380760,1380769
1415,248,9856,1380768,1381016
5449,219,9856,1381016,1381235
5518,282,9856,1381235,1381517
5639,188,9856,1381517,1381705
5752,165,9856,1381705,1381870
5836,102,9856,1381870,1381972
7437,266,9856,1381972,1382238
7479,149,9856,1382238,1382387
3005,186,9857,1382386,1382572
4976,235,9857,1382572,1382807
7587,299,9858,1382806,1383105
9500,153,9858,1383105,1383258
3531,289,9859,1383257,1383546
3884,217,9859,1383546,1383763
6379,106,9859,1383763,1383869
3904,21,9860,1383868,1383889
4471,269,9860,1383889,1384158
6148,294,9860,1384158,1384452
8153,256,9860,1384452,1384708
8672,33,9860,1384708,1384741
2566,300,9861,1384740,1385040
2737,212,9861,1385040,1385252
3503,54,9861,1385252,1385306
7905,274,9861,1385306,1385580
1280,196,9862,1385579,1385775
2571,130,9862,1385775,1385905
3097,166,9862,1385905,1386071
4256,72,9862,1386071,1386143
5522,50,9862,1386143,1386193
6386,259,9862,1386193,1386452
6697,216,9862,1386452,1386668
9169,103,9862,1386668,1386771
9401,132,9862,1386771,1386903
8371,181,9863,1386902,1387083
2868,98,9864,1387082,1387180
4296,89,9864,1387180,1387269
5492,279,9864,1387269,1387548
6014,38,9864,1387548,1387586
3365,29,9865,1387585,1387614
3684,205,9865,1387614,1387819
6229,173,9865,1387819,1387992
6891,13,9865,1387992,1388005
8038,282,9865,1388005,1388287
8423,230,9865,1388287,1388517
8872,69,9865,1388517,1388586
9865,137,9865,1388586,1388723
2365,262,9866,1388722,1388984
7256,207,9866,1388984,1389191
9551,234,9866,1389191,1389425
2223,81,9867,1389424,1389505
3842,54,9867,1389505,1389559
6083,230,9867,1389559,1389789
7724,139,9867,1389789,1389928
7736,96,9867,1389928,1390024
1947,147,9868,1390023,1390170
3879,254,9868,1390170,1390424
6252,203,9868,1390424,1390627
7305,224,9868,1390627,1390851
5110,212,9869,1390850,1391062
5946,218,9869,1391062,1391280
2179,170,9870,1391279,1391449
2720,171,9870,1391449,1391620
3605,149,9870,1391620,1391769
8139,206,9870,1391769,1391975
2494,79,9871,1391974,1392053
2555,111,9871,1392053,1392164
3814,191,9871,1392164,1392355
5313,178,9871,1392355,1392533
1499,293,9872,1392532,1392825
2944,212,9872,1392825,1393037
3597,65,9872,1393037,1393102
4353,226,9872,1393102,1393328
4836,81,9872,1393328,1393409
4896,91,9872,1393409,1393500
6254,78,9872,1393500,1393578
8210,195,9872,1393578,1393773
9737,175,9872,1393773,1393948
1650,150,9873,1393947,1394097
3141,186,9873,1394097,1394283
3710,161,9873,1394283,1394444
8541,221,9873,1394444,1394665
8816,182,9873,1394665,1394847
8871,184,9873,1394847,1395031
5677,242,9874,1395030,1395272
7111,237,9874,1395272,1395509
8612,222,9874,1395509,1395731
2082,281,9875,1395730,1396011
2415,8,9875,1396011,1396019
5505,165,9875,1396019,1396184
9012,63,9875,1396184,1396247
9329,217,9875,1396247,1396464
2718,2,9876,1396463,1396465
2822,127,9876,1396465,1396592
4169,278,9876,1396592,1396870
4455,117,9876,1396870,1396987
7654,204,9876,1396987,1397191
9702,166,9876,1397191,1397357
1149,295,9877,1397356,1397651
2441,250,9877,1397651,1397901
5920,217,9877,1397901,1398118
6748,252,9877,1398118,1398370
7028,219,9877,1398370,1398589
7042,269,9877,1398589,1398858
8308,206,9877,1398858,1399064
8519,56,9877,1399064,1399120
2664,11,9878,1399119,1399130
4957,49,9878,1399130,1399179
5381,44,9878,1399179,1399223
8218,202,9878,1399223,1399425
8664,69,9878,1399425,1399494
9794,88,9878,1399494,1399582
1768,52,9879,1399581,1399633
2364,142,9879,1399633,1399775
4774,289,9879,1399775,1400064
4135,218,9880,1400063,1400281
4186,15,9880,1400281,1400296
5063,273,9880,1400296,1400569
9774,109,9880,1400569,1400678
1140,28,9881,1400677,1400705
3131,153,9882,1400704,1400857
4803,278,9882,1400857,1401135
5407,82,9882,1401135,1401217
7943,299,9882,1401217,1401516
2158,275,9883,1401515,1401790
4738,245,9883,1401790,1402035
5498,36,9883,1402035,1402071
6586,203,9883,1402071,1402274
6767,225,9883,1402274,1402499
7244,127,9883,1402499,1402626
8603,290,9883,1402626,1402916
2181,142,9884,1402915,1403057
6132,209,9884,1403057,1403266
6782,168,9884,1403266,1403434
7191,17,9884,1403434,1403451
9231,140,9884,1403451,1403591
2954,57,9885,1403590,1403647
4111,244,9885,1403647,1403891
6741,69,9885,1403891,1403960
7480,114,9885,1403960,1404074
9104,264,9885,1404074,1404338
3453,140,9886,1404337,1404477
6575,118,9886,1404477,1404595
7633,256,9886,1404595,1404851
8008,204,9886,1404851,1405055
8798,218,9886,1405055,1405273
9196,52,9886,1405273,1405325
1527,226,9887,1405324,1405550
1737,261,9888,1405549,1405810
2090,90,9888,1405810,1405900
3695,29,9888,1405900,1405929
6915,206,9888,1405929,1406135
7718,57,9888,1406135,1406192
8933,189,9888,1406192,1406381
9459,265,9888,1406381,1406646
1749,35,9889,1406645,1406680
2552,285,9889,1406680,1406965
2161,105,9890,1406964,1407069
3112,10,9890,1407069,1407079
4497,31,9890,1407079,1407110
5590,67,9890,1407110,1407177
6311,58,9890,1407177,1407235
9107,89,9890,1407235,1407324
9132,58,9890,1407324,1407382
9275,9,9890,1407382,1407391
2496,278,9891,1407390,1407668
5846,9,9891,1407668,1407677
9311,6,9891,1407677,1407683
9318,98,9891,1407683,1407781
9885,149,9891,1407781,1407930
2859,135,9892,1407929,1408064
3335,178,9892,1408064,1408242
4721,258,9892,1408242,1408500
5059,139,9892,1408500,1408639
9953,214,9892,1408639,1408853
1687,231,9893,1408852,1409083
3713,31,9893,1409083,1409114
4688,53,9893,1409114,1409167
5585,199,9893,1409167,1409366
5691,28,9893,1409366,1409394
6154,257,9893,1409394,1409651
7066,176,9893,1409651,1409827
7510,75,9893,1409827,1409902
7862,135,9893,1409902,1410037
1383,146,9894,1410036,1410182
3604,178,9894,1410182,1410360
4342,274,9894,1410360,1410634
4656,246,9894,1410634,1410880
5433,288,9894,1410880,1411168
5770,2,9894,1411168,1411170
8518,288,9894,1411170,1411458
8736,224,9894,1411458,1411682
1393,18,9895,1411681,1411699
2279,228,9895,1411699,1411927
6677,227,9895,1411927,1412154
7114,45,9895,1412154,1412199
1806,29,9896,1412198,1412227
2167,8,9896,1412227,1412235
2502,283,9896,1412235,1412518
2574,233,9896,1412518,1412751
3690,185,9896,1412751,1412936
7665,8,9896,1412936,1412944
8622,200,9896,1412944,1413144
1361,88,9897,1413143,1413231
2098,240,9897,1413231,1413471
5305,70,9897,1413471,1413541
7832,79,9897,1413541,1413620
7847,47,9897,1413620,1413667
7871,12,9897,1413667,1413679
2940,191,9898,1413678,1413869
3328,184,9898,1413869,1414053
9035,298,9898,1414053,1414351
2938,286,9899,1414350,1414636
7426,220,9899,1414636,1414856
9345,130,9899,1414856,1414986
2001,209,9900,1414985,1415194
2443,217,9900,1415194,1415411
3258,180,9900,1415411,1415591
9285,187,9900,1415591,1415778
9950,29,9900,1415778,1415807
3211,215,9901,1415806,1416021
4436,111,9901,1416021,1416132
9450,269,9901,1416132,1416401
5662,87,9902,1416400,1416487
7188,240,9902,1416487,1416727
1089,272,9903,1416726,1416998
1727,10,9903,1416998,1417008
2408,24,9903,1417008,1417032
7214,51,9903,1417032,1417083
9307,25,9903,1417083,1417108
3053,169,9904,1417107,1417276
3805,37,9904,1417276,1417313
1021,37,9905,1417312,1417349
3726,35,9905,1417349,1417384
4588,156,9905,1417384,1417540
5602,71,9905,1417540,1417611
6224,101,9905,1417611,1417712
9328,59,9905,1417712,1417771
2537,257,9906,1417770,1418027
3475,87,9906,1418027,1418114
4247,228,9906,1418114,1418342
6315,34,9906,1418342,1418376
6493,240,9906,1418376,1418616
6517,126,9906,1418616,1418742
1562,205,9907,1418741,1418946
4452,278,9907,1418946,1419224
7825,46,9907,1419224,1419270
8849,166,9907,1419270,1419436
2405,298,9908,1419435,1419733
7566,126,9908,1419733,1419859
7687,81,9908,1419859,1419940
8451,43,9908,1419940,1419983
9842,286,9908,1419983,1420269
3880,267,9909,1420268,1420535
6988,151,9909,1420535,1420686
8717,229,9909,1420686,1420915
4461,237,9910,1420914,1421151
5044,53,9910,1421151,1421204
7824,236,9910,1421204,1421440
8419,208,9910,1421440,1421648
8601,54,9910,1421648,1421702
6852,152,9911,1421701,1421853
7251,229,9911,1421853,1422082
7568,140,9911,1422082,1422222
9377,224,9911,1422222,1422446
1141,195,9912,1422445,1422640
3079,133,9912,1422640,1422773
4711,1,9912,1422773,1422774
5344,64,9912,1422774,1422838
9705,66,9912,1422838,1422904
7513,26,9913,1422903,1422929
2341,283,9914,1422928,1423211
3242,74,9914,1423211,1423285
3893,35,9914,1423285,1423320
2153,110,9915,1423319,1423429
7433,103,9915,1423429,1423532
1848,257,9916,1423531,1423788
3850,249,9916,1423788,1424037
4628,16,9916,1424037,1424053
8361,177,9916,1424053,1424230
2353,285,9917,1424229,1424514
5788,72,9917,1424514,1424586
8263,23,9917,1424586,1424609
2446,47,9918,1424608,1424655
4107,151,9918,1424655,1424806
1182,48,9919,1424805,1424853
2342,285,9919,1424853,1425138
5398,41,9919,1425138,1425179
8376,255,9919,1425179,1425434
8650,131,9919,1425434,1425565
9533,29,9919,1425565,1425594
2711,270,9920,1425593,1425863
2945,13,9920,1425863,1425876
5414,289,9920,1425876,1426165
7893,270,9920,1426165,1426435
1120,100,9921,1426434,1426534
2057,140,9921,1426534,1426674
3486,60,9921,1426674,1426734
4181,153,9921,1426734,1426887
4712,105,9921,1426887,1426992
7031,37,9921,1426992,1427029
7155,190,9921,1427029,1427219
7443,135,9921,1427219,1427354
9430,108,9921,1427354,1427462
9861,66,9921,1427462,1427528
2882,113,9922,1427527,1427640
3457,275,9922,1427640,1427915
3567,130,9922,1427915,1428045
3570,34,9922,1428045,1428079
3580,65,9922,1428079,1428144
4761,249,9922,1428144,1428393
6433,57,9922,1428393,1428450
6541,183,9922,1428450,1428633
7171,296,9922,1428633,1428929
2735,122,9923,1428928,1429050
4142,86,9923,1429050,1429136
4424,37,9923,1429136,1429173
4714,195,9923,1429173,1429368
5520,3,9923,1429368,1429371
6279,257,9923,1429371,1429628
9152,98,9923,1429628,1429726
9578,40,9923,1429726,1429766
2842,134,9924,1429765,1429899
3093,269,9924,1429899,1430168
4630,103,9924,1430168,1430271
6642,118,9924,1430271,1430389
8023,196,9924,1430389,1430585
8825,208,9924,1430585,1430793
9491,129,9925,1430792,1430921
1419,165,9926,1430920,1431085
3720,75,9926,1431085,1431160
6170,135,9926,1431160,1431295
6759,153,9926,1431295,1431448
9915,264,9927,1431447,1431711
1814,204,9928,1431710,1431914
3162,185,9928,1431914,1432099
4496,211,9928,1432099,1432310
5043,204,9929,1432309,1432513
8198,195,9929,1432513,1432708
3048,293,9930,1432707,1433000
4030,222,9930,1433000,1433222
5538,149,9930,1433222,1433371
5998,71,9930,1433371,1433442
6021,85,9930,1433442,1433527
6607,261,9930,1433527,1433788
3294,157,9931,1433787,1433944
4970,6,9931,1433944,1433950
5156,78,9931,1433950,1434028
5174,145,9931,1434028,1434173
6797,267,9931,1434173,1434440
7637,73,9931,1434440,1434513
6307,157,9932,1434512,1434669
7441,177,9932,1434669,1434846
8226,273,9932,1434846,1435119
2278,12,9933,1435118,1435130
4393,154,9933,1435130,1435284
8568,39,9933,1435284,1435323
2028,169,9934,1435322,1435491
3058,213,9934,1435491,1435704
4314,48,9934,1435704,1435752
5657,179,9934,1435752,1435931
7622,165,9934,1435931,1436096
9880,61,9934,1436096,1436157
1041,59,9935,1436156,1436215
1701,272,9935,1436215,1436487
3373,11,9935,1436487,1436498
8768,240,9935,1436498,1436738
9800,164,9935,1436738,1436902
1710,68,9936,1436901,1436969
2890,198,9936,1436969,1437167
4616,101,9936,1437167,1437268
9468,296,9936,1437268,1437564
4064,29,9937,1437563,1437592
6946,74,9937,1437592,1437666
9588,249,9937,1437666,1437915
3271,215,9938,1437914,1438129
3854,99,9938,1438129,1438228
5445,124,9938,1438228,1438352
7253,19,9938,1438352,1438371
7671,267,9938,1438371,1438638
9797,118,9938,1438638,1438756
6340,253,9939,1438755,1439008
7259,26,9939,1439008,1439034
4586,31,9940,1439033,1439064
6068,45,9940,1439064,1439109
6282,235,9940,1439109,1439344
7850,149,9940,1439344,1439493
2426,236,9941,1439492,1439728
2877,246,9941,1439728,1439974
3426,263,9941,1439974,1440237
3994,165,9941,1440237,1440402
4511,20,9941,1440402,1440422
4685,246,9941,1440422,1440668
5242,219,9941,1440668,1440887
5612,154,9941,1440887,1441041
6043,108,9941,1441041,1441149
7716,280,9941,1441149,1441429
9516,280,9941,1441429,1441709
2860,186,9942,1441708,1441894
3886,121,9942,1441894,1442015
5323,72,9942,1442015,1442087
5426,77,9942,1442087,1442164
4323,245,9943,1442163,1442408
1340,26,9944,1442407,1442433
4250,253,9944,1442433,1442686
1029,224,9945,1442685,1442909
3411,234,9945,1442909,1443143
4249,205,9945,1443143,1443348
5925,87,9945,1443348,1443435
7630,197,9945,1443435,1443632
7797,90,9945,1443632,1443722
8408,148,9945,1443722,1443870
9847,139,9945,1443870,1444009
3074,189,9946,1444008,1444197
3733,205,9946,1444197,1444402
4354,206,9946,1444402,1444608
4639,108,9946,1444608,1444716
4958,95,9946,1444716,1444811
6657,284,9946,1444811,1445095
6985,275,9946,1445095,1445370
7335,62,9946,1445370,1445432
8531,182,9946,1445432,1445614
3760,174,9947,1445613,1445787
5206,131,9947,1445787,1445918
1661,29,9948,1445917,1445946
8785,60,9948,1445946,1446006
3612,191,9949,1446005,1446196
4128,135,9949,1446196,1446331
4522,56,9949,1446331,1446387
8972,58,9949,1446387,1446445
1702,149,9950,1446444,1446593
2058,49,9950,1446593,1446642
2166,8,9950,1446642,1446650
3172,43,9950,1446650,1446693
3465,46,9950,1446693,1446739
4523,183,9950,1446739,1446922
8315,13,9950,1446922,1446935
4066,192,9951,1446934,1447126
4376,287,9951,1447126,1447413
6382,74,9951,1447413,1447487
9838,85,9951,1447487,1447572
1558,38,9952,1447571,1447609
3108,157,9952,1447609,1447766
3142,130,9952,1447766,1447896
6203,15,9952,1447896,1447911
6419,142,9952,1447911,1448053
7904,31,9952,1448053,1448084
9504,216,9952,1448084,1448300
9667,96,9952,1448300,1448396
7199,106,9953,1448395,1448501
8057,52,9953,1448501,1448553
9708,59,9953,1448553,1448612
1943,136,9954,1448611,1448747
2262,74,9954,1448747,1448821
5261,218,9954,1448821,1449039
5705,74,9954,1449039,1449113
6149,26,9954,1449113,1449139
6694,281,9954,1449139,1449420
6874,120,9954,1449420,1449540
6939,148,9954,1449540,1449688
6978,88,9954,1449688,1449776
5889,76,9955,1449775,1449851
7534,220,9955,1449851,1450071
7265,37,9956,1450070,1450107
9638,4,9956,1450107,1450111
4799,67,9957,1450110,1450177
1169,29,9958,1450176,1450205
2827,42,9958,1450205,1450247
4032,14,9958,1450247,1450261
7077,284,9958,1450261,1450545
1069,135,9959,1450544,1450679
6012,171,9959,1450679,1450850
7381,169,9959,1450850,1451019
9633,201,9959,1451019,1451220
1095,151,9960,1451219,1451370
4985,43,9961,1451369,1451412
6339,15,9961,1451412,1451427
1050,43,9962,1451426,1451469
7003,126,9962,1451469,1451595
8485,269,9962,1451595,1451864
5942,168,9963,1451863,1452031
9476,194,9963,1452031,1452225
2307,48,9964,1452224,1452272
2657,65,9964,1452272,1452337
3943,140,9964,1452337,1452477
5281,184,9964,1452477,1452661
5537,248,9964,1452661,1452909
6618,55,9964,1452909,1452964
8099,122,9964,1452964,1453086
8209,213,9964,1453086,1453299
8381,95,9964,1453299,1453394
2271,300,9965,1453393,1453693
4254,85,9965,1453693,1453778
4428,45,9965,1453778,1453823
5892,109,9965,1453823,1453932
6494,46,9965,1453932,1453978
2455,170,9966,1453977,1454147
3808,32,9966,1454147,1454179
9284,98,9966,1454179,1454277
1285,169,9967,1454276,1454445
1681,9,9967,1454445,1454454
2367,24,9967,1454454,1454478
4706,76,9967,1454478,1454554
6471,51,9967,1454554,1454605
6731,147,9967,1454605,1454752
6817,7,9967,1454752,1454759
7342,201,9967,1454759,1454960
9398,217,9967,1454960,1455177
3015,59,9968,1455176,1455235
8279,181,9968,1455235,1455416
2908,299,9969,1455415,1455714
7220,14,9969,1455714,1455728
1131,128,9970,1455727,1455855
1836,272,9970,1455855,1456127
6729,75,9970,1456127,1456202
8159,151,9970,1456202,1456353
3010,268,9971,1456352,1456620
7150,253,9971,1456620,1456873
1865,104,9972,1456872,1456976
3524,234,9972,1456976,1457210
5411,30,9972,1457210,1457240
6239,70,9972,1457240,1457310
7818,297,9972,1457310,1457607
2557,136,9973,1457606,1457742
9431,165,9973,1457742,1457907
9710,4,9973,1457907,1457911
1068,231,9975,1457909,1458140
3143,140,9975,1458140,1458280
3189,134,9975,1458280,1458414
5041,218,9975,1458414,1458632
6223,216,9975,1458632,1458848
6733,49,9975,1458848,1458897
1770,300,9976,1458896,1459196
3542,87,9976,1459196,1459283
4773,231,9976,1459283,1459514
4993,91,9976,1459514,1459605
5997,245,9976,1459605,1459850
9925,36,9976,1459850,1459886
5444,73,9977,1459885,1459958
7575,63,9977,1459958,1460021
1680,278,9978,1460020,1460298
3513,154,9978,1460298,1460452
5676,202,9978,1460452,1460654
6511,21,9978,1460654,1460675
9744,248,9978,1460675,1460923
2714,150,9979,1460922,1461072
2814,95,9979,1461072,1461167
3099,106,9979,1461167,1461273
4065,20,9979,1461273,1461293
4701,256,9979,1461293,1461549
8380,102,9979,1461549,1461651
9137,113,9979,1461651,1461764
9549,34,9979,1461764,1461798
1971,282,9980,1461797,1462079
6845,162,9981,1462078,1462240
7605,155,9981,1462240,1462395
8258,201,9981,1462395,1462596
8436,81,9981,1462596,1462677
9364,94,9981,1462677,1462771
2493,280,9982,1462770,1463050
6606,117,9982,1463050,1463167
5056,204,9983,1463166,1463370
5149,231,9983,1463370,1463601
6128,22,9983,1463601,1463623
6158,225,9983,1463623,1463848
9613,254,9983,1463848,1464102
2284,148,9984,1464101,1464249
6031,192,9984,1464249,1464441
7273,100,9984,1464441,1464541
8754,228,9984,1464541,1464769
4120,239,9985,1464768,1465007
4591,79,9985,1465007,1465086
4612,7,9985,1465086,1465093
1560,220,9986,1465092,1465312
2767,128,9986,1465312,1465440
4755,198,9986,1465440,1465638
4973,115,9986,1465638,1465753
5831,136,9986,1465753,1465889
5941,40,9986,1465889,1465929
8675,169,9986,1465929,1466098
9792,218,9986,1466098,1466316
1724,205,9987,1466315,1466520
4276,46,9987,1466520,1466566
7192,236,9987,1466566,1466802
1013,246,9988,1466801,1467047
1203,228,9988,1467047,1467275
1497,268,9988,1467275,1467543
1914,25,9988,1467543,1467568
2192,278,9988,1467568,1467846
5118,222,9988,1467846,1468068
5730,163,9988,1468068,1468231
6025,191,9988,1468231,1468422
6095,132,9988,1468422,1468554
6535,167,9988,1468554,1468721
7852,240,9988,1468721,1468961
8446,49,9988,1468961,1469010
4519,65,9989,1469009,1469074
8283,245,9989,1469074,1469319
9567,293,9989,1469319,1469612
2197,151,9990,1469611,1469762
5079,234,9990,1469762,1469996
7263,26,9990,1469996,1470022
7930,162,9990,1470022,1470184
7989,94,9990,1470184,1470278
9406,36,9990,1470278,1470314
7916,217,9991,1470313,1470530
3167,142,9992,1470529,1470671
3474,230,9992,1470671,1470901
7087,225,9992,1470901,1471126
8703,12,9992,1471126,1471138
9968,276,9992,1471138,1471414
2420,122,9993,1471413,1471535
2809,157,9993,1471535,1471692
3406,47,9993,1471692,1471739
4281,54,9993,1471739,1471793
5224,190,9993,1471793,1471983
6473,181,9993,1471983,1472164
8681,246,9993,1472164,1472410
9305,165,9993,1472410,1472575
9483,121,9993,1472575,1472696
1922,108,9994,1472695,1472803
2686,26,9994,1472803,1472829
5019,89,9994,1472829,1472918
5152,133,9994,1472918,1473051
9460,15,9994,1473051,1473066
9999,104,9994,1473066,1473170
1248,23,9995,1473169,1473192
2685,149,9995,1473192,1473341
3744,91,9995,1473341,1473432
8256,52,9995,1473432,1473484
8529,171,9995,1473484,1473655
1376,22,9996,1473654,1473676
1707,81,9996,1473676,1473757
1856,25,9996,1473757,1473782
2846,32,9996,1473782,1473814
8230,30,9996,1473814,1473844
8918,30,9996,1473844,1473874
1188,130,9997,1473873,1474003
1864,74,9997,1474003,1474077
2507,152,9997,1474077,1474229
6945,280,9997,1474229,1474509
8104,22,9997,1474509,1474531
8508,46,9997,1474531,1474577
1104,19,9998,1474576,1474595
1608,61,9998,1474595,1474656
4248,19,9998,1474656,1474675
7271,143,9998,1474675,1474818
7667,186,9998,1474818,1475004
8089,55,9998,1475004,1475059
1109,95,9999,1475058,1475153
6590,70,9999,1475153,1475223
7288,167,9999,1475223,1475390
7616,99,9999,1475390,1475489

Average Waiting Time = 724934

Average Turn Around Time = 725082
