Process,Burst Time,Arrival Time,Waiting Time,Turn Around Time
30,46,1,371315,371361
38,15,1,40,55
1,18,2,54,72
24,16,3,71,87
22,15,4,86,101
93,44,4,371318,371362
11,4,7,138,142
88,41,7,371319,371360
32,29,9,180,209
41,1,11,207,208
21,40,12,207,247
72,45,12,371315,371360
20,46,13,371319,371365
17,20,14,325,345
3,26,16,343,369
65,29,16,369,398
57,26,17,397,423
100,29,17,423,452
23,36,18,451,487
25,47,18,371320,371367
14,1,19,526,527
67,3,19,527,530
2,27,20,529,556
16,38,20,556,594
47,29,21,593,622
51,26,21,622,648
26,44,22,371323,371367
34,16,23,686,702
58,37,23,702,739
66,18,24,738,756
86,20,24,756,776
96,26,24,776,802
12,19,25,801,820
55,28,25,820,848
10,16,27,846,862
29,2,27,862,864
80,30,27,864,894
84,29,27,894,923
63,40,29,921,961
18,28,31,959,987
81,11,31,987,998
37,9,32,997,1006
90,36,33,1005,1041
7,8,34,1040,1048
27,27,34,1048,1075
44,31,35,1074,1105
28,1,36,1104,1105
15,43,38,371311,371354
36,35,40,1141,1176
35,45,42,371310,371355
8,30,43,1213,1243
40,48,44,371313,371361
59,40,45,1281,1321
85,44,45,371320,371364
4,16,49,1357,1373
71,35,49,1373,1408
95,20,49,1408,1428
912,148,50,948187,948335
79,39,51,1466,1505
5,9,52,1504,1513
110,183,52,1160242,1160425
857,10,53,1552,1562
50,21,54,1561,1582
64,39,54,1582,1621
68,23,55,1620,1643
54,47,56,371393,371440
442,48,56,371400,371448
477,145,56,948249,948394
542,264,56,1424682,1424946
70,16,58,1800,1816
94,24,58,1816,1840
375,88,58,686054,686142
899,191,58,1160299,1160490
985,170,58,1160330,1160500
33,19,59,1959,1978
60,22,59,1978,2000
612,65,60,371604,371669
809,132,60,948390,948522
811,241,60,1424702,1424943
489,49,62,371707,371756
46,5,63,2156,2161
623,130,63,948439,948569
83,15,64,2200,2215
97,49,64,371754,371803
207,287,64,1477833,1478120
39,23,65,2294,2317
61,48,65,371802,371850
456,271,65,1424738,1425009
53,41,66,371849,371890
69,36,66,2436,2472
9,3,67,2471,2474
49,16,67,2474,2490
87,29,67,2490,2519
183,37,67,2519,2556
539,107,67,686333,686440
74,7,68,2595,2602
76,35,69,2601,2636
78,7,69,2636,2643
196,213,69,1319648,1319861
45,36,70,2682,2718
577,110,70,686397,686507
717,87,70,686427,686514
729,75,70,372006,372081
217,13,71,2837,2850
121,143,72,948560,948703
75,2,73,2888,2890
126,290,73,1477831,1478121
77,36,74,2929,2965
91,19,74,2965,2984
298,46,74,372117,372163
649,2,74,3024,3026
89,36,75,3025,3061
92,26,77,3059,3085
173,193,77,1160521,1160714
602,198,77,1160554,1160752
823,14,77,3165,3179
316,293,78,1477836,1478129
989,230,78,1319732,1319962
959,151,80,948775,948926
99,48,81,372316,372364
42,30,82,3334,3364
52,17,82,3364,3381
276,205,82,1319758,1319963
82,15,83,3420,3435
424,148,85,948841,948989
860,235,85,1319760,1319995
760,12,86,3512,3524
19,1,87,3523,3524
712,277,87,1424827,1425104
62,5,88,3563,3568
454,205,88,1319832,1320037
798,269,88,1424863,1425132
849,116,88,686936,687052
13,25,89,3687,3712
56,50,90,372595,372645
73,27,90,3751,3778
98,37,90,3778,3815
274,160,90,949024,949184
321,30,91,3854,3884
426,36,91,3884,3920
48,10,93,3918,3928
43,24,95,3926,3950
390,223,97,1319868,1320091
794,65,98,372677,372742
937,55,98,372702,372757
6,25,99,4066,4091
31,47,99,372716,372763
714,211,100,1319888,1320099
480,229,103,1319896,1320125
787,164,103,1160966,1161130
841,62,103,372839,372901
815,222,104,1319924,1320146
292,187,105,1161008,1161195
215,151,106,949288,949439
502,111,106,687274,687385
933,80,106,373018,373098
866,71,107,373057,373128
398,228,108,1319942,1320170
894,202,108,1319970,1320172
435,8,109,4601,4609
675,299,109,1477818,1478117
872,8,109,4649,4657
916,94,109,687422,687516
300,69,111,373244,373313
523,38,111,4735,4773
148,251,112,1424908,1425159
194,249,112,1424919,1425168
840,34,114,4850,4884
907,230,114,1320086,1320316
537,103,116,687549,687652
682,91,116,687572,687663
562,146,117,949548,949694
767,291,122,1477824,1478115
941,191,123,1161297,1161488
184,265,124,1424956,1425221
460,116,124,687735,687851
758,163,125,1161366,1161529
844,38,126,5232,5270
169,2,130,5266,5268
306,224,130,1320180,1320404
297,152,131,949760,949912
339,190,132,1161402,1161592
200,295,133,1477824,1478119
237,228,133,1320241,1320469
408,8,133,5465,5473
546,183,133,1161511,1161694
713,161,133,1161534,1161695
494,220,134,1320268,1320488
629,132,135,950028,950160
965,66,135,374049,374115
163,288,136,1477836,1478124
742,29,137,5709,5738
622,236,138,1320324,1320560
385,11,139,5776,5787
422,75,139,374151,374226
453,217,139,1320359,1320576
525,33,139,5867,5900
113,196,140,1161688,1161884
308,164,140,1161724,1161888
687,56,140,374305,374361
359,74,141,374320,374394
396,68,141,374354,374422
598,222,142,1320373,1320595
947,135,142,950273,950408
253,251,143,1425042,1425293
218,206,147,1320430,1320636
935,292,147,1477833,1478125
382,151,149,950401,950552
862,255,149,1425087,1425342
889,181,149,1161919,1162100
547,46,150,374693,374739
688,58,151,374698,374756
335,121,152,950509,950630
595,150,154,950508,950658
942,78,155,374792,374870
376,201,157,1320506,1320707
388,186,157,1161972,1162158
822,4,157,6682,6686
311,253,158,1425093,1425346
632,125,161,950651,950776
634,135,164,950653,950788
268,156,165,950667,950823
344,218,168,1320536,1320754
651,183,168,1162067,1162250
786,137,170,950778,950915
162,209,174,1320548,1320757
213,152,174,950831,950983
331,266,176,1425088,1425354
521,233,177,1320594,1320827
535,46,177,375328,375374
796,46,177,375334,375380
226,21,179,7184,7205
209,180,183,1162195,1162375
779,180,184,1162214,1162394
659,1,187,7277,7278
271,142,188,951009,951151
304,227,188,1320616,1320843
807,9,189,7356,7365
190,74,190,375487,375561
693,217,190,1320641,1320858
138,2,193,7441,7443
952,136,193,951106,951242
204,51,194,375597,375648
439,179,195,1162303,1162482
871,175,195,1162322,1162497
997,246,195,1425095,1425341
589,294,196,1477796,1478090
731,101,196,689619,689720
897,16,196,7720,7736
608,19,198,7734,7753
203,284,200,1477806,1478090
265,284,201,1477809,1478093
252,254,203,1425213,1425467
238,107,206,689750,689857
510,110,206,689777,689887
514,253,206,1425224,1425477
413,211,207,1320881,1321092
175,165,208,1162604,1162769
833,124,209,951506,951630
663,104,211,689962,690066
212,227,215,1320884,1321111
957,74,217,376225,376299
923,298,218,1477796,1478094
908,150,221,951578,951728
122,18,222,8289,8307
836,73,223,376333,376406
950,95,223,690094,690189
999,77,223,376406,376483
119,96,224,690108,690204
112,68,225,376481,376549
996,162,225,1162672,1162834
552,133,227,951642,951775
604,66,227,376587,376653
391,241,229,1425254,1425495
630,80,230,376650,376730
563,70,231,376689,376759
782,285,231,1477801,1478086
618,216,232,1321014,1321230
755,218,233,1321029,1321247
639,258,234,1425290,1425548
455,53,235,376875,376928
880,12,235,8934,8946
812,12,236,8945,8957
417,133,239,951843,951976
635,160,239,951856,952016
281,110,240,690468,690578
587,166,243,1162856,1163022
703,34,245,9108,9142
976,217,247,1321073,1321290
199,95,248,690570,690665
594,34,249,9218,9252
887,261,249,1425293,1425554
332,23,250,9291,9314
854,5,250,9314,9319
305,160,251,952004,952164
367,132,254,952041,952173
718,146,254,952053,952199
370,21,255,9434,9455
487,283,256,1477781,1478064
177,114,257,690776,690890
732,161,257,1162968,1163129
189,279,260,1425343,1425622
327,199,263,1163003,1163202
351,134,263,952230,952364
101,277,265,1425377,1425654
421,80,265,377538,377618
603,63,265,377578,377641
445,255,266,1425413,1425668
793,106,266,691041,691147
667,282,267,1477773,1478055
601,149,270,952357,952506
972,187,271,1163154,1163341
233,211,272,1321305,1321516
386,173,272,1163220,1163393
926,1,274,10076,10077
801,229,275,1321313,1321542
949,64,275,377911,377975
642,159,277,952539,952698
817,133,277,952578,952711
172,281,278,1477764,1478045
259,286,278,1477765,1478051
720,209,278,1321419,1321628
914,194,278,1163387,1163581
962,249,278,1425536,1425785
674,130,280,952788,952918
504,239,283,1321463,1321702
558,234,287,1321498,1321732
333,292,288,1477761,1478053
541,60,288,378362,378422
751,196,288,1163571,1163767
349,72,289,378421,378493
149,138,290,952948,953086
301,164,290,1163605,1163769
420,201,291,1321568,1321769
330,272,292,1425571,1425843
404,25,293,10858,10883
694,288,294,1477767,1478055
394,168,296,1163723,1163891
468,26,297,10959,10985
461,179,298,1163729,1163908
134,100,299,692034,692134
757,14,299,11063,11077
885,197,299,1163747,1163944
155,64,301,378801,378865
568,79,301,378825,378904
902,45,301,378864,378909
536,262,303,1425632,1425894
222,233,306,1321674,1321907
269,63,307,378943,379006
416,57,309,378964,379021
783,19,309,11387,11406
641,251,311,1425646,1425897
726,129,311,953345,953474
904,102,311,692242,692344
451,111,314,692261,692372
830,28,314,11561,11589
832,85,314,692292,692377
129,103,317,692294,692397
221,56,317,379213,379269
681,236,317,1321736,1321972
934,280,317,1425651,1425931
585,97,319,692395,692492
146,169,320,1163963,1164132
781,65,324,379382,379447
762,73,325,379406,379479
771,257,326,1425682,1425939
211,247,329,1425696,1425943
342,228,330,1321879,1322107
958,149,330,953575,953724
392,104,331,692600,692704
533,45,331,379633,379678
132,20,332,12171,12191
167,217,332,1321905,1322122
548,266,332,1425700,1425966
790,133,334,953680,953813
749,10,336,12307,12317
336,119,340,692735,692854
144,236,341,1321953,1322189
927,92,341,692813,692905
154,97,343,692823,692920
943,88,344,692839,692927
262,148,346,953721,953869
518,286,346,1477723,1478009
886,45,346,380023,380068
284,63,347,380027,380090
986,276,347,1425751,1426027
206,298,348,1477727,1478025
513,186,348,1164304,1164490
701,70,348,380169,380239
915,232,349,1322101,1322333
186,65,350,380237,380302
223,165,350,1164368,1164533
881,254,350,1425824,1426078
554,67,351,380341,380408
153,127,352,954023,954150
384,108,352,693199,693307
628,67,353,380446,380513
633,180,353,1164410,1164590
135,135,354,954068,954203
495,207,354,1322168,1322375
968,81,354,693345,693426
325,4,356,13297,13301
362,93,357,693343,693436
273,183,358,1164465,1164648
340,217,358,1322171,1322388
315,4,359,13418,13422
677,127,359,954198,954325
870,170,361,1164525,1164695
150,184,362,1164534,1164718
607,127,362,954282,954409
777,284,362,1477731,1478015
964,8,365,13616,13624
877,26,366,13623,13649
982,119,366,693627,693746
403,251,367,1425861,1426112
418,189,367,1164633,1164822
637,155,368,954403,954558
647,73,369,381097,381170
267,245,370,1425869,1426114
310,2,370,13885,13887
145,3,372,13885,13888
512,235,372,1322294,1322529
258,224,373,1322328,1322552
474,69,375,381244,381313
572,19,375,14005,14024
705,98,375,693897,693995
708,172,375,1164774,1164946
176,160,376,954590,954750
567,79,376,381392,381471
380,59,377,381430,381489
545,141,377,954629,954770
826,10,377,14262,14272
171,233,379,1322346,1322579
527,18,379,14310,14328
586,275,381,1425863,1426138
918,228,381,1322417,1322645
365,145,382,954765,954910
475,271,382,1425897,1426168
648,49,382,381684,381733
888,229,382,1322484,1322713
242,202,383,1322512,1322714
429,294,383,1477714,1478008
313,78,384,381811,381889
991,252,384,1425966,1426218
329,116,386,694384,694500
890,207,388,1322589,1322796
896,25,389,14798,14823
205,36,390,14822,14858
198,300,392,1477719,1478019
272,66,394,381999,382065
151,251,395,1426007,1426258
449,65,395,382064,382129
188,237,397,1322667,1322904
379,215,397,1322704,1322919
395,94,400,694606,694700
501,39,400,15128,15167
837,78,406,382198,382276
940,237,406,1322710,1322947
553,145,407,955205,955350
168,26,408,15279,15305
802,277,408,1426005,1426282
105,7,409,15344,15351
473,144,409,955268,955412
620,32,409,15391,15423
109,146,410,955291,955437
348,30,411,15461,15491
656,94,412,694808,694902
883,158,414,955313,955471
939,205,415,1322778,1322983
136,29,416,15606,15635
734,126,416,955389,955515
165,38,418,15673,15711
746,123,418,955393,955516
973,115,419,694975,695090
322,295,420,1477711,1478006
763,240,420,1322818,1323058
230,4,424,15865,15869
111,271,425,1426065,1426336
448,285,425,1477721,1478006
852,34,425,15948,15982
346,81,427,695162,695243
319,1,429,16018,16019
735,93,429,695161,695254
814,46,429,382893,382939
706,145,430,955544,955689
827,148,430,955569,955717
556,60,431,382977,383037
616,90,431,695252,695342
728,222,435,1322923,1323145
769,300,435,1477716,1478016
557,236,436,1322984,1323220
987,185,437,1165644,1165829
141,161,438,1165668,1165829
497,153,438,955789,955942
788,3,439,16489,16492
875,196,440,1165667,1165863
856,195,441,1165702,1165897
431,53,442,383346,383399
818,297,442,1477729,1478026
741,197,445,1165773,1165970
920,37,445,16686,16723
893,80,446,383435,383515
898,51,447,383474,383525
990,247,447,1426194,1426441
661,163,449,1165846,1166009
853,12,450,16878,16890
954,19,451,16889,16908
846,230,452,1323084,1323314
244,133,453,956087,956220
285,115,454,695799,695914
381,4,454,17025,17029
719,166,454,1165884,1166050
529,267,455,1426193,1426460
107,155,459,956174,956329
256,195,459,1165925,1166120
775,17,459,17184,17201
317,258,462,1426213,1426471
361,217,462,1323184,1323401
254,251,463,1426230,1426481
838,159,464,956364,956523
979,106,465,696143,696249
409,68,466,384026,384094
571,247,467,1426237,1426484
850,107,469,696205,696312
816,61,470,384130,384191
876,177,472,1166107,1166284
606,196,473,1166123,1166319
353,99,475,696306,696405
580,134,476,956511,956645
772,200,477,1166155,1166355
509,88,478,696402,696490
644,111,478,696410,696521
792,166,478,1166194,1166360
181,68,480,384461,384529
314,76,480,384489,384565
360,106,481,696478,696584
664,69,481,384564,384633
910,224,482,1323261,1323485
270,266,483,1426228,1426494
522,13,485,18095,18108
530,205,485,1323322,1323527
806,280,486,1426251,1426531
922,40,489,18184,18224
157,193,490,1166348,1166541
835,222,490,1323362,1323584
956,215,490,1323384,1323599
318,287,492,1477696,1477983
579,198,492,1166499,1166697
627,134,492,956949,957083
789,93,495,696890,696983
463,282,496,1477699,1477981
930,36,497,18536,18572
696,235,502,1323467,1323702
753,260,502,1426355,1426615
373,208,503,1323541,1323749
293,63,505,385169,385232
236,13,507,18722,18735
774,91,507,697051,697142
369,200,510,1166679,1166879
593,92,513,697096,697188
354,219,514,1323538,1323757
492,231,514,1323557,1323788
724,166,516,1166793,1166959
723,58,518,385419,385477
407,188,519,1166796,1166984
483,224,520,1323582,1323806
672,199,520,1166863,1167062
901,207,520,1323606,1323813
401,248,521,1426356,1426604
636,7,522,19200,19207
142,146,523,957452,957598
662,177,523,1166979,1167156
831,297,523,1477674,1477971
347,58,524,385751,385809
869,224,524,1323689,1323913
932,54,524,385809,385863
995,245,525,1426400,1426645
491,293,527,1477687,1477980
278,195,529,1167150,1167345
574,194,530,1167184,1167378
414,196,532,1167216,1167412
722,298,532,1477695,1477993
839,5,532,19677,19682
795,137,534,957827,957964
859,223,538,1323819,1324042
133,182,540,1167324,1167506
486,92,544,697917,698009
925,100,545,697928,698028
864,60,546,386241,386301
892,294,547,1477698,1477992
865,203,550,1323870,1324073
879,46,550,386337,386383
861,212,551,1323872,1324084
450,267,554,1426496,1426763
704,176,554,1167492,1167668
193,253,556,1426521,1426774
756,225,556,1323959,1324184
873,230,556,1323984,1324214
249,159,557,958221,958380
540,46,558,386615,386661
511,221,560,1324010,1324231
551,6,560,20374,20380
476,76,561,386658,386734
605,38,562,20418,20456
185,74,563,386692,386766
891,135,563,958294,958429
921,37,564,20534,20571
520,2,565,20570,20572
532,135,568,958304,958439
115,223,569,1324022,1324245
813,242,569,1426521,1426763
929,263,569,1426523,1426786
992,1,569,20728,20729
277,203,571,1324123,1324326
498,40,571,20767,20807
312,275,572,1426543,1426818
152,280,574,1426576,1426856
936,116,574,698639,698755
645,41,575,387074,387115
275,31,576,20962,20993
670,143,577,958550,958693
747,116,577,698712,698828
984,35,577,21072,21107
255,258,578,1426612,1426870
197,52,580,387190,387242
251,31,580,21184,21215
399,36,585,21210,21246
592,162,587,1167915,1168077
761,270,588,1426620,1426890
613,197,592,1167952,1168149
438,243,593,1426645,1426888
488,179,593,1168028,1168207
500,61,595,387387,387448
824,245,595,1426646,1426891
243,134,597,958833,958967
423,288,597,1477662,1477950
279,27,599,21592,21619
621,2,599,21619,21621
975,112,599,699086,699198
919,93,600,699117,699210
478,157,601,958883,959040
867,146,603,958918,959064
519,205,604,1324373,1324578
610,17,604,21816,21833
764,229,605,1324377,1324606
227,21,606,21871,21892
733,215,606,1324405,1324620
214,199,607,1168233,1168432
538,71,609,387834,387905
851,53,611,387863,387916
590,33,613,22045,22078
685,174,613,1168266,1168440
611,9,614,22117,22126
104,203,616,1324410,1324613
459,4,616,22164,22168
358,110,617,699433,699543
245,100,618,699462,699562
565,292,618,1477649,1477941
192,12,619,22285,22297
116,87,620,699520,699607
419,165,620,1168353,1168518
791,168,622,1168356,1168524
496,127,623,959284,959411
993,181,623,1168363,1168544
555,102,624,699683,699785
576,282,624,1477655,1477937
671,290,628,1477653,1477943
804,278,629,1426777,1427055
900,68,630,388417,388485
960,140,630,959444,959584
909,94,631,699858,699952
400,60,632,388523,388583
730,55,632,388543,388598
174,292,636,1477655,1477947
447,29,637,22879,22908
178,75,639,388591,388666
967,244,639,1426845,1427089
295,82,643,699940,700022
744,269,643,1426845,1427114
219,30,644,23061,23091
234,152,644,959570,959722
131,142,645,959601,959743
652,194,647,1168600,1168794
994,195,647,1168634,1168829
437,14,649,23246,23260
528,172,649,1168667,1168839
638,45,651,388934,388979
264,69,654,388936,389005
507,143,654,959734,959877
828,163,654,1168674,1168837
485,117,656,700249,700366
334,244,658,1426859,1427103
366,32,658,23531,23563
928,172,658,1168713,1168885
288,47,659,389160,389207
588,233,659,1324690,1324923
524,294,661,1477642,1477936
953,61,666,389240,389301
225,242,667,1426894,1427136
584,98,667,700475,700573
195,101,669,700491,700592
1000,80,671,389376,389456
118,57,672,389415,389472
371,292,673,1477644,1477936
581,208,674,1324828,1325036
676,147,677,960054,960201
653,277,679,1426924,1427201
434,237,680,1324870,1325107
845,85,680,700701,700786
224,187,682,1168981,1169168
471,1,682,24219,24220
356,47,683,389701,389748
797,283,683,1477646,1477929
843,126,683,960235,960361
803,171,684,1169046,1169217
969,157,684,960280,960437
752,134,686,960315,960449
241,211,687,1324940,1325151
428,150,689,960366,960516
287,300,690,1477642,1477942
446,262,690,1427030,1427292
364,277,691,1427051,1427328
368,86,693,701133,701219
690,151,693,960512,960663
484,180,698,1169203,1169383
658,289,698,1477654,1477943
239,164,699,1169262,1169426
299,77,699,390292,390369
974,138,702,960654,960792
397,268,705,1427114,1427382
139,297,706,1477655,1477952
650,96,707,701405,701501
534,130,708,960746,960876
355,169,709,1169336,1169505
597,269,709,1427178,1427447
683,177,711,1169383,1169560
411,14,712,25190,25204
472,287,712,1477666,1477953
692,188,712,1169439,1169627
506,170,713,1169466,1169636
283,265,714,1427242,1427507
619,113,714,701734,701847
855,103,714,701767,701870
646,185,715,1169514,1169699
458,143,716,961068,961211
596,98,716,701868,701966
931,225,716,1325282,1325507
560,164,718,1169576,1169740
770,51,718,391070,391121
323,47,721,391078,391125
402,60,721,391085,391145
503,258,721,1427260,1427518
508,72,722,391144,391216
944,149,722,961205,961354
821,70,724,391214,391284
863,212,724,1325339,1325551
374,59,726,391282,391341
378,134,727,961269,961403
499,214,728,1325347,1325561
320,296,730,1477655,1477951
878,134,730,961360,961494
963,166,730,1169728,1169894
490,297,733,1477668,1477965
440,187,734,1169770,1169957
882,113,738,702344,702457
977,183,738,1169793,1169976
482,64,739,391648,391712
739,111,739,702416,702527
389,69,740,391711,391780
158,146,742,961522,961668
235,166,742,1169812,1169978
737,145,742,961588,961733
847,300,744,1477674,1477974
257,137,745,961650,961787
917,56,746,391934,391990
457,299,748,1477690,1477989
493,204,749,1325500,1325704
140,242,750,1427409,1427651
583,255,751,1427410,1427665
702,207,752,1325581,1325788
911,294,752,1477705,1477999
805,221,755,1325625,1325846
296,207,756,1325645,1325852
377,9,756,27000,27009
517,63,757,392259,392322
743,169,757,1170163,1170332
905,202,757,1325651,1325853
309,80,759,392360,392440
655,168,760,1170209,1170377
467,231,763,1325647,1325878
543,18,763,27242,27260
338,71,764,392475,392546
350,202,764,1325677,1325879
103,69,767,392543,392612
352,5,767,27376,27381
766,196,767,1170290,1170486
383,149,770,962202,962351
180,280,771,1427445,1427725
466,260,772,1427484,1427744
229,8,773,27535,27543
665,3,773,27543,27546
286,104,774,703292,703396
848,76,775,392764,392840
387,215,777,1325746,1325961
250,197,780,1170433,1170630
406,246,780,1427496,1427742
372,76,781,392914,392990
246,27,782,27777,27804
302,105,782,703428,703533
978,134,785,962416,962550
591,7,788,27878,27885
906,159,788,962427,962586
980,229,788,1325790,1326019
640,254,791,1427491,1427745
678,262,791,1427505,1427767
260,235,792,1325895,1326130
425,152,795,962619,962771
575,145,795,962651,962796
955,104,795,703760,703864
216,193,797,1170653,1170846
343,130,797,962714,962844
393,162,797,1170686,1170848
680,236,798,1325924,1326160
669,27,801,28352,28379
689,8,801,28379,28387
108,16,802,28386,28402
432,192,804,1170721,1170913
736,206,804,1325954,1326160
868,26,807,28477,28503
570,298,808,1477663,1477961
479,300,809,1477680,1477980
208,196,810,1170867,1171063
550,46,810,393681,393727
660,142,810,962991,963133
441,259,812,1427586,1427845
748,114,812,704207,704321
945,249,813,1427604,1427853
970,86,813,704280,704366
128,6,815,28855,28861
363,283,816,1477693,1477976
695,59,824,393913,393972
106,80,826,393930,394010
946,273,827,1427639,1427912
544,195,829,1171044,1171239
691,23,830,29046,29069
710,194,831,1171077,1171271
465,190,832,1171110,1171300
738,195,832,1171140,1171335
578,38,834,29185,29223
643,15,837,29220,29235
164,97,839,704500,704597
740,134,839,963304,963438
810,215,839,1326165,1326380
773,100,840,704596,704696
337,175,842,1171205,1171380
280,196,844,1171218,1171414
130,252,845,1427654,1427906
263,233,845,1326214,1326447
433,255,847,1427664,1427919
625,53,849,394507,394560
679,39,849,29623,29662
754,147,849,963548,963695
842,42,849,394560,394602
858,108,849,704847,704955
566,99,851,704873,704972
716,283,851,1477661,1477944
179,30,852,29859,29889
341,216,852,1326320,1326536
778,53,853,394718,394771
780,79,855,394729,394808
721,171,856,1171442,1171613
759,119,857,705006,705125
924,77,857,394846,394923
938,203,857,1326331,1326534
626,81,860,705082,705163
117,93,861,705082,705175
231,57,862,394998,395055
481,201,863,1326328,1326529
776,133,863,963761,963894
182,92,865,705171,705263
569,261,865,1427701,1427962
137,70,866,395171,395241
526,65,866,395201,395266
988,43,866,395226,395269
614,293,868,1477647,1477940
191,169,870,1171599,1171768
981,193,870,1171608,1171801
415,157,871,963926,964083
874,130,871,963963,964093
324,44,874,395421,395465
615,38,877,30784,30822
707,47,879,395420,395467
715,192,879,1171632,1171824
247,88,881,705447,705535
505,244,881,1427746,1427990
120,133,882,964042,964175
307,68,884,395582,395650
727,275,884,1427747,1428022
201,285,886,1477642,1477927
452,33,887,31132,31165
202,222,888,1326504,1326726
290,57,888,395726,395783
709,25,891,31241,31266
785,249,891,1427815,1428064
114,202,892,1326562,1326764
430,215,894,1326562,1326777
631,210,894,1326577,1326787
819,150,895,964322,964472
561,175,897,1171966,1172141
564,226,897,1326584,1326810
961,189,898,1172020,1172209
600,237,900,1326607,1326844
784,287,900,1477633,1477920
170,228,902,1326682,1326910
971,129,902,964585,964714
248,121,903,964593,964714
768,267,903,1427852,1428119
808,26,905,31812,31838
998,84,906,706190,706274
291,151,907,964630,964781
913,146,911,964657,964803
765,188,912,1172195,1172383
725,216,916,1326736,1326952
143,172,917,1172258,1172430
326,88,917,706383,706471
711,202,920,1326748,1326950
220,299,921,1477619,1477918
884,90,923,706465,706555
125,113,924,706474,706587
160,156,924,964870,965026
668,226,927,1326783,1327009
948,59,927,396784,396843
166,61,930,396800,396861
684,46,934,396817,396863
147,124,936,964934,965058
427,290,938,1477621,1477911
232,55,940,396897,396952
464,235,941,1326835,1327070
266,6,943,32600,32606
599,22,943,32606,32628
698,48,944,396948,396996
582,140,945,965009,965149
410,129,946,965028,965157
210,8,948,32743,32751
470,81,948,706763,706844
289,132,949,965034,965166
294,104,950,706802,706906
657,17,950,32869,32886
654,222,951,1326860,1327082
895,42,951,397189,397231
700,234,952,1326881,1327115
820,214,952,1326915,1327129
951,178,952,1172555,1172733
303,4,954,33082,33086
357,55,954,397308,397363
686,294,954,1477615,1477909
983,223,956,1326965,1327188
282,185,957,1172648,1172833
799,174,957,1172673,1172847
825,162,957,1172687,1172849
261,178,959,1172687,1172865
444,4,960,33360,33364
531,266,960,1427942,1428208
573,186,960,1172744,1172930
673,88,962,707294,707382
161,135,964,965511,965646
559,98,965,707339,707437
666,9,965,33559,33568
240,155,966,965524,965679
102,77,967,397790,397867
750,233,968,1327016,1327249
187,177,969,1172801,1172978
412,243,969,1427959,1428202
624,224,969,1327088,1327312
228,170,971,1172896,1173066
156,291,972,1477611,1477902
834,104,973,707629,707733
697,163,974,1172943,1173106
609,80,975,398139,398219
462,190,983,1172937,1173127
159,89,985,707721,707810
515,220,985,1327136,1327356
469,41,986,398288,398329
829,187,987,1173003,1173190
903,73,987,398328,398401
443,274,988,1427983,1428257
549,294,989,1477605,1477899
345,173,990,1173107,1173280
800,125,991,966054,966179
124,41,993,398515,398556
436,37,993,34420,34457
127,15,994,34456,34471
328,98,994,707961,708059
405,105,994,707979,708084
617,175,994,1173116,1173291
745,82,996,708042,708124
516,15,998,34627,34642
123,137,999,966091,966228
699,92,999,708081,708173
966,19,999,34721,34740
1334,186,8000,1166125,1166311
5374,182,8000,1166151,1166333
6485,161,8000,1166173,1166334
8254,42,8000,391869,391911
1428,198,8001,1166173,1166371
4178,51,8001,391910,391961
6359,287,8001,1470607,1470894
7034,197,8001,1166251,1166448
4482,235,8002,1320259,1320494
5675,1,8002,28097,28098
8643,2,8002,28098,28100
8887,133,8002,959385,959518
9247,276,8002,1421083,1421359
4605,134,8003,959437,959571
9982,48,8003,392159,392207
1598,43,8004,392166,392209
2990,14,8004,28298,28312
3073,186,8004,1166365,1166551
3834,109,8004,701528,701637
6527,143,8004,959490,959633
6656,142,8004,959513,959655
7531,95,8004,701637,701732
8866,222,8004,1320332,1320554
1052,141,8005,959574,959715
1163,200,8005,1166430,1166630
1839,207,8005,1320353,1320560
3882,48,8005,392528,392576
5567,58,8005,392536,392594
5851,54,8005,392554,392608
6750,288,8005,1470610,1470898
9570,240,8005,1320400,1320640
3470,157,8006,959754,959911
9480,238,8006,1320439,1320677
4228,123,8007,959830,959953
5410,254,8007,1421154,1421408
6959,148,8007,959873,960021
8305,172,8007,1166668,1166840
3748,151,8008,959940,960091
4917,20,8008,29148,29168
6639,195,8008,1166679,1166874
9191,157,8008,960011,960168
2688,160,8009,960047,960207
5539,157,8009,960087,960244
5821,15,8009,29327,29342
2826,193,8010,1166712,1166905
3049,218,8010,1320513,1320731
5603,286,8010,1470613,1470899
7648,12,8010,29461,29473
9836,27,8010,29473,29500
1709,174,8011,1166824,1166998
2348,43,8011,393242,393285
4602,237,8011,1320570,1320807
5571,19,8011,29619,29638
6143,203,8011,1320607,1320810
7359,94,8011,702565,702659
9202,141,8011,960362,960503
2878,215,8012,1320609,1320824
6151,213,8012,1320624,1320837
8269,207,8012,1320637,1320844
9064,88,8012,702738,702826
9349,84,8012,702746,702830
2152,155,8013,960501,960656
4174,164,8013,1167036,1167200
4319,179,8013,1167040,1167219
5903,111,8013,702869,702980
6228,248,8013,1421202,1421450
3779,204,8014,1320682,1320886
6884,259,8014,1421209,1421468
7454,4,8014,30235,30239
9105,30,8014,30239,30269
2636,221,8015,1320725,1320946
5141,236,8015,1320746,1320982
9434,250,8015,1421227,1421477
9895,170,8015,1167297,1167467
2003,152,8016,960893,961045
3707,163,8016,1167306,1167469
5115,57,8016,394120,394177
5487,173,8016,1167309,1167482
9735,81,8016,703297,703378
3447,165,8017,1167321,1167486
5182,174,8017,1167326,1167500
9849,201,8017,1320820,1321021
5324,48,8018,394335,394383
8229,208,8018,1320820,1321028
1122,259,8019,1421233,1421492
1648,36,8019,30864,30900
3260,213,8019,1320867,1321080
3408,71,8020,394461,394532
5688,18,8020,30979,30997
9826,36,8020,30997,31033
2273,65,8021,394491,394556
2340,245,8021,1421250,1421495
2397,109,8021,703573,703682
5780,32,8021,31152,31184
6147,173,8021,1167536,1167709
8071,83,8021,703642,703725
2987,91,8022,703644,703735
4477,257,8022,1421254,1421511
6452,2,8022,31343,31345
7910,200,8022,1167588,1167788
8714,108,8022,703735,703843
1413,6,8023,31424,31430
6597,128,8023,961398,961526
6977,16,8023,31470,31486
9454,248,8023,1421270,1421518
9868,82,8023,703842,703924
1210,141,8024,961445,961586
8746,112,8024,703883,703995
5844,158,8025,961465,961623
6336,261,8025,1421276,1421537
6862,27,8025,31724,31751
4448,181,8026,1167704,1167885
4538,257,8026,1421296,1421553
5527,251,8026,1421313,1421564
6301,13,8026,31870,31883
7486,293,8026,1470603,1470896
3203,218,8027,1321152,1321370
4209,46,8027,395310,395356
5562,59,8027,395316,395375
6635,120,8027,704192,704312
8119,2,8027,32082,32084
9814,254,8027,1421363,1421617
1487,67,8028,395414,395481
1670,297,8028,1470614,1470911
5053,299,8028,1470631,1470930
6174,84,8028,704351,704435
7855,169,8028,1168003,1168172
1294,238,8029,1321288,1321526
3965,292,8029,1470649,1470941
4901,181,8029,1168091,1168272
9788,176,8029,1168112,1168288
2719,80,8030,395759,395839
7747,12,8030,32521,32533
2511,143,8031,962057,962200
5093,8,8031,32572,32580
5478,250,8031,1421493,1421743
5645,58,8031,395878,395936
5813,112,8031,704632,704744
5868,128,8031,962120,962248
5938,198,8031,1168166,1168364
6999,176,8031,1168204,1168380
8112,165,8031,1168220,1168385
8395,170,8031,1168225,1168395
8732,269,8031,1421503,1421772
9725,136,8031,962328,962464
1307,172,8032,1168274,1168446
1798,283,8032,1470658,1470941
6374,296,8032,1470661,1470957
7272,186,8032,1168366,1168552
9172,174,8032,1168392,1168566
9897,238,8032,1321523,1321761
3584,76,8033,396454,396530
3727,233,8033,1321560,1321793
6869,8,8033,33298,33306
8084,191,8033,1168485,1168676
9659,28,8033,33346,33374
9212,59,8034,396569,396628
2383,15,8035,33412,33427
2570,3,8035,33427,33430
3070,186,8035,1168514,1168700
8277,208,8035,1321591,1321799
1115,117,8036,705339,705456
1666,293,8036,1470673,1470966
4446,243,8036,1421647,1421890
5078,193,8036,1168659,1168852
5186,288,8036,1470686,1470974
6491,276,8036,1421690,1421966
3861,259,8037,1421725,1421984
1006,290,8038,1470692,1470982
2436,108,8038,705654,705762
4182,219,8038,1321836,1322055
4493,58,8038,397064,397122
1002,290,8039,1470701,1470991
1755,195,8039,1168929,1169124
2334,59,8039,397161,397220
3714,151,8039,963136,963287
6926,257,8039,1421822,1422079
1802,272,8040,1421838,1422110
2257,102,8040,705920,706022
4530,42,8040,397339,397381
6270,22,8040,34265,34287
6933,288,8040,1470710,1470998
8417,144,8040,963286,963430
2422,242,8041,1421909,1422151
7082,169,8041,1169122,1169291
8078,219,8041,1322052,1322271
8532,299,8041,1470717,1471016
2421,250,8042,1421950,1422200
2813,215,8042,1322150,1322365
5052,89,8042,706260,706349
5401,77,8042,397699,397776
7004,235,8042,1322165,1322400
8364,142,8042,963588,963730
9321,285,8042,1470735,1471020
2277,46,8043,397855,397901
2534,284,8043,1470739,1471023
3547,57,8043,397901,397958
4168,41,8043,397918,397959
4340,241,8043,1422039,1422280
7029,150,8043,963729,963879
1230,19,8044,35043,35062
2755,205,8044,1322318,1322523
7972,144,8044,963798,963942
9029,102,8044,706587,706689
9469,149,8044,963822,963971
9517,9,8044,35222,35231
1020,178,8045,1169487,1169665
6614,37,8045,35270,35307
9319,241,8045,1422038,1422279
1767,34,8046,35346,35380
2026,236,8046,1322361,1322597
4741,52,8046,398276,398328
5108,86,8046,706767,706853
7746,191,8046,1169584,1169775
8648,53,8046,398368,398421
5954,255,8047,1422037,1422292
6644,21,8047,35619,35640
2228,285,8048,1470738,1471023
3346,280,8048,1422091,1422371
6193,265,8048,1422131,1422396
6713,3,8048,35759,35762
6904,251,8048,1422156,1422407
8276,107,8048,707011,707118
9660,100,8048,707038,707138
1882,35,8049,35881,35916
7760,177,8049,1169812,1169989
1189,170,8050,1169828,1169998
4414,4,8050,35995,35999
5509,291,8050,1470741,1471032
6805,125,8051,964324,964449
7157,218,8051,1322632,1322850
1378,184,8052,1169916,1170100
1585,116,8052,707294,707410
4105,290,8052,1470750,1471040
6587,198,8052,1169980,1170178
8102,79,8052,399015,399094
4349,265,8053,1422242,1422507
4655,237,8053,1322728,1322965
9356,111,8053,707489,707600
9419,83,8053,707520,707603
3523,248,8054,1422266,1422514
5158,156,8054,964606,964762
6848,197,8054,1170136,1170333
7984,35,8054,36595,36630
8524,51,8054,399332,399383
1926,81,8055,707641,707722
5420,215,8055,1322803,1323018
5653,147,8055,964721,964868
6822,69,8055,399462,399531
2892,262,8056,1422272,1422534
5967,168,8056,1170251,1170419
1040,174,8057,1170258,1170432
2596,80,8057,399609,399689
2675,101,8057,707840,707941
3039,116,8057,707861,707977
3881,46,8057,399729,399775
8596,299,8057,1470755,1471054
2168,116,8058,707936,708052
2968,187,8058,1170311,1170498
6240,210,8058,1322895,1323105
9669,246,8058,1422332,1422578
1785,155,8059,965024,965179
6931,97,8059,708131,708228
9829,75,8059,400013,400088
1942,179,8060,1170416,1170595
2593,105,8060,708187,708292
3478,177,8060,1170435,1170612
6294,261,8060,1422336,1422597
9230,221,8060,1322983,1323204
1779,293,8061,1470770,1471063
2653,103,8061,708371,708474
4004,13,8061,37703,37716
6992,64,8061,400326,400390
4104,202,8063,1323041,1323243
7093,42,8063,400388,400430
7913,115,8063,708432,708547
1014,212,8064,1323042,1323254
7149,104,8064,708506,708610
8340,274,8064,1422393,1422667
2063,98,8065,708569,708667
4858,138,8065,965373,965511
6260,208,8065,1323093,1323301
2744,8,8066,38111,38119
4363,172,8066,1170726,1170898
6484,25,8066,38159,38184
3312,206,8067,1323099,1323305
9597,193,8067,1170777,1170970
9678,273,8067,1422424,1422697
2286,92,8068,708824,708916
2777,147,8068,965588,965735
3841,5,8068,38382,38387
8426,50,8068,400905,400955
8575,165,8068,1170849,1171014
8817,146,8068,965655,965801
1750,296,8069,1470775,1471071
5654,158,8069,965720,965878
5926,286,8069,1470791,1471077
9278,286,8069,1470797,1471083
9809,111,8069,709115,709226
1053,88,8070,709145,709233
1290,49,8070,401233,401282
3632,69,8070,401242,401311
3868,135,8070,965837,965972
9256,201,8070,1323262,1323463
2738,267,8071,1422573,1422840
9129,37,8071,38944,38981
8578,228,8072,1323301,1323529
8762,39,8072,39020,39059
9381,223,8072,1323329,1323552
3609,46,8073,401468,401514
4338,96,8073,709350,709446
5471,190,8073,1171129,1171319
7840,1,8073,39218,39219
8767,96,8073,709406,709502
9042,143,8073,966049,966192
9153,177,8073,1171159,1171336
1121,6,8074,39338,39344
3938,64,8074,401673,401737
4037,217,8074,1323350,1323567
4364,30,8074,39424,39454
4554,232,8074,1323367,1323599
4786,78,8074,401777,401855
5037,41,8074,401815,401856
7487,204,8074,1323399,1323603
9877,2,8074,39614,39616
3257,54,8075,401855,401909
3956,58,8075,401869,401927
8884,5,8075,39695,39700
1241,18,8076,39699,39717
4367,87,8076,709619,709706
8024,156,8076,966229,966385
8106,257,8076,1422595,1422852
8148,137,8076,966305,966442
1643,199,8077,1171332,1171531
4147,226,8077,1323440,1323666
7614,69,8077,402125,402194
9635,30,8077,39996,40026
2917,285,8078,1470794,1471079
3245,159,8078,966440,966599
4841,105,8078,709904,710009
4410,154,8079,966478,966632
5614,189,8079,1171449,1171638
2008,32,8080,40223,40255
2086,156,8080,966551,966707
2863,211,8080,1323503,1323714
3917,28,8080,40335,40363
4603,115,8080,710087,710202
5802,283,8080,1470797,1471080
9656,148,8080,966667,966815
2000,159,8081,966694,966853
3226,75,8081,402590,402665
4747,27,8081,40562,40589
7467,55,8081,402625,402680
8509,159,8081,966733,966892
9746,18,8081,40669,40687
3118,244,8082,1422686,1422930
3804,264,8082,1422690,1422954
4274,236,8082,1323632,1323868
5706,54,8082,402799,402853
6187,148,8082,966891,967039
6199,241,8082,1422714,1422955
8076,6,8082,40926,40932
1744,164,8083,1171714,1171878
1994,18,8083,40971,40989
3483,292,8083,1470797,1471089
5569,251,8083,1422754,1423005
6076,265,8083,1422765,1423030
1991,145,8084,967117,967262
2021,284,8084,1470808,1471092
4220,72,8084,403131,403203
4576,15,8084,41228,41243
5211,300,8084,1470812,1471112
9429,6,8084,41283,41289
3318,235,8085,1323905,1324140
5863,242,8085,1422868,1423110
8133,106,8085,710837,710943
9079,5,8085,41408,41413
9641,81,8085,710863,710944
2404,265,8086,1422869,1423134
2786,9,8086,41492,41501
3420,273,8086,1422894,1423167
3701,95,8086,710943,711038
4682,17,8086,41581,41598
5286,63,8086,403481,403544
5966,241,8086,1422927,1423168
9563,29,8086,41678,41707
9617,147,8086,967420,967567
2930,228,8087,1324098,1324326
8824,12,8087,41786,41798
8961,73,8087,403623,403696
8996,142,8087,967486,967628
9928,83,8087,711117,711200
1302,88,8088,711119,711207
2772,68,8088,403775,403843
6868,94,8088,711127,711221
3464,62,8089,403842,403904
4988,274,8089,1422925,1423199
8117,243,8089,1422959,1423202
2758,295,8090,1470826,1471121
2319,47,8091,403982,404029
3595,132,8091,967624,967756
6801,253,8091,1423000,1423253
7490,106,8091,711338,711444
1589,31,8092,42353,42384
7595,201,8092,1324281,1324482
2235,76,8093,404147,404223
2862,38,8093,42463,42501
3225,105,8093,711402,711507
4213,93,8093,711427,711520
5299,100,8093,711440,711540
6438,241,8093,1423011,1423252
8537,42,8093,404343,404385
8586,45,8093,404345,404390
8986,58,8093,404350,404408
4167,91,8094,711499,711590
5034,77,8094,404407,404484
5161,66,8094,404444,404510
7694,171,8094,1172387,1172558
9066,250,8094,1423011,1423261
2545,13,8095,42979,42992
7696,235,8095,1324359,1324594
7836,153,8095,967872,968025
2514,192,8096,1172476,1172668
3876,32,8096,43111,43143
5991,85,8096,711708,711793
7299,30,8096,43183,43213
5510,23,8097,43212,43235
4008,134,8098,967942,968076
4689,266,8098,1423017,1423283
5009,85,8098,711791,711876
6783,81,8098,711796,711877
9022,227,8098,1324431,1324658
2548,235,8099,1324457,1324692
5155,300,8099,1470832,1471132
6709,248,8099,1423082,1423330
1339,56,8100,405024,405080
4478,174,8100,1172704,1172878
9560,152,8100,968194,968346
2068,240,8101,1324570,1324810
3327,24,8101,43711,43735
3424,138,8101,968265,968403
3460,123,8101,968283,968406
7664,268,8101,1423088,1423356
9392,268,8101,1423116,1423384
1394,43,8102,405318,405361
5081,125,8102,968365,968490
7027,4,8102,43974,43978
8980,70,8102,405361,405431
2709,81,8103,712272,712353
3179,292,8103,1470848,1471140
4797,215,8103,1324728,1324943
5750,42,8103,405510,405552
6549,241,8103,1423182,1423423
7935,165,8103,1172955,1173120
9407,175,8103,1172960,1173135
1118,141,8104,968568,968709
3575,248,8104,1423182,1423430
4756,230,8104,1324822,1325052
5453,39,8104,44416,44455
7744,136,8104,968669,968805
4828,120,8105,712631,712751
6286,278,8105,1423189,1423467
6548,66,8105,405870,405936
7068,11,8105,44614,44625
7590,281,8105,1470858,1471139
3790,270,8106,1423266,1423536
7902,57,8106,405975,406032
9399,175,8106,1173172,1173347
2730,139,8107,968842,968981
3536,97,8107,712869,712966
4667,187,8107,1173186,1173373
9313,113,8107,712926,713039
2905,185,8108,1173212,1173397
6819,181,8108,1173237,1173418
8035,127,8108,968980,969107
1893,143,8109,968986,969129
3321,72,8109,406349,406421
5740,139,8109,969009,969148
6381,82,8109,713157,713239
8362,208,8109,1324967,1325175
2120,48,8110,406500,406548
2816,45,8110,406508,406553
5317,121,8110,969067,969188
6406,216,8110,1324974,1325190
7652,79,8110,406593,406672
9443,199,8110,1173336,1173535
9819,18,8110,45500,45518
1692,250,8111,1423291,1423541
7147,229,8111,1325029,1325258
8390,129,8111,969227,969356
9565,3,8111,45637,45640
1706,187,8112,1173453,1173640
2601,144,8112,969275,969419
3903,186,8112,1173480,1173666
6772,231,8112,1325057,1325288
6024,218,8114,1325086,1325304
8864,81,8114,713634,713715
1035,101,8115,713634,713735
2520,84,8115,713655,713739
4394,91,8115,713659,713750
6495,88,8115,713670,713758
7391,93,8115,713678,713771
2607,172,8116,1173582,1173754
4017,7,8116,46115,46122
4202,190,8116,1173594,1173784
4830,111,8116,713770,713881
9791,245,8116,1423296,1423541
3537,131,8117,969534,969665
6529,212,8117,1325141,1325353
9974,70,8117,407465,407535
2369,10,8118,46360,46370
2928,225,8118,1325152,1325377
4812,4,8118,46410,46414
5793,82,8118,713959,714041
6627,243,8118,1423299,1423542
9120,60,8118,407614,407674
4842,51,8119,407633,407684
5722,202,8119,1325216,1325418
8625,295,8119,1470845,1471140
9214,95,8119,714080,714175
3877,255,8120,1423340,1423595
7831,240,8120,1325297,1325537
8925,18,8120,46772,46790
1139,290,8122,1470857,1471147
2260,259,8122,1423393,1423652
2352,275,8122,1423412,1423687
6205,196,8122,1174058,1174254
7710,289,8122,1470867,1471156
1708,121,8123,970019,970140
5496,290,8123,1470875,1471165
9931,231,8123,1325534,1325765
1092,17,8124,47106,47123
4624,183,8124,1174212,1174395
5890,251,8124,1423525,1423776
6967,52,8124,408239,408291
8696,32,8124,47243,47275
8711,160,8124,970179,970339
8776,227,8124,1325604,1325831
1512,264,8125,1423535,1423799
2103,39,8125,47394,47433
2358,132,8125,970298,970430
3069,290,8125,1470883,1471173
4765,114,8125,714769,714883
5375,194,8125,1174394,1174588
7059,29,8125,47593,47622
7410,234,8125,1325710,1325944
8309,257,8126,1423598,1423855
9750,157,8126,970469,970626
1686,35,8127,47740,47775
3835,111,8127,714961,715072
3939,117,8127,714992,715109
5228,255,8127,1423614,1423869
5423,76,8127,408768,408844
8724,71,8127,408804,408875
8808,155,8127,970545,970700
2517,157,8128,970579,970736
2677,221,8128,1325821,1326042
2926,93,8128,715188,715281
4322,8,8128,48134,48142
5073,294,8128,1470890,1471184
4207,254,8129,1423667,1423921
2018,113,8130,715279,715392
2624,68,8130,409112,409180
3952,169,8130,1174663,1174832
1083,241,8131,1423679,1423920
7464,101,8131,715391,715492
9883,190,8131,1174711,1174901
1213,15,8132,48458,48473
9576,169,8132,1174740,1174909
9820,126,8132,970892,971018
1426,238,8133,1325957,1326195
2083,206,8133,1325995,1326201
4059,283,8133,1470899,1471182
5988,97,8133,715650,715747
6109,67,8133,409537,409604
8982,76,8133,409564,409640
9575,2,8133,48792,48794
1489,220,8134,1326040,1326260
4659,116,8134,715706,715822
5646,166,8134,1174907,1175073
6361,237,8134,1326060,1326297
8469,52,8134,409759,409811
2978,117,8135,715821,715938
4188,25,8135,49032,49057
4277,283,8135,1470900,1471183
4942,65,8135,409850,409915
5996,59,8135,409875,409934
6468,200,8135,1174992,1175192
7262,128,8135,971215,971343
7418,83,8135,715978,716061
9892,151,8135,971223,971374
1061,244,8136,1423755,1423999
5197,86,8136,716060,716146
9074,163,8136,1175071,1175234
5576,202,8137,1326174,1326376
6547,298,8137,1470901,1471199
5993,277,8138,1423797,1424074
9863,290,8138,1470918,1471208
2887,153,8139,971490,971643
4261,163,8139,1175231,1175394
8855,227,8139,1326294,1326521
9288,130,8139,971603,971733
9719,83,8139,716423,716506
3957,21,8140,49812,49833
6341,183,8140,1175273,1175456
8487,111,8140,716465,716576
9187,223,8140,1326320,1326543
6010,178,8141,1175335,1175513
8422,167,8141,1175353,1175520
9844,21,8141,50032,50053
9909,177,8141,1175360,1175537
2810,98,8142,716654,716752
2858,198,8142,1175376,1175574
6778,77,8142,410847,410924
1130,159,8143,971849,972008
1783,300,8143,1470923,1471223
3314,146,8143,971928,972074
6317,208,8143,1326380,1326588
6793,159,8143,971994,972153
6919,254,8143,1423909,1424163
7414,142,8143,972073,972215
1420,69,8144,411162,411231
1675,279,8144,1423922,1424201
9769,225,8144,1326467,1326692
1816,7,8145,50609,50616
3083,105,8145,717069,717174
4348,209,8145,1326491,1326700
6561,173,8146,1175650,1175823
7412,31,8146,50735,50766
1679,125,8147,972251,972376
2972,31,8147,50805,50836
3627,226,8147,1326498,1326724
4719,209,8147,1326524,1326733
5439,267,8147,1423958,1424225
6840,143,8147,972376,972519
7900,298,8147,1470939,1471237
8472,10,8147,51036,51046
6064,225,8148,1326612,1326837
6504,182,8148,1175861,1176043
9830,179,8148,1175883,1176062
4597,78,8149,411746,411824
9600,19,8149,51204,51223
2585,120,8150,717529,717649
2666,219,8150,1326635,1326854
2727,127,8150,972596,972723
4479,291,8150,1470954,1471245
7154,180,8150,1175980,1176160
8097,11,8150,51422,51433
9061,222,8150,1326694,1326916
1252,265,8151,1424061,1424326
3762,17,8151,51512,51529
4313,181,8151,1176079,1176260
4910,221,8151,1326755,1326976
4945,78,8151,412142,412220
6921,270,8151,1424086,1424356
9759,162,8151,1176180,1176342
2370,259,8152,1424115,1424374
5465,44,8152,412299,412343
6991,221,8152,1326855,1327076
5803,221,8153,1326875,1327096
6150,250,8153,1424133,1424383
8319,89,8153,718126,718215
8512,253,8153,1424143,1424396
5269,84,8154,718174,718258
9194,281,8154,1470961,1471242
1473,169,8155,1176418,1176587
2320,113,8155,718257,718370
2337,53,8155,412660,412713
3990,257,8155,1424194,1424451
5157,51,8155,412713,412764
6073,256,8155,1424211,1424467
6117,130,8155,973278,973408
7146,56,8155,412804,412860
1158,287,8156,1470960,1471247
1264,197,8156,1176546,1176743
5703,233,8156,1327133,1327366
8075,102,8156,718529,718631
2923,234,8157,1327165,1327399
5236,57,8157,413018,413075
6462,15,8157,52643,52658
7360,54,8157,413035,413089
7383,296,8157,1470966,1471262
7417,193,8157,1176702,1176895
8555,290,8157,1470982,1471272
1742,160,8158,973565,973725
2802,87,8158,718749,718836
5519,235,8158,1327278,1327513
7686,204,8158,1327313,1327517
1078,25,8159,52976,53001
5953,24,8159,53001,53025
8093,215,8159,1327316,1327531
3614,18,8160,53064,53082
4729,272,8160,1424342,1424614
5362,61,8160,413406,413467
6422,250,8160,1424374,1424624
2880,124,8161,973802,973926
3660,72,8161,413506,413578
5940,46,8161,413538,413584
9038,231,8161,1327409,1327640
2014,35,8162,53360,53395
3227,242,8162,1424382,1424624
5138,281,8162,1470987,1471268
6434,238,8162,1327519,1327757
7429,71,8162,413703,413774
8055,229,8162,1327557,1327786
8759,77,8162,413774,413851
9720,251,8162,1424424,1424675
1622,166,8163,1177209,1177375
9058,295,8163,1470987,1471282
9474,30,8163,53754,53784
1432,117,8164,719310,719427
6259,37,8164,53823,53860
2424,142,8165,974122,974264
3973,74,8165,414008,414082
8497,257,8165,1424472,1424729
8727,76,8166,414081,414157
8905,28,8166,54018,54046
9505,19,8166,54046,54065
9577,170,8166,1177292,1177462
1703,138,8167,974222,974360
7756,117,8167,719504,719621
8304,161,8167,1177301,1177462
8314,95,8167,719581,719676
8621,147,8167,974280,974427
8960,286,8167,1470998,1471284
3428,93,8168,719675,719768
3846,224,8168,1327740,1327964
5854,231,8168,1327764,1327995
9502,179,8168,1177421,1177600
2619,25,8169,54502,54527
2787,166,8169,1177439,1177605
3230,142,8169,974505,974647
7372,20,8169,54607,54627
8180,283,8169,1471002,1471285
1649,257,8170,1424564,1424821
4646,203,8170,1327873,1328076
5457,300,8170,1471004,1471304
6645,72,8170,414793,414865
7293,19,8170,54826,54845
8267,267,8171,1424620,1424887
8750,56,8171,414864,414920
3122,10,8172,54923,54933
4073,101,8172,720084,720185
4165,178,8172,1177642,1177820
5333,213,8172,1327954,1328167
7280,285,8172,1471022,1471307
2035,74,8173,415038,415112
2833,90,8173,720224,720314
6744,254,8173,1424685,1424939
1168,213,8174,1328045,1328258
1577,280,8174,1424698,1424978
4336,170,8174,1177858,1178028
8821,287,8174,1471025,1471312
4879,149,8175,975041,975190
5296,254,8175,1424777,1425031
7988,215,8175,1328177,1328392
9096,34,8175,55490,55524
8170,295,8176,1471030,1471325
9701,130,8177,975188,975318
9726,88,8177,720630,720718
4219,280,8178,1424828,1425108
5795,83,8178,720677,720760
9535,3,8178,55721,55724
5689,61,8179,415626,415687
1124,127,8180,975235,975362
1889,154,8180,975242,975396
2359,230,8180,1328267,1328497
2703,1,8180,55882,55883
4833,39,8180,55883,55922
4999,217,8180,1328297,1328514
8205,268,8180,1424866,1425134
8631,222,8180,1328354,1328576
2999,32,8181,56041,56073
4475,136,8181,975435,975571
5732,177,8181,1178221,1178398
6562,222,8181,1328375,1328597
6616,234,8181,1328397,1328631
7919,80,8181,416045,416125
8393,97,8181,721077,721174
8863,62,8181,416125,416187
5251,183,8182,1178317,1178500
7300,233,8182,1328430,1328663
8990,292,8182,1471039,1471331
9138,158,8182,975690,975848
3709,257,8183,1424931,1425188
4021,62,8183,416345,416407
5173,232,8183,1328542,1328774
5408,259,8183,1424948,1425207
7475,127,8183,975847,975974
7914,71,8183,416487,416558
9677,196,8183,1178539,1178735
1630,176,8184,1178574,1178750
2733,92,8184,721491,721583
3788,202,8184,1328613,1328815
4835,75,8184,416677,416752
8779,130,8184,975973,976103
4091,115,8185,721582,721697
6603,62,8185,416791,416853
7776,12,8185,57069,57081
8294,107,8185,721617,721724
4339,125,8186,975981,976106
6161,279,8186,1424964,1425243
6492,19,8186,57200,57219
8019,12,8186,57219,57231
8922,40,8186,57231,57271
5643,210,8187,1328652,1328862
6222,177,8187,1178707,1178884
7582,190,8187,1178724,1178914
9802,148,8187,976145,976293
3027,178,8188,1178753,1178931
3412,131,8188,976212,976343
5905,42,8188,417170,417212
7351,182,8188,1178771,1178953
8323,123,8188,976263,976386
2131,117,8189,722040,722157
2298,61,8189,417291,417352
7012,90,8189,722077,722167
8938,4,8189,57748,57752
9622,271,8189,1425000,1425271
1896,86,8190,722126,722212
3498,154,8190,976304,976458
6141,83,8190,722172,722255
6837,92,8190,722175,722267
8331,297,8190,1471043,1471340
8418,129,8190,976378,976507
4160,137,8191,976386,976523
4744,82,8191,722306,722388
5045,107,8191,722308,722415
5513,44,8191,417750,417794
7742,45,8191,417754,417799
7938,142,8191,976403,976545
6795,19,8192,58269,58288
6885,215,8192,1328737,1328952
7103,246,8192,1425068,1425314
9414,133,8192,976504,976637
6037,85,8193,722493,722578
7450,214,8193,1328791,1329005
9190,277,8193,1425073,1425350
4025,25,8194,58526,58551
4876,2,8194,58551,58553
6217,115,8194,722577,722692
6739,109,8194,722612,722721
4809,266,8195,1425108,1425374
5555,122,8195,976634,976756
7198,11,8195,58712,58723
8542,200,8195,1179066,1179266
9203,224,8195,1328883,1329107
1941,207,8196,1328906,1329113
2036,296,8196,1471054,1471350
6387,112,8196,722879,722991
7556,55,8196,418394,418449
7973,26,8196,58962,58988
8200,178,8196,1179225,1179403
9133,31,8196,59028,59059
9691,227,8196,1328953,1329180
1144,68,8197,418488,418556
2147,257,8197,1425172,1425429
4788,168,8197,1179322,1179490
1451,205,8198,1329018,1329223
3870,27,8198,59257,59284
8399,58,8198,418635,418693
2213,260,8199,1425187,1425447
4637,22,8199,59363,59385
4960,216,8199,1329062,1329278
7347,209,8199,1329078,1329287
3216,291,8200,1471066,1471357
3753,282,8200,1471077,1471359
3765,142,8200,977191,977333
4509,163,8200,1179567,1179730
5191,186,8200,1179570,1179756
7275,190,8200,1179596,1179786
8184,282,8200,1471079,1471361
9020,258,8200,1425326,1425584
2440,156,8201,977412,977568
3487,284,8201,1471080,1471364
3594,248,8201,1425383,1425631
7631,67,8201,419210,419277
4476,101,8202,723665,723766
6198,286,8202,1471083,1471369
6949,108,8202,723726,723834
7676,71,8202,419356,419427
2527,203,8203,1329363,1329566
3390,7,8203,60141,60148
6044,58,8203,419426,419484
6533,164,8203,1179863,1180027
7060,171,8203,1179867,1180038
7064,298,8203,1471088,1471386
7848,8,8203,60308,60316
9685,165,8203,1179918,1180083
1365,141,8204,977765,977906
1733,61,8204,419643,419704
2044,71,8204,419664,419735
2985,137,8204,977786,977923
3347,10,8204,60515,60525
5178,136,8204,977803,977939
7896,71,8204,419775,419846
8370,281,8204,1471105,1471386
8917,69,8204,419846,419915
7388,242,8205,1425507,1425749
8386,209,8205,1329484,1329693
8589,77,8205,419954,420031
2697,279,8206,1425508,1425787
3698,174,8206,1180080,1180254
8181,236,8206,1329532,1329768
8739,283,8206,1471104,1471387
2660,116,8207,724349,724465
5237,78,8207,420189,420267
6543,77,8207,420227,420304
8401,78,8207,420264,420342
1017,239,8208,1329606,1329845
4572,186,8208,1180212,1180398
6648,4,8208,61201,61205
9277,52,8208,420381,420433
3280,152,8209,978174,978326
4772,156,8209,978206,978362
4801,234,8209,1329644,1329878
5270,166,8209,1180277,1180443
8014,94,8209,724623,724717
8197,146,8209,978322,978468
8221,43,8209,420632,420675
1665,189,8210,1180282,1180471
3986,238,8210,1329677,1329915
5150,174,8210,1180351,1180525
7252,78,8210,420754,420832
7800,290,8210,1471103,1471393
9121,43,8210,420832,420875
3249,241,8211,1425622,1425863
5514,282,8211,1471112,1471394
6454,198,8211,1180484,1180682
8088,203,8211,1329834,1330037
8476,54,8211,420994,421048
9979,47,8211,421008,421055
1830,228,8212,1329836,1330064
2170,29,8212,62041,62070
2953,163,8212,1180601,1180764
3843,279,8212,1425662,1425941
5867,72,8212,421134,421206
8667,251,8212,1425701,1425952
1988,135,8213,978824,978959
2205,242,8213,1425711,1425953
2951,87,8213,725233,725320
5473,159,8213,978879,979038
5682,152,8213,978918,979070
6997,76,8213,421405,421481
7370,114,8213,725320,725434
8953,273,8213,1425713,1425986
9782,19,8213,62549,62568
3159,299,8214,1471111,1471410
3646,48,8214,421560,421608
4736,268,8214,1425785,1426053
8935,3,8215,62686,62689
9188,98,8215,725472,725570
1614,142,8216,979067,979209
2456,297,8216,1471128,1471425
6078,144,8216,979129,979273
7307,118,8216,725609,725727
7585,235,8216,1330140,1330375
7851,57,8216,421846,421903
8687,141,8216,979193,979334
1762,263,8217,1425850,1426113
2037,116,8217,725766,725882
4197,81,8217,725802,725883
6390,73,8217,422022,422095
7572,150,8217,979253,979403
9426,223,8217,1330214,1330437
2343,195,8218,1180998,1181193
9977,263,8218,1425872,1426135
2800,74,8219,422213,422287
3146,293,8219,1471142,1471435
4099,84,8219,726001,726085
6520,235,8219,1330315,1330550
6927,278,8219,1425934,1426212
4243,73,8220,422406,422479
6169,272,8220,1425971,1426243
6953,4,8220,63604,63608
8007,251,8220,1426003,1426254
9651,286,8220,1471154,1471440
1515,231,8221,1330508,1330739
2655,209,8221,1330539,1330748
4177,63,8221,422638,422701
6571,10,8221,63807,63817
9878,289,8221,1471159,1471448
1780,102,8222,726322,726424
2946,172,8222,1181429,1181601
7317,148,8222,979798,979946
1154,239,8223,1330586,1330825
1992,40,8223,64015,64055
2795,219,8223,1330625,1330844
3291,103,8223,726503,726606
3591,195,8223,1181520,1181715
6420,52,8223,422979,423031
6581,126,8223,979945,980071
9347,166,8223,1181555,1181721
9696,16,8223,64295,64311
7814,229,8224,1330643,1330872
4832,54,8225,423109,423163
8563,103,8225,726684,726787
2105,195,8226,1181598,1181793
3494,236,8226,1330670,1330906
3621,149,8226,980108,980257
4940,182,8226,1181673,1181855
5727,163,8226,1181695,1181858
8438,34,8226,64628,64662
9562,125,8226,980217,980342
9821,94,8226,726946,727040
9978,7,8226,64742,64749
4883,118,8227,726959,727077
6944,149,8227,980221,980370
7602,95,8227,727037,727132
2047,184,8228,1181696,1181880
4331,33,8228,64907,64940
4468,285,8228,1471161,1471446
4884,93,8228,727131,727224
6760,36,8228,65020,65056
5621,288,8229,1471165,1471453
7628,38,8229,65095,65133
9528,96,8229,727183,727279
1204,149,8230,980367,980516
1300,32,8230,65212,65244
2070,38,8230,65244,65282
4155,188,8230,1181798,1181986
5106,48,8230,423838,423886
7007,10,8230,65362,65372
7599,282,8230,1471172,1471454
1190,177,8231,1181865,1182042
5310,218,8232,1330820,1331038
6780,88,8232,727396,727484
3440,153,8233,980553,980706
5425,2,8233,65569,65571
5865,288,8233,1471171,1471459
6047,99,8233,727483,727582
6691,173,8234,1181959,1182132
3222,79,8235,424161,424240
4359,239,8235,1330875,1331114
6770,278,8235,1426239,1426517
7934,58,8235,424280,424338
2739,138,8236,980743,980881
5535,118,8236,727659,727777
3485,58,8237,424376,424434
3767,76,8237,424394,424470
4431,218,8237,1330952,1331170
4725,220,8237,1330970,1331190
7438,59,8237,424510,424569
9176,276,8237,1426275,1426551
1897,207,8238,1331029,1331236
4865,4,8238,66206,66210
5103,17,8238,66210,66227
1367,193,8239,1182207,1182400
1700,85,8239,727894,727979
1902,149,8239,980958,981107
2553,84,8239,727939,728023
4762,256,8239,1426309,1426565
6952,234,8239,1331075,1331309
4116,225,8240,1331108,1331333
5607,235,8240,1331133,1331368
6690,17,8240,66545,66562
1612,23,8241,66561,66584
2615,42,8241,424925,424967
2679,235,8241,1331167,1331402
8841,120,8241,728141,728261
2476,84,8242,728180,728264
8061,73,8242,425046,425119
1766,122,8243,981183,981305
2513,126,8243,981185,981311
3197,238,8243,1331200,1331438
3319,231,8243,1331238,1331469
4754,5,8243,66942,66947
6280,217,8243,1331269,1331486
7331,25,8243,66987,67012
7727,292,8243,1471169,1471461
9280,144,8243,981351,981495
1062,4,8244,67091,67095
3148,84,8244,728462,728546
5927,6,8244,67135,67141
6861,227,8244,1331325,1331552
8158,232,8244,1331352,1331584
8349,26,8244,67221,67247
2540,58,8245,425476,425534
2760,185,8245,1182674,1182859
4813,196,8245,1182699,1182895
6776,215,8245,1331383,1331598
3577,146,8246,981572,981718
4123,198,8246,1182774,1182972
5447,145,8246,981638,981783
8478,126,8246,981663,981789
8670,100,8247,728823,728923
9631,71,8247,425812,425883
9742,189,8247,1182811,1183000
2445,46,8248,425882,425928
3305,57,8248,425888,425945
3397,266,8248,1426356,1426622
4854,187,8248,1182879,1183066
5636,17,8248,67843,67860
5741,71,8248,425985,426056
5635,9,8249,67899,67908
5914,98,8249,728961,729059
8021,200,8249,1182905,1183105
2595,264,8250,1426380,1426644
6446,290,8250,1471174,1471464
7001,250,8250,1426444,1426694
7476,219,8250,1331553,1331772
7719,115,8250,729178,729293
8045,98,8250,729213,729311
9612,153,8250,981985,982138
9664,212,8250,1331572,1331784
1735,78,8251,426413,426491
2212,299,8251,1471183,1471482
2547,144,8251,982097,982241
3437,142,8251,982121,982263
4409,143,8251,982143,982286
4484,289,8251,1471202,1471491
9984,177,8251,1183223,1183400
4570,135,8252,982245,982380
1496,214,8253,1331661,1331875
2575,235,8253,1331675,1331910
4916,156,8253,982339,982495
6285,295,8253,1471209,1471504
6595,294,8253,1471224,1471518
7387,240,8253,1331790,1332030
8434,102,8253,729828,729930
1342,153,8254,982494,982647
1775,31,8254,68943,68974
3416,190,8254,1183437,1183627
3549,8,8254,69014,69022
4097,3,8254,69022,69025
4378,209,8254,1331829,1332038
6231,90,8254,729969,730059
8494,82,8254,729979,730061
9614,187,8254,1183507,1183694
1486,226,8255,1331837,1332063
7726,198,8255,1183573,1183771
8760,9,8255,69264,69273
9663,71,8255,427327,427398
8835,174,8256,1183610,1183784
1199,121,8257,982764,982885
3866,263,8257,1426607,1426870
6091,131,8257,982805,982936
6136,283,8257,1471234,1471517
7611,234,8257,1331941,1332175
9273,42,8257,427596,427638
9786,116,8257,730338,730454
1164,293,8258,1471236,1471529
2288,275,8258,1426709,1426984
6040,79,8258,427717,427796
7264,293,8258,1471249,1471542
8654,268,8258,1426784,1427052
1696,216,8259,1332133,1332349
3715,118,8259,730572,730690
5071,243,8259,1426811,1427054
9433,98,8259,730650,730748
2066,62,8260,427994,428056
3325,128,8260,983133,983261
4722,271,8260,1426813,1427084
8271,250,8260,1426844,1427094
1402,176,8261,1184059,1184235
7868,45,8261,428175,428220
9103,7,8261,70227,70234
9731,286,8261,1471259,1471545
1281,204,8262,1332306,1332510
2656,237,8262,1332310,1332547
4244,221,8262,1332347,1332568
4578,30,8262,70393,70423
5832,61,8262,428339,428400
6937,11,8262,70463,70474
9242,293,8262,1471264,1471557
4206,176,8263,1184273,1184449
4565,241,8263,1426931,1427172
9890,83,8263,731104,731187
5766,290,8264,1471275,1471565
6810,32,8264,70672,70704
2209,283,8265,1471284,1471567
7231,122,8265,983616,983738
8957,75,8265,428637,428712
1731,111,8266,731224,731335
2283,252,8266,1427009,1427261
7749,113,8266,731295,731408
7829,42,8266,428791,428833
7536,114,8267,731327,731441
3975,251,8268,1427019,1427270
4679,215,8268,1332602,1332817
5500,86,8268,731440,731526
6002,80,8268,428951,429031
7570,196,8268,1184524,1184720
8906,126,8268,983775,983901
9363,185,8268,1184560,1184745
9700,203,8268,1332617,1332820
1079,27,8269,71339,71366
1519,20,8269,71366,71386
1714,6,8269,71386,71392
3111,215,8269,1332619,1332834
3370,121,8269,983900,984021
4819,244,8269,1427029,1427273
5842,171,8269,1184704,1184875
7643,228,8269,1332674,1332902
9033,54,8269,429350,429404
9317,282,8269,1471283,1471565
4984,100,8270,731844,731944
8610,195,8270,1184794,1184989
9949,105,8270,731904,732009
1734,269,8271,1427071,1427340
4039,265,8271,1427100,1427365
5143,96,8271,732008,732104
6472,243,8271,1427125,1427368
6821,272,8271,1427128,1427400
9067,162,8271,1184988,1185150
9456,131,8271,984299,984430
1453,98,8272,732183,732281
3665,112,8272,732201,732313
4541,266,8272,1427159,1427425
4730,220,8272,1332939,1333159
7625,28,8272,72229,72257
9266,171,8272,1185069,1185240
2673,200,8273,1185079,1185279
4851,214,8273,1332958,1333172
7897,36,8273,72376,72412
9013,31,8273,72412,72443
9268,229,8273,1332972,1333201
1234,270,8274,1427183,1427453
1844,240,8274,1333040,1333280
3839,233,8274,1333080,1333313
6137,143,8274,984667,984810
8659,18,8274,72642,72660
1542,210,8275,1333112,1333322
3844,25,8275,72699,72724
4365,274,8275,1427212,1427486
7165,231,8275,1333162,1333393
9860,22,8275,72804,72826
1054,177,8276,1185436,1185613
2754,51,8276,430437,430488
4358,119,8276,732789,732908
4864,152,8276,984848,985000
2650,181,8277,1185452,1185633
6552,192,8277,1185473,1185665
3628,247,8278,1427243,1427490
6183,103,8278,732986,733089
7245,202,8279,1333229,1333431
8839,141,8279,985037,985178
1286,159,8280,985057,985216
2225,284,8280,1471274,1471558
2479,126,8280,985136,985262
5919,183,8280,1185622,1185805
1494,75,8281,430923,430998
1993,113,8281,733246,733359
3768,32,8281,73460,73492
4357,140,8282,985180,985320
7013,82,8282,733318,733400
5816,74,8283,431076,431150
8172,55,8283,431110,431165
1501,229,8284,1333266,1333495
2326,150,8284,985238,985388
4575,283,8284,1471274,1471557
8251,39,8284,73769,73808
4114,102,8285,733437,733539
5778,151,8285,985307,985458
6404,260,8285,1427323,1427583
9472,32,8285,73927,73959
5060,51,8286,431362,431413
7809,103,8286,733538,733641
5544,259,8287,1427341,1427600
5977,63,8287,431452,431515
6909,217,8287,1333412,1333629
9118,248,8287,1427360,1427608
9213,30,8287,74197,74227
3802,281,8288,1471273,1471554
9173,68,8288,431594,431662
7019,243,8289,1427406,1427649
3909,258,8290,1427408,1427666
4057,266,8290,1427426,1427692
6310,72,8290,431740,431812
7608,87,8290,733837,733924
9015,23,8290,74504,74527
1794,91,8291,733843,733934
3443,86,8291,733854,733940
4579,77,8291,431891,431968
4894,32,8291,74646,74678
5364,13,8291,74678,74691
5565,9,8291,74691,74700
6243,34,8291,74700,74734
6497,126,8291,985652,985778
9360,161,8291,1186034,1186195
9654,164,8291,1186035,1186199
1488,159,8292,985737,985896
2977,24,8292,74893,74917
3766,53,8292,432087,432140
3803,93,8292,734019,734112
7225,251,8292,1427450,1427701
7465,282,8292,1471270,1471552
7856,206,8292,1333704,1333910
1254,192,8293,1186157,1186349
3284,26,8293,75156,75182
4590,178,8293,1186189,1186367
4748,19,8293,75222,75241
9144,232,8293,1333709,1333941
9692,18,8293,75281,75299
2781,218,8294,1333740,1333958
3186,15,8294,75338,75353
3581,264,8294,1427499,1427763
6144,92,8294,734350,734442
8781,108,8294,734362,734470
1677,234,8295,1333797,1334031
3041,95,8295,734429,734524
3562,155,8295,986133,986288
3678,185,8295,1186365,1186550
4136,290,8295,1471269,1471559
6333,281,8295,1471279,1471560
8786,132,8295,986288,986420
9158,27,8295,75752,75779
2088,186,8296,1186469,1186655
4324,129,8296,986339,986468
5512,187,8296,1186495,1186682
6009,86,8296,734763,734849
8042,21,8296,75938,75959
8424,75,8296,432976,433051
8745,262,8296,1427601,1427863
8963,180,8296,1186562,1186742
6011,162,8297,1186581,1186743
6693,217,8297,1333949,1334166
2519,250,8298,1427621,1427871
4474,280,8298,1427631,1427911
7799,127,8298,986626,986753
8357,73,8298,433289,433362
9182,207,8298,1334045,1334252
5451,172,8299,1186741,1186913
5521,180,8300,1186752,1186932
9628,171,8300,1186772,1186943
6184,191,8301,1186782,1186973
7870,246,8301,1427668,1427914
8244,78,8301,433559,433637
3661,133,8302,986869,987002
4569,93,8302,735323,735416
9087,151,8302,986882,987033
2631,127,8303,986912,987039
4521,178,8303,1186851,1187029
5030,192,8303,1186869,1187061
5626,167,8303,1186901,1187068
6814,180,8303,1186908,1187088
8360,67,8303,433915,433982
8579,202,8303,1334087,1334289
1425,186,8304,1186967,1187153
2285,179,8304,1186993,1187172
3214,65,8304,434061,434126
4707,47,8304,434086,434133
5409,86,8304,735694,735780
5736,218,8304,1334088,1334306
8634,242,8304,1427671,1427913
2661,284,8305,1471270,1471554
5729,237,8305,1334185,1334422
8680,215,8305,1334222,1334437
9674,258,8305,1427712,1427970
1705,35,8306,77429,77464
2742,69,8306,434371,434440
3007,98,8306,735938,736036
3599,211,8306,1334276,1334487
4871,289,8306,1471273,1471562
6589,22,8306,77624,77646
1259,44,8308,434518,434562
3832,258,8308,1427767,1428025
6033,86,8308,736074,736160
7050,294,8308,1471280,1471574
9374,94,8308,736120,736214
9997,176,8308,1187408,1187584
1400,35,8309,77883,77918
3324,215,8309,1334404,1334619
3404,259,8309,1427824,1428083
3193,128,8310,987712,987840
8539,32,8310,78037,78069
3696,151,8311,987719,987870
5594,297,8311,1471291,1471588
7780,149,8311,987790,987939
7955,181,8311,1187541,1187722
2366,132,8312,987858,987990
3848,16,8312,78267,78283
7535,169,8312,1187561,1187730
8211,255,8312,1427880,1428135
8428,250,8312,1427895,1428145
1166,132,8313,987989,988121
5517,183,8313,1187649,1187832
5819,66,8313,435237,435303
7205,293,8313,1471306,1471599
7528,292,8313,1471319,1471611
8167,220,8313,1334655,1334875
9837,78,8313,435383,435461
3741,67,8314,435420,435487
8105,55,8314,435447,435502
8819,111,8314,736808,736919
9918,161,8315,1187790,1187951
1080,226,8316,1334672,1334898
2500,126,8316,988238,988364
2599,234,8316,1334698,1334932
4956,219,8316,1334732,1334951
5501,166,8316,1187910,1188076
6191,124,8316,988364,988488
7613,148,8316,988368,988516
7684,165,8316,1187916,1188081
1720,167,8317,1187920,1188087
1764,144,8318,988474,988618
1939,87,8318,737275,737362
2117,138,8318,988498,988636
3415,209,8318,1334749,1334958
4236,257,8318,1427979,1428236
4687,135,8318,988596,988731
1573,220,8319,1334797,1335017
5416,282,8319,1471325,1471607
8569,148,8319,988690,988838
2762,17,8320,79555,79572
3025,122,8320,988717,988839
8721,143,8320,988719,988862
3985,155,8321,988741,988896
5797,184,8321,1188083,1188267
5948,227,8321,1334855,1335082
6539,251,8321,1428033,1428284
7789,117,8321,737799,737916
8847,142,8321,988896,989038
8879,55,8321,436575,436630
9921,150,8321,988918,989068
3206,28,8322,79970,79998
2452,169,8323,1188185,1188354
4757,251,8323,1428042,1428293
6502,294,8323,1471323,1471617
3275,200,8324,1188273,1188473
4350,244,8324,1428092,1428336
6022,101,8324,738113,738214
8543,195,8324,1188353,1188548
2717,227,8325,1335038,1335265
3164,29,8325,80315,80344
3479,156,8325,989224,989380
4126,148,8325,989260,989408
5346,217,8325,1335065,1335282
5397,40,8325,80464,80504
5631,18,8325,80504,80522
9075,248,8325,1428095,1428343
3330,260,8326,1428102,1428362
3363,273,8326,1428122,1428395
6218,154,8326,989447,989601
3685,116,8327,738491,738607
7223,245,8327,1428154,1428399
9139,126,8327,989520,989646
1609,2,8328,80799,80801
3212,201,8328,1335239,1335440
5587,87,8328,738646,738733
6344,284,8328,1471332,1471616
6732,72,8328,437463,437535
8936,181,8328,1188704,1188885
8942,215,8328,1335280,1335495
2072,244,8329,1428197,1428441
3935,165,8329,1188804,1188969
7291,285,8329,1471335,1471620
7945,96,8329,738892,738988
8236,153,8329,989804,989957
1422,269,8330,1428240,1428509
1877,227,8330,1335413,1335640
3253,241,8330,1428269,1428510
4615,227,8330,1335480,1335707
7567,84,8330,739107,739191
1311,13,8331,81438,81451
2121,253,8331,1428269,1428522
3243,203,8331,1335546,1335749
3329,119,8331,739190,739309
3979,249,8331,1428282,1428531
7451,241,8331,1428291,1428532
8806,215,8331,1335629,1335844
9910,132,8331,990195,990327
3564,261,8332,1428291,1428552
7120,272,8332,1428312,1428584
8208,59,8332,438331,438390
8566,177,8332,1189286,1189463
1382,86,8333,739507,739593
2160,231,8333,1335722,1335953
2889,196,8333,1189342,1189538
3530,203,8335,1335751,1335954
4481,278,8335,1428341,1428619
5314,106,8335,739671,739777
5315,196,8335,1189456,1189652
8015,44,8335,438667,438711
7078,171,8336,1189491,1189662
7537,51,8336,438710,438761
8460,206,8336,1335793,1335999
1807,45,8337,438760,438805
4190,180,8337,1189541,1189721
5638,248,8337,1428377,1428625
2559,113,8338,739894,740007
2597,147,8338,990680,990827
8306,159,8338,990707,990866
8405,239,8338,1335837,1336076
1323,7,8339,82603,82610
1695,289,8339,1471330,1471619
1895,5,8339,82650,82655
3619,32,8339,82655,82687
3970,66,8339,439043,439109
8907,23,8339,82727,82750
7580,125,8340,990824,990949
7953,298,8340,1471338,1471636
2588,73,8341,439147,439220
5322,248,8342,1428460,1428708
6463,283,8342,1471354,1471637
1347,197,8343,1189795,1189992
2034,288,8343,1471356,1471644
2792,91,8343,740322,740413
3270,113,8343,740333,740446
7810,211,8343,1336071,1336282
8967,111,8343,740406,740517
8991,178,8343,1189912,1190090
9523,94,8343,740477,740571
1642,159,8344,991105,991264
5895,154,8344,991144,991298
6430,291,8344,1471363,1471654
6461,209,8344,1336121,1336330
6629,155,8344,991258,991413
7190,91,8344,740690,740781
9010,60,8344,439817,439877
9090,103,8344,740701,740804
1066,86,8345,740723,740809
1450,251,8345,1428585,1428836
2911,226,8345,1336169,1336395
2927,5,8345,83704,83709
3232,15,8345,83709,83724
3304,132,8345,991372,991504
4211,102,8345,740849,740951
4441,23,8345,83804,83827
4583,37,8345,83827,83864
5154,258,8345,1428596,1428854
5199,75,8345,440116,440191
6318,284,8345,1471373,1471657
7642,115,8345,740951,741066
8927,170,8345,1190168,1190338
8599,101,8346,741025,741126
9297,239,8346,1336274,1336513
6226,69,8347,440349,440418
7241,207,8347,1336312,1336519
1278,222,8348,1336318,1336540
5355,238,8348,1336340,1336578
7126,184,8348,1190335,1190519
2045,265,8349,1428650,1428915
2932,210,8349,1336417,1336627
4720,275,8349,1428675,1428950
5470,72,8349,440656,440728
1272,235,8350,1336466,1336701
4432,148,8350,991859,992007
6425,300,8350,1471372,1471672
6855,85,8350,741482,741567
8240,253,8350,1428749,1429002
6849,124,8351,991966,992090
2264,184,8352,1190595,1190779
3032,178,8352,1190619,1190797
9983,63,8352,441005,441068
2263,186,8353,1190636,1190822
2407,44,8353,441067,441111
6159,8,8353,84936,84944
8947,188,8353,1190662,1190850
1481,86,8354,741723,741809
3127,151,8354,992127,992278
4268,168,8354,1190689,1190857
7653,61,8354,441230,441291
7690,239,8354,1336577,1336816
7874,9,8354,85183,85192
8755,62,8354,441291,441353
2208,148,8355,992237,992385
6456,136,8355,992265,992401
7505,279,8355,1428757,1429036
7560,115,8355,741968,742083
7701,132,8355,992321,992453
1067,94,8356,742042,742136
1535,57,8356,441551,441608
5678,119,8356,742056,742175
7398,3,8356,85550,85553
9812,223,8356,1336654,1336877
1621,285,8357,1471385,1471670
3795,254,8357,1428834,1429088
4384,102,8357,742214,742316
5114,93,8357,742236,742329
7523,26,8357,85752,85778
8492,129,8357,992451,992580
8605,225,8357,1336756,1336981
8874,7,8357,85858,85865
9603,291,8357,1471390,1471681
3746,80,8358,441926,442006
5279,259,8358,1428887,1429146
3089,257,8359,1428905,1429162
5145,282,8359,1471399,1471681
5220,201,8359,1336939,1337140
9167,62,8359,442125,442187
1918,258,8360,1428961,1429219
2623,8,8360,86182,86190
3600,251,8360,1428979,1429230
8663,93,8360,742606,742699
6883,47,8361,442265,442312
1165,52,8362,442271,442323
1514,119,8362,742617,742736
3810,239,8362,1337017,1337256
6127,131,8362,992815,992946
1082,38,8363,86467,86505
1303,45,8363,442402,442447
2437,17,8363,86545,86562
8416,229,8363,1337055,1337284
9703,84,8363,742775,742859
1123,37,8364,86641,86678
4352,213,8364,1337083,1337296
7152,142,8364,992904,993046
5294,300,8365,1471395,1471695
5624,133,8365,992965,993098
8564,135,8365,992978,993113
1377,46,8366,442684,442730
1595,91,8366,742976,743067
5897,138,8366,992992,993130
7209,200,8366,1191365,1191565
7425,247,8366,1429024,1429271
7455,67,8366,442850,442917
2119,80,8367,442876,442956
2840,134,8367,993089,993223
3738,132,8367,993103,993235
4870,59,8367,442996,443055
7737,136,8367,993115,993251
9670,161,8367,1191444,1191605
9715,236,8367,1337173,1337409
1667,291,8368,1471412,1471703
1872,34,8368,87434,87468
2246,232,8368,1337248,1337480
2784,153,8368,993290,993443
5944,208,8368,1337280,1337488
8590,49,8368,443294,443343
9864,102,8368,743465,743567
1025,296,8369,1471422,1471718
1627,185,8369,1191643,1191828
1871,272,8369,1429108,1429380
2748,170,8369,1191708,1191878
3098,39,8369,87827,87866
4633,151,8369,993522,993673
7794,298,8369,1471438,1471736
1269,62,8370,443581,443643
3830,197,8370,1191757,1191954
9874,61,8370,443643,443704
3631,172,8371,1191793,1191965
2473,172,8372,1191804,1191976
2640,175,8372,1191816,1191991
9559,280,8372,1429177,1429457
2255,285,8373,1471452,1471737
5618,64,8373,443861,443925
4742,261,8374,1429255,1429516
6441,42,8374,443924,443966
8179,65,8374,443926,443991
3473,131,8375,993867,993998
6798,179,8375,1191948,1192127
4502,251,8376,1429274,1429525
4986,279,8376,1429285,1429564
5233,113,8376,744159,744272
5523,121,8376,993997,994118
7857,188,8376,1192046,1192234
8332,227,8376,1337600,1337827
9219,173,8376,1192114,1192287
9521,82,8376,744352,744434
9713,113,8376,744354,744467
3393,162,8377,1192126,1192288
4241,297,8377,1471453,1471750
5142,75,8377,444468,444543
7421,133,8377,994197,994330
1979,173,8379,1192166,1192339
2670,47,8379,444581,444628
7185,218,8379,1337664,1337882
1194,199,8380,1192218,1192417
7712,282,8380,1471467,1471749
6122,71,8381,444706,444777
2200,276,8382,1429398,1429674
1100,202,8383,1337758,1337960
1803,264,8383,1429433,1429697
9115,296,8383,1471466,1471762
8060,260,8384,1429496,1429756
9441,214,8384,1337879,1338093
1913,210,8385,1337892,1338102
6583,161,8385,1192572,1192733
7350,84,8385,744978,745062
3014,146,8386,994681,994827
8183,261,8386,1429514,1429775
9990,262,8386,1429535,1429797
5507,200,8387,1192651,1192851
6860,174,8387,1192691,1192865
5524,214,8388,1337979,1338193
6435,146,8388,994905,995051
1387,180,8389,1192743,1192923
5671,59,8389,445409,445468
6498,294,8389,1471476,1471770
9403,11,8389,90006,90017
4946,286,8390,1471489,1471775
5417,87,8390,745377,745464
6061,213,8390,1338071,1338284
6676,194,8391,1192881,1193075
7623,78,8391,445626,445704
9198,227,8391,1338083,1338310
9748,77,8391,445704,445781
1238,51,8392,445740,445791
2417,132,8392,995167,995299
3082,48,8392,445791,445839
7647,14,8392,90414,90428
2546,297,8393,1471492,1471789
3469,86,8393,745581,745667
4259,291,8393,1471509,1471800
7083,167,8393,1193033,1193200
9365,41,8393,445958,445999
9911,204,8393,1338188,1338392
1147,152,8394,995337,995489
4874,171,8394,1193079,1193250
5029,61,8394,446078,446139
6572,185,8394,1193090,1193275
3158,281,8395,1471518,1471799
5065,202,8395,1338230,1338432
1211,253,8396,1429747,1430000
1566,95,8396,745944,746039
3288,119,8396,745959,746078
1439,279,8397,1429759,1430038
6196,87,8397,746037,746124
7924,232,8397,1338310,1338542
2350,38,8398,91142,91180
3699,24,8398,91180,91204
4982,57,8398,446455,446512
7991,237,8398,1338341,1338578
9372,8,8398,91284,91292
9438,98,8398,746123,746221
2698,5,8399,91331,91336
5637,259,8399,1429796,1430055
7227,38,8399,91376,91414
6190,109,8400,746179,746288
3980,59,8401,446629,446688
4311,257,8401,1429813,1430070
4671,258,8401,1429830,1430088
7323,10,8401,91572,91582
9055,64,8401,446728,446792
1431,196,8402,1193467,1193663
3822,219,8402,1338494,1338713
7456,47,8402,446831,446878
7545,208,8402,1338513,1338721
2222,118,8403,746405,746523
4726,153,8403,995920,996073
5320,124,8403,995953,996077
9049,232,8403,1338520,1338752
2549,285,8404,1471510,1471795
6139,276,8404,1429885,1430161
4041,293,8405,1471514,1471807
7409,28,8405,92058,92086
9410,41,8405,447155,447196
1690,286,8406,1471526,1471812
1726,60,8406,447195,447255
4170,198,8406,1193779,1193977
5864,269,8406,1429999,1430268
1534,118,8407,746799,746917
3728,244,8407,1430027,1430271
4267,82,8407,746877,746959
3906,248,8408,1430030,1430278
4695,180,8408,1193935,1194115
6568,138,8408,996352,996490
7519,293,8408,1471530,1471823
9518,35,8408,92563,92598
9833,79,8408,447573,447652
9952,228,8408,1338867,1339095
2904,12,8409,92677,92689
5858,31,8409,92689,92720
7286,64,8409,447651,447715
1441,209,8410,1338893,1339102
2109,54,8410,447714,447768
2576,74,8410,447728,447802
2963,58,8410,447762,447820
4877,90,8410,747116,747206
5254,235,8410,1338902,1339137
7333,60,8410,447860,447920
2071,131,8411,996527,996658
3066,257,8411,1430075,1430332
3117,300,8411,1471540,1471840
4014,49,8411,447999,448048
6646,73,8411,448008,448081
9117,56,8411,448041,448097
2007,190,8412,1194191,1194381
2482,299,8412,1471559,1471858
3778,160,8412,996697,996857
6185,97,8412,747404,747501
6596,226,8412,1339055,1339281
7407,74,8412,448256,448330
8735,66,8412,448290,448356
1218,128,8413,996776,996904
1975,211,8413,1339080,1339291
3941,123,8413,996824,996947
5232,96,8413,747580,747676
9933,46,8413,448475,448521
2050,99,8414,747595,747694
6437,30,8414,93795,93825
8611,207,8414,1339090,1339297
8617,92,8414,747654,747746
3959,166,8415,1194378,1194544
4763,30,8415,93944,93974
4808,32,8415,93974,94006
8614,269,8415,1430168,1430437
1049,235,8416,1339135,1339370
1788,147,8416,996984,997131
1878,176,8416,1194463,1194639
4024,4,8416,94165,94169
4907,277,8416,1430196,1430473
6293,169,8416,1194519,1194688
2335,256,8417,1430232,1430488
4435,188,8417,1194567,1194755
7666,9,8417,94328,94337
8445,246,8417,1430248,1430494
1317,77,8418,448996,449073
6351,280,8418,1430253,1430533
2102,233,8419,1339327,1339560
2149,93,8419,748141,748234
3912,229,8419,1339360,1339589
4266,266,8419,1430292,1430558
8421,280,8419,1430318,1430598
9062,15,8419,94655,94670
9283,195,8419,1194833,1195028
9470,158,8419,997488,997646
2638,205,8420,1339468,1339673
3506,293,8420,1471570,1471863
3667,156,8420,997605,997761
5246,86,8420,748473,748559
5767,134,8420,997641,997775
3132,153,8421,997654,997807
6353,114,8421,748558,748672
7866,279,8421,1430396,1430675
8334,7,8421,95068,95075
9350,214,8421,1339552,1339766
1868,211,8422,1339565,1339776
4344,278,8422,1430434,1430712
4520,212,8422,1339616,1339828
5419,112,8422,748791,748903
8113,231,8422,1339628,1339859
1244,185,8423,1195184,1195369
1344,177,8423,1195209,1195386
4723,288,8423,1471580,1471868
7202,33,8423,95433,95466
1409,15,8424,95465,95480
9179,275,8424,1430510,1430785
9946,240,8424,1339737,1339977
1384,83,8425,749060,749143
2015,6,8425,95599,95605
2157,62,8425,450146,450208
4287,277,8425,1430544,1430821
6123,234,8425,1339816,1340050
7301,57,8425,450248,450305
8192,57,8425,450265,450322
3905,17,8426,95804,95821
6459,19,8426,95821,95840
7986,35,8426,95840,95875
8657,272,8426,1430580,1430852
8860,45,8426,450321,450366
3629,65,8427,450325,450390
4827,232,8427,1339888,1340120
8149,76,8427,450390,450466
9634,155,8427,998281,998436
9959,110,8427,749261,749371
2073,237,8428,1339919,1340156
4652,157,8428,998355,998512
5163,123,8428,998392,998515
6356,157,8428,998395,998552
7504,46,8428,450665,450711
8514,68,8428,450671,450739
1295,75,8429,450698,450773
2592,96,8429,749449,749545
7553,94,8429,749465,749559
3207,160,8430,998430,998590
3663,152,8431,998469,998621
4149,270,8431,1430607,1430877
5264,12,8432,96629,96641
5456,247,8432,1430636,1430883
7592,144,8432,998580,998724
2991,1,8433,96720,96721
4245,80,8433,451009,451089
4278,20,8433,96761,96781
4501,138,8433,998603,998741
1343,66,8434,451088,451154
1823,296,8434,1471577,1471873
5550,88,8434,749754,749842
5725,129,8434,998660,998789
6464,143,8434,998669,998812
7294,294,8434,1471593,1471887
8799,142,8434,998732,998874
8830,27,8434,97100,97127
1449,181,8435,1195694,1195875
1837,109,8435,749961,750070
8443,40,8435,97206,97246
2024,20,8436,97245,97265
6099,281,8436,1471605,1471886
6866,44,8436,451472,451516
8726,158,8436,998832,998990
9338,96,8436,750069,750165
2144,131,8437,998869,999000
2896,105,8437,750124,750229
2974,47,8437,451635,451682
4223,167,8437,1195753,1195920
1553,205,8438,1340146,1340351
2918,2,8438,97623,97625
4292,283,8438,1471604,1471887
4380,54,8438,451761,451815
4510,268,8438,1430797,1431065
5911,107,8438,750308,750415
6698,82,8438,750335,750417
7477,191,8438,1195879,1196070
8336,193,8438,1195910,1196103
8584,228,8438,1340231,1340459
9776,147,8438,999159,999306
2061,87,8439,750496,750583
3559,255,8439,1430824,1431079
6734,139,8439,999225,999364
7207,68,8439,452174,452242
7698,77,8439,452202,452279
1022,234,8440,1340297,1340531
1888,40,8440,98223,98263
4592,138,8440,999283,999421
3836,160,8441,999300,999460
1748,110,8442,750700,750810
2506,257,8442,1430836,1431093
2950,89,8442,750770,750859
7778,274,8442,1430853,1431127
7909,112,8442,750819,750931
4900,170,8443,1196138,1196308
5605,43,8443,452595,452638
2351,279,8444,1430885,1431164
5102,70,8444,452637,452707
3364,187,8445,1196186,1196373
5746,119,8446,750967,751086
6836,25,8446,98777,98802
7844,287,8446,1471599,1471886
8503,108,8446,751046,751154
9205,22,8446,98882,98904
2290,44,8447,452824,452868
7509,256,8447,1430961,1431217
8365,137,8447,999614,999751
9025,197,8447,1196291,1196488
2993,222,8448,1340523,1340745
3964,148,8448,999710,999858
7041,19,8448,99142,99161
9084,37,8448,99161,99198
9855,195,8448,1196367,1196562
8809,50,8449,453066,453116
4702,94,8450,751310,751404
7336,195,8450,1196400,1196595
9961,145,8450,999816,999961
1200,37,8451,99395,99432
5180,57,8451,453194,453251
5272,60,8451,453211,453271
5597,69,8451,453231,453300
7008,60,8451,453260,453320
7420,283,8451,1471601,1471884
2416,4,8452,99631,99635
3508,120,8452,751442,751562
6773,160,8452,999879,1000039
9688,201,8452,1340581,1340782
2776,242,8453,1431011,1431253
4443,259,8453,1431013,1431272
4492,181,8453,1196592,1196773
3553,157,8454,1000077,1000234
5415,118,8454,751720,751838
6072,280,8454,1431031,1431311
6481,218,8454,1340700,1340918
7841,103,8454,751838,751941
8437,246,8454,1431071,1431317
9554,52,8454,453797,453849
1531,52,8455,453808,453860
1569,280,8455,1431076,1431356
2114,167,8455,1196771,1196938
2357,260,8455,1431116,1431376
5592,205,8455,1340837,1341042
7136,57,8455,453980,454037
8482,296,8455,1471600,1471896
2025,99,8456,752099,752198
3116,280,8456,1431175,1431455
4878,230,8456,1340921,1341151
4077,144,8457,1000511,1000655
6112,165,8457,1196976,1197141
3849,173,8458,1196980,1197153
3971,1,8458,100669,100670
5668,179,8458,1196993,1197172
7959,73,8458,454314,454387
1492,149,8459,1000653,1000802
3797,137,8459,1000682,1000819
6442,297,8459,1471612,1471909
6825,187,8459,1197051,1197238
7586,122,8459,1000779,1000901
8513,273,8459,1431252,1431525
2306,102,8460,752594,752696
3233,203,8460,1341027,1341230
3574,52,8460,454665,454717
3855,10,8460,101108,101118
5303,198,8460,1197157,1197355
5735,112,8460,752696,752808
6034,128,8460,1000900,1001028
6636,22,8460,101238,101260
6887,102,8460,752768,752870
2439,123,8461,1000907,1001030
2874,288,8461,1471627,1471915
3140,86,8461,752869,752955
4198,258,8461,1431323,1431581
5726,71,8461,454996,455067
9798,29,8461,101499,101528
2854,166,8462,1197273,1197439
5268,44,8462,455066,455110
5878,97,8462,752954,753051
7939,163,8463,1197278,1197441
9707,260,8463,1431339,1431599
1657,160,8464,1001107,1001267
5598,28,8464,101765,101793
6138,116,8464,753089,753205
6360,6,8464,101833,101839
6440,7,8464,101839,101846
6665,181,8464,1197320,1197501
6685,22,8464,101886,101908
8964,62,8464,455308,455370
9550,194,8464,1197341,1197535
9773,140,8464,1001227,1001367
1636,217,8465,1341145,1341362
3234,259,8465,1431357,1431616
6394,296,8465,1471631,1471927
7481,122,8465,1001366,1001488
9178,116,8465,753404,753520
2198,66,8466,455608,455674
3637,80,8466,455634,455714
3781,95,8466,753439,753534
8548,22,8466,102346,102368
1698,74,8467,455713,455787
3724,169,8467,1197492,1197661
5338,72,8467,455787,455859
5341,73,8467,455819,455892
5358,88,8467,753493,753581
2251,113,8468,753500,753613
2274,218,8468,1341239,1341457
4549,289,8468,1471644,1471933
4893,230,8468,1341297,1341527
6405,111,8468,753653,753764
7048,248,8468,1431453,1431701
7097,63,8468,456131,456194
7254,46,8468,456154,456200
7679,153,8468,1001565,1001718
9743,270,8468,1431461,1431731
3094,217,8469,1341406,1341623
4316,82,8469,753843,753925
5195,158,8469,1001677,1001835
6371,59,8469,456359,456418
7035,10,8469,103125,103135
8811,227,8469,1341423,1341650
9954,24,8469,103175,103199
2206,112,8470,753924,754036
2793,157,8470,1001754,1001911
4734,162,8470,1197778,1197940
5164,195,8470,1197780,1197975
5871,291,8470,1471651,1471942
6653,232,8470,1341489,1341721
7382,265,8470,1431529,1431794
7527,51,8470,456697,456748
8247,82,8471,754195,754277
8317,258,8471,1431553,1431811
9629,121,8471,1002030,1002151
9639,185,8471,1197974,1198159
4183,64,8472,456866,456930
6030,79,8472,456890,456969
9544,265,8472,1431570,1431835
2089,248,8473,1431594,1431842
3569,51,8473,457008,457059
4849,3,8473,103875,103878
4911,83,8473,754395,754478
6046,279,8473,1431602,1431881
2474,275,8474,1431640,1431915
4850,125,8474,1002228,1002353
7375,80,8474,457178,457258
8919,171,8474,1198156,1198327
2020,177,8475,1198166,1198343
2185,208,8475,1341756,1341964
4283,116,8475,754636,754752
7371,200,8475,1198223,1198423
7471,26,8475,104276,104302
4654,87,8476,754711,754798
5340,29,8476,104341,104370
6675,177,8476,1198262,1198439
3021,183,8477,1198278,1198461
3056,245,8477,1431672,1431917
4257,193,8477,1198341,1198534
4926,93,8477,754877,754970
6236,38,8477,104569,104607
3896,100,8478,754889,754989
4016,138,8478,1002549,1002687
4092,237,8478,1341801,1342038
7283,22,8478,104726,104748
8188,45,8478,457774,457819
9754,222,8478,1341838,1342060
9457,5,8479,104827,104832
1898,94,8480,755027,755121
2864,264,8480,1431674,1431938
3402,34,8481,104910,104944
4902,154,8481,1002684,1002838
5153,292,8481,1471651,1471943
7415,144,8481,1002758,1002902
8412,63,8481,458016,458079
9011,34,8481,105104,105138
1508,149,8482,1002781,1002930
3711,280,8482,1431736,1432016
4995,15,8482,105217,105232
7327,60,8482,458118,458178
8465,75,8482,458138,458213
8766,123,8482,1002850,1002973
9657,118,8482,755319,755437
1077,188,8483,1198568,1198756
3395,143,8483,1002892,1003035
7707,93,8483,755436,755529
1167,203,8484,1341974,1342177
2815,251,8484,1431774,1432025
4440,84,8484,755528,755612
5353,114,8484,755532,755646
7195,78,8484,458531,458609
3309,139,8485,1002993,1003132
3490,16,8485,105749,105765
9822,108,8485,755605,755713
2305,29,8486,105804,105833
6879,259,8486,1431783,1432042
7379,239,8486,1342055,1342294
7428,280,8486,1431802,1432082
7723,161,8486,1198793,1198954
9386,159,8486,1003171,1003330
4100,207,8487,1342133,1342340
4137,65,8487,458886,458951
7498,238,8487,1342140,1342378
9089,80,8487,458951,459031
9869,15,8487,106192,106207
4680,6,8488,106206,106212
5068,18,8488,106212,106230
6251,234,8488,1342177,1342411
7226,267,8488,1431840,1432107
7255,236,8488,1342251,1342487
8326,12,8488,106350,106362
8728,295,8488,1471656,1471951
6762,88,8489,756069,756157
7014,175,8489,1199031,1199206
7714,126,8489,1003487,1003613
7773,299,8489,1471670,1471969
9866,181,8489,1199086,1199267
2532,146,8490,1003572,1003718
4731,120,8490,756276,756396
5466,222,8490,1342365,1342587
9440,294,8490,1471688,1471982
2715,122,8491,1003677,1003799
5642,96,8491,756435,756531
5847,69,8491,459587,459656
7739,91,8491,756451,756542
1635,181,8492,1199184,1199365
2644,250,8492,1431983,1432233
2651,95,8492,756541,756636
4234,272,8492,1431993,1432265
6624,94,8492,756596,756690
7094,141,8492,1003798,1003939
2219,42,8493,459894,459936
4852,270,8493,1432024,1432294
8666,139,8493,1003858,1003997
9098,161,8493,1199324,1199485
3662,82,8494,756768,756850
5367,298,8494,1471698,1471996
6269,245,8494,1432093,1432338
6413,144,8494,1003996,1004140
6683,180,8494,1199404,1199584
1658,39,8495,107515,107554
1859,107,8495,756929,757036
2515,192,8495,1199423,1199615
3381,168,8495,1199455,1199623
7548,60,8495,460334,460394
8965,276,8495,1432097,1432373
1921,280,8496,1432132,1432412
3353,40,8496,107793,107833
4015,254,8496,1432172,1432426
6591,222,8496,1342741,1342963
8036,37,8496,107913,107950
2163,102,8497,757194,757296
2287,211,8497,1342762,1342973
9310,245,8497,1432185,1432430
9650,277,8497,1432190,1432467
2433,245,8498,1432226,1432471
3084,275,8498,1432231,1432506
8462,219,8498,1342932,1343151
3706,59,8499,460790,460849
3752,211,8499,1342950,1343161
6981,271,8499,1432265,1432536
8500,169,8499,1199939,1200108
1196,108,8500,757573,757681
6609,144,8500,1004654,1004798
7689,212,8500,1343000,1343212
8182,229,8500,1343012,1343241
9543,209,8500,1343041,1343250
1133,253,8501,1432294,1432547
1150,96,8501,757800,757896
1214,300,8501,1471709,1472009
1289,255,8501,1432347,1432602
2459,80,8501,461287,461367
4704,134,8501,1004917,1005051
4923,230,8501,1343169,1343399
5818,155,8501,1004971,1005126
6013,29,8501,108905,108934
6192,144,8501,1005006,1005150
9619,289,8501,1471729,1472018
5984,274,8502,1432401,1432675
6290,299,8502,1471737,1472036
6305,143,8502,1005149,1005292
7636,99,8502,758215,758314
8587,104,8502,758234,758338
2743,182,8503,1200344,1200526
6563,157,8503,1005211,1005368
6620,12,8503,109292,109304
6692,18,8503,109304,109322
8731,286,8503,1471755,1472041
8943,21,8503,109362,109383
6908,282,8504,1471760,1472042
7292,35,8504,109422,109457
2505,7,8505,109456,109463
3223,145,8505,1005326,1005471
4442,103,8505,758455,758558
4796,196,8505,1200444,1200640
6718,252,8505,1432552,1432804
5687,140,8506,1005430,1005570
6846,85,8506,758597,758682
1126,205,8507,1343433,1343638
3607,87,8507,758641,758728
4969,253,8507,1432562,1432815
6674,168,8507,1200598,1200766
7612,280,8507,1432575,1432855
8738,237,8507,1343518,1343755
1366,263,8508,1432614,1432877
3011,138,8508,1005688,1005826
4370,156,8508,1005706,1005862
7302,118,8508,758927,759045
7700,240,8508,1343594,1343834
9333,213,8508,1343634,1343847
6114,1,8509,110179,110180
7492,44,8509,462599,462643
7843,113,8509,759044,759157
8488,175,8509,1200804,1200979
9522,77,8509,462683,462760
1587,15,8510,110339,110354
1774,188,8510,1200818,1201006
4176,184,8510,1200846,1201030
5159,94,8510,759196,759290
5406,144,8510,1005940,1006084
8979,134,8510,1005964,1006098
9228,272,8510,1432635,1432907
9254,126,8510,1006018,1006144
3871,219,8511,1343684,1343903
4593,38,8511,110673,110711
7511,132,8511,1006063,1006195
9793,175,8511,1200949,1201124
4265,87,8512,759488,759575
4653,75,8512,463157,463232
5759,297,8512,1471754,1472051
5856,212,8512,1343742,1343954
6918,170,8512,1201043,1201213
7311,234,8512,1343754,1343988
7946,79,8512,463352,463431
8123,156,8512,1006274,1006430
8290,219,8512,1343788,1344007
1950,42,8513,463470,463512
8138,288,8513,1471770,1472058
3224,215,8514,1343845,1344060
8692,241,8514,1432743,1432984
9078,144,8514,1006468,1006612
3773,77,8515,463630,463707
3777,124,8515,1006491,1006615
4825,83,8515,759932,760015
7096,191,8515,1201250,1201441
8155,91,8515,759975,760066
4990,226,8516,1343898,1344124
6364,245,8516,1432742,1432987
8143,243,8516,1432747,1432990
9423,259,8516,1432750,1433009
9766,211,8516,1344044,1344255
2618,211,8517,1344054,1344265
4426,281,8517,1471774,1472055
4913,207,8517,1344105,1344312
6110,143,8517,1006853,1006996
3535,167,8518,1201598,1201765
6542,300,8518,1471774,1472074
1842,209,8519,1344150,1344359
3060,236,8519,1344159,1344395
3145,31,8519,112063,112094
4273,183,8519,1201724,1201907
5006,294,8519,1471793,1472087
6335,38,8519,112174,112212
9290,128,8519,1007114,1007242
4627,23,8520,112251,112274
6436,195,8520,1201786,1201981
6786,279,8520,1432885,1433164
7999,296,8520,1471806,1472102
8136,19,8520,112394,112413
9236,207,8520,1344314,1344521
5058,209,8521,1344320,1344529
6358,140,8521,1007320,1007460
8297,169,8521,1201980,1202149
1550,292,8522,1471820,1472112
2429,242,8522,1433002,1433244
3306,170,8522,1202068,1202238
3995,141,8522,1007499,1007640
4673,155,8522,1007520,1007675
6092,297,8522,1471832,1472129
7786,163,8522,1202118,1202281
1059,45,8523,465019,465064
3106,46,8523,465024,465070
4423,13,8523,112930,112943
5791,214,8523,1344447,1344661
9724,173,8523,1202160,1202333
1459,28,8524,113022,113050
2059,287,8524,1471847,1472134
2354,239,8524,1344500,1344739
6332,25,8524,113130,113155
7976,26,8524,113155,113181
9346,47,8524,465189,465236
1523,271,8525,1433081,1433352
2694,135,8525,1007832,1007967
5266,284,8525,1471853,1472137
6312,267,8525,1433152,1433419
6389,153,8525,1007927,1008080
7106,13,8525,113420,113433
7180,158,8525,1007960,1008118
8904,90,8525,761576,761666
3925,288,8526,1471856,1472144
3262,168,8527,1202409,1202577
5171,272,8527,1433217,1433489
5720,184,8527,1202457,1202641
9199,12,8527,113671,113683
6349,113,8528,761743,761856
3705,205,8529,1344734,1344939
4545,123,8529,1008194,1008317
5693,23,8529,113801,113824
6017,158,8529,1008197,1008355
6088,202,8529,1344739,1344941
2750,114,8530,761934,762048
3029,261,8530,1433246,1433507
3046,257,8530,1433267,1433524
3204,129,8530,1008354,1008483
4326,291,8530,1471860,1472151
4401,161,8530,1202678,1202839
4948,276,8530,1433324,1433600
7507,240,8530,1344900,1345140
8698,47,8530,466150,466197
2587,7,8531,114262,114269
7250,99,8531,762247,762346
9545,12,8531,114309,114321
2962,274,8532,1433358,1433632
3421,255,8532,1433392,1433647
3747,259,8532,1433407,1433666
3894,128,8532,1008641,1008769
9526,148,8532,1008649,1008797
1536,260,8533,1433425,1433685
5486,121,8533,1008716,1008837
6086,107,8533,762544,762651
6227,156,8533,1008717,1008873
2603,219,8534,1345096,1345315
4674,213,8534,1345115,1345328
1796,94,8535,762689,762783
3003,36,8535,114797,114833
5975,256,8535,1433443,1433699
9985,182,8535,1203034,1203216
1826,129,8536,1008910,1009039
2753,202,8536,1345166,1345368
3235,131,8536,1008959,1009090
3568,54,8536,466871,466925
6045,98,8536,762902,763000
1625,154,8537,1008969,1009123
4382,122,8537,1009003,1009125
5312,95,8537,762999,763094
6545,139,8537,1009005,1009144
7182,96,8537,763054,763150
9477,175,8537,1203094,1203269
2683,26,8538,115350,115376
5747,120,8538,763109,763229
7215,146,8538,1009063,1009209
1048,39,8539,115455,115494
2141,186,8539,1203107,1203293
2281,1,8539,115534,115535
3023,94,8539,763228,763322
6038,293,8539,1471862,1472155
7819,209,8539,1345205,1345414
8742,84,8539,763322,763406
1583,26,8540,115694,115720
2233,25,8540,115720,115745
4012,140,8540,1009207,1009347
3331,176,8541,1203211,1203387
3588,231,8541,1345212,1345443
3655,175,8541,1203267,1203442
5396,147,8541,1009346,1009493
6418,269,8541,1433493,1433762
1861,192,8542,1203321,1203513
3776,164,8542,1203353,1203517
9611,62,8542,467759,467821
3124,66,8543,467780,467846
2227,242,8544,1433519,1433761
3719,118,8544,763681,763799
6328,254,8544,1433521,1433775
6746,259,8544,1433535,1433794
9484,117,8544,763799,763916
2332,20,8545,116340,116360
3433,71,8545,468004,468075
7346,7,8545,116400,116407
8865,150,8545,1009609,1009759
2845,243,8546,1433552,1433795
4332,78,8546,468114,468192
4548,122,8546,1009678,1009800
5792,210,8546,1345438,1345648
7107,145,8546,1009720,1009865
8196,4,8546,116646,116650
4125,20,8547,116649,116669
6715,3,8548,116668,116671
7822,146,8548,1009743,1009889
1479,187,8549,1203550,1203737
1552,41,8549,468349,468390
4060,43,8549,468350,468393
4935,10,8549,116830,116840
7879,237,8549,1345445,1345682
1915,65,8550,468392,468457
2700,92,8550,764150,764242
5983,291,8550,1471864,1472155
2039,235,8551,1345520,1345755
2757,228,8551,1345555,1345783
3110,278,8551,1433590,1433868
6807,213,8551,1345623,1345836
6906,140,8551,1010046,1010186
8050,190,8551,1203815,1204005
8299,227,8551,1345636,1345863
2125,126,8552,1010145,1010271
3190,156,8552,1010151,1010307
3436,286,8552,1471873,1472159
5660,27,8552,117397,117424
1597,29,8553,117423,117452
2104,226,8553,1345701,1345927
1239,215,8554,1345726,1345941
5839,37,8554,117531,117568
6075,66,8554,468973,469039
6188,158,8554,1010305,1010463
8118,56,8554,469039,469095
1674,59,8555,469054,469113
2079,129,8555,1010342,1010471
2387,17,8555,117767,117784
6100,138,8555,1010351,1010489
9243,213,8555,1345740,1345953
9740,3,8555,117864,117867
3006,67,8556,469192,469259
5935,224,8556,1345752,1345976
2116,245,8557,1433662,1433907
3988,134,8557,1010487,1010621
6806,31,8557,118025,118056
7090,281,8557,1471874,1472155
7278,213,8557,1345855,1346068
2702,297,8558,1471874,1472171
5350,220,8558,1345907,1346127
6005,160,8558,1010660,1010820
6525,261,8559,1433745,1434006
6703,190,8559,1204317,1204507
3758,187,8560,1204346,1204533
4162,32,8560,118373,118405
7071,13,8560,118405,118418
3899,207,8561,1345964,1346171
5200,168,8561,1204412,1204580
6264,24,8561,118497,118521
6295,178,8561,1204420,1204598
7411,96,8561,765391,765487
7748,180,8561,1204438,1204618
9944,4,8561,118641,118645
2371,46,8562,469853,469899
3035,54,8562,469859,469913
5745,91,8562,765446,765537
5923,96,8562,765457,765553
7493,216,8562,1345970,1346186
9592,230,8562,1345986,1346216
5075,160,8563,1011055,1011215
5902,17,8563,118923,118940
6261,232,8563,1346015,1346247
8640,61,8563,470112,470173
9929,138,8563,1011135,1011273
1858,17,8564,119059,119076
4388,213,8564,1346046,1346259
7172,120,8564,765711,765831
2538,212,8565,1346058,1346270
4231,235,8565,1346070,1346305
4658,278,8565,1433760,1434038
5351,37,8565,119275,119312
7206,35,8565,119312,119347
7629,184,8565,1204734,1204918
9425,104,8565,765910,766014
2347,250,8566,1433797,1434047
4218,77,8566,470490,470567
7405,5,8566,119506,119511
7772,151,8566,1011390,1011541
3545,292,8567,1471882,1472174
4678,279,8567,1433846,1434125
6429,231,8567,1346263,1346494
6534,191,8567,1204916,1205107
8375,100,8567,766172,766272
8396,87,8567,766192,766279
8885,73,8567,470806,470879
3653,104,8568,766198,766302
5289,109,8568,766222,766331
6510,28,8568,119909,119937
7056,19,8568,119937,119956
7658,270,8568,1433884,1434154
8325,177,8568,1204986,1205163
9163,192,8568,1205003,1205195
9571,214,8568,1346333,1346547
9574,161,8568,1205075,1205236
1073,198,8569,1205075,1205273
1854,20,8569,120195,120215
3356,94,8569,766490,766584
3247,66,8570,471196,471262
2325,207,8571,1346344,1346551
4067,77,8571,471261,471338
6957,91,8571,766542,766633
7579,39,8571,120413,120452
7823,237,8571,1346351,1346588
8480,189,8571,1205191,1205380
8483,240,8571,1346388,1346628
8722,62,8571,471458,471520
4096,104,8572,766672,766776
7571,89,8572,766696,766785
9780,240,8572,1346427,1346667
1177,93,8573,766744,766837
5117,200,8573,1205298,1205498
7865,228,8573,1346466,1346694
9227,107,8573,766837,766944
1911,96,8574,766863,766959
2067,5,8574,120929,120934
2484,124,8574,1012093,1012217
4355,162,8574,1205377,1205539
4663,65,8574,471877,471942
5385,37,8574,121054,121091
9255,244,8574,1433908,1434152
9840,163,8574,1205419,1205582
1228,247,8575,1433911,1434158
1270,143,8575,1012256,1012399
1440,113,8575,767118,767231
2629,36,8575,121290,121326
5194,219,8575,1346572,1346791
5293,52,8575,472141,472193
1920,277,8576,1433917,1434194
1952,63,8576,472192,472255
4157,212,8576,1346630,1346842
4193,84,8576,767270,767354
5014,113,8576,767274,767387
5542,191,8576,1205580,1205771
6650,12,8576,121645,121657
8859,266,8576,1433954,1434220
1745,8,8577,121696,121704
1776,185,8577,1205650,1205835
5112,27,8577,121744,121771
6447,258,8577,1433979,1434237
6847,67,8577,472494,472561
6951,256,8577,1433997,1434253
7620,179,8577,1205755,1205934
2979,103,8578,767545,767648
3061,99,8578,767568,767667
7740,125,8578,1012636,1012761
7821,96,8578,767627,767723
1567,185,8579,1205772,1205957
5559,83,8579,767682,767765
5572,195,8579,1205797,1205992
6969,24,8579,122209,122233
7219,199,8579,1205832,1206031
7274,98,8579,767765,767863
7318,106,8579,767783,767889
8000,61,8579,472999,473060
8320,137,8579,1012760,1012897
8373,138,8579,1012777,1012915
8701,135,8579,1012795,1012930
9894,180,8579,1205871,1206051
1201,202,8580,1346758,1346960
1554,151,8580,1012889,1013040
2499,195,8580,1205930,1206125
4131,294,8580,1471881,1472175
7105,18,8580,122712,122730
8790,108,8580,768128,768236
2084,18,8581,122769,122787
4112,290,8581,1471894,1472184
4260,257,8581,1434089,1434346
4677,35,8581,122867,122902
5135,7,8581,122902,122909
8453,278,8582,1434105,1434383
1870,199,8583,1206122,1206321
2311,186,8583,1206161,1206347
3299,264,8583,1434142,1434406
5579,111,8583,768393,768504
6354,293,8583,1471902,1472195
7941,27,8583,123147,123174
8639,284,8583,1471915,1472199
9871,9,8583,123214,123223
1329,90,8584,768503,768593
2078,255,8584,1434245,1434500
2292,83,8584,768553,768636
6784,39,8584,123342,123381
7603,242,8584,1434260,1434502
8558,294,8584,1471918,1472212
2031,27,8585,123460,123487
2136,295,8585,1471931,1472226
7159,70,8585,473974,474044
9151,51,8585,474004,474055
9941,193,8585,1206465,1206658
3125,168,8586,1206497,1206665
4920,2,8586,123686,123688
8709,28,8586,123688,123716
2438,256,8587,1434339,1434595
3636,169,8587,1206544,1206713
3774,227,8587,1347233,1347460
8449,232,8587,1347260,1347492
1373,83,8588,768912,768995
1429,210,8588,1347291,1347501
2368,232,8588,1347301,1347533
2986,149,8589,1013791,1013940
4814,135,8589,1013820,1013955
7129,63,8589,474451,474514
7151,33,8589,124113,124146
9721,161,8589,1206711,1206872
2056,93,8590,769113,769206
4518,189,8590,1206711,1206900
7095,111,8590,769166,769277
7931,167,8590,1206740,1206907
1931,124,8591,1013953,1014077
2654,260,8591,1434351,1434611
3816,111,8591,769316,769427
8988,147,8591,1013997,1014144
9081,148,8591,1014024,1014172
2539,70,8592,474871,474941
4302,12,8592,124583,124595
6325,115,8592,769426,769541
8883,287,8592,1471939,1472226
2418,188,8593,1206824,1207012
5837,157,8593,1014130,1014287
6876,3,8593,124754,124757
7683,172,8593,1206852,1207024
3958,277,8594,1434408,1434685
5193,72,8594,475139,475211
6177,154,8594,1014246,1014400
1031,53,8595,475210,475263
3317,114,8595,769698,769812
5589,285,8595,1471943,1472228
6152,215,8595,1347486,1347701
9002,263,8595,1434484,1434747
9043,117,8595,769852,769969
1756,199,8596,1207021,1207220
4356,150,8596,1014438,1014588
4936,185,8596,1207060,1207245
9383,170,8596,1207085,1207255
3812,1,8597,125313,125314
4106,193,8597,1207094,1207287
4959,32,8597,125354,125386
1397,102,8598,770086,770188
7128,19,8598,125425,125444
8058,21,8598,125444,125465
8700,130,8598,1014586,1014716
3372,237,8599,1347537,1347774
5373,20,8599,125544,125564
5762,84,8599,770187,770271
8585,143,8599,1014635,1014778
1790,166,8600,1207164,1207330
7322,63,8600,475858,475921
8257,228,8600,1347573,1347801
8616,262,8600,1434502,1434764
9047,112,8600,770350,770462
9391,95,8600,770382,770477
9623,286,8600,1471943,1472229
1860,191,8601,1207289,1207480
5718,42,8601,476120,476162
6930,277,8601,1434563,1434840
7337,226,8601,1347720,1347946
9009,25,8601,126082,126107
9161,105,8601,770556,770661
1908,180,8602,1207399,1207579
3505,85,8602,770620,770705
3622,103,8602,770625,770728
3671,37,8602,126266,126303
4117,250,8602,1434599,1434849
8520,187,8602,1207459,1207646
8803,55,8602,476441,476496
9257,3,8602,126423,126426
3399,205,8603,1347784,1347989
3659,136,8603,1015094,1015230
1919,48,8604,476534,476582
8827,58,8604,476542,476600
1995,249,8605,1434606,1434855
4532,215,8605,1347827,1348042
1909,41,8606,476638,476679
4932,175,8606,1207602,1207777
7257,96,8606,770924,771020
8868,213,8606,1347841,1348054
9099,58,8606,476759,476817
9601,35,8606,126862,126897
9777,43,8606,476777,476820
9832,13,8606,126937,126950
1581,50,8607,476779,476829
1833,299,8607,1471942,1472241
6496,28,8607,127029,127057
6890,278,8607,1434653,1434931
7593,257,8607,1434691,1434948
9442,125,8607,1015386,1015511
3004,300,8608,1471960,1472260
7569,134,8608,1015430,1015564
9449,290,8608,1471980,1472270
9760,275,8608,1434787,1435062
1588,69,8609,477107,477176
2345,253,8609,1434821,1435074
2774,46,8609,477176,477222
2914,189,8609,1207934,1208123
3566,34,8609,127495,127529
7801,179,8609,1207963,1208142
8470,163,8609,1207982,1208145
9293,5,8609,127609,127614
4574,250,8610,1434833,1435083
6350,247,8610,1434843,1435090
7948,227,8610,1348210,1348437
8559,248,8610,1434850,1435098
9032,193,8610,1208144,1208337
2942,191,8611,1208176,1208367
5665,198,8611,1208207,1208405
6299,132,8611,1015961,1016093
8407,174,8611,1208245,1208419
8609,17,8611,127972,127989
2648,141,8612,1016012,1016153
2773,89,8612,771854,771943
7681,8,8612,128068,128076
8234,125,8612,1016033,1016158
4775,210,8613,1348274,1348484
9858,148,8613,1016077,1016225
1781,33,8614,128194,128227
4758,229,8614,1348283,1348512
7968,187,8614,1208336,1208523
2243,182,8615,1208362,1208544
3456,127,8615,1016223,1016350
5040,111,8615,772140,772251
6001,8,8615,128426,128434
1310,119,8616,772170,772289
5148,283,8616,1471982,1472265
5628,176,8616,1208423,1208599
6215,164,8616,1208439,1208603
7733,249,8616,1434892,1435141
8740,135,8616,1016389,1016524
9448,9,8616,128673,128682
3028,119,8617,772408,772527
3396,230,8617,1348389,1348619
4379,292,8617,1471984,1472276
4594,129,8617,1016483,1016612
1516,117,8618,772566,772683
1813,228,8618,1348458,1348686
2419,244,8618,1434939,1435183
3769,288,8618,1471995,1472283
4906,155,8618,1016611,1016766
4937,199,8618,1208681,1208880
5383,64,8618,478693,478757
5796,194,8618,1208720,1208914
1243,256,8619,1434982,1435238
9373,266,8619,1434998,1435264
4205,270,8620,1435023,1435293
5826,48,8620,478875,478923
7951,196,8620,1208872,1209068
8647,190,8620,1208908,1209098
1434,103,8621,773040,773143
1537,286,8621,1472000,1472286
1852,54,8621,479042,479096
1990,21,8621,129517,129538
3290,1,8621,129538,129539
3435,31,8621,129539,129570
3477,49,8621,479056,479105
3815,186,8621,1208977,1209163
5306,188,8621,1209003,1209191
6856,295,8621,1472006,1472301
7488,4,8621,129730,129734
9529,61,8621,479185,479246
3152,203,8622,1348762,1348965
3608,284,8622,1472020,1472304
4715,245,8622,1435171,1435416
6245,238,8622,1348845,1349083
2749,232,8623,1348882,1349114
4617,36,8623,129972,130008
4927,52,8623,479404,479456
5754,70,8623,479416,479486
9005,270,8623,1435175,1435445
1360,85,8624,773460,773545
1962,133,8624,1017320,1017453
3510,173,8624,1209308,1209481
7911,36,8624,130247,130283
8374,204,8624,1348953,1349157
8429,281,8624,1472022,1472303
9368,259,8624,1435244,1435503
2182,195,8625,1209440,1209635
3772,185,8625,1209475,1209660
9972,300,8625,1472022,1472322
4528,25,8626,130521,130546
6320,174,8626,1209539,1209713
6975,197,8626,1209553,1209750
7102,223,8626,1349075,1349298
8261,273,8626,1435301,1435574
8683,16,8626,130706,130722
3926,148,8627,1017770,1017918
4294,63,8627,480042,480105
6843,210,8627,1349137,1349347
7030,48,8627,480105,480153
2678,70,8628,480112,480182
5495,263,8628,1435332,1435595
5849,71,8628,480182,480253
7232,257,8628,1435355,1435612
7894,70,8628,480253,480323
8250,84,8628,774101,774185
8447,298,8628,1472039,1472337
3202,135,8629,1017956,1018091
6574,60,8629,480402,480462
6905,164,8629,1209827,1209991
9157,227,8629,1349265,1349492
2573,173,8630,1209870,1210043
6179,46,8630,480541,480587
7820,253,8630,1435410,1435663
8120,70,8630,480587,480657
8580,54,8630,480617,480671
1227,229,8631,1349330,1349559
1981,235,8631,1349359,1349594
3297,210,8631,1349394,1349604
3425,32,8631,131637,131669
3991,27,8631,131669,131696
4199,274,8631,1435422,1435696
5388,142,8631,1018289,1018431
5422,275,8631,1435456,1435731
1618,236,8632,1349483,1349719
1624,14,8632,131855,131869
8115,36,8632,131869,131905
2373,92,8633,774620,774712
3391,197,8633,1210160,1210357
3915,52,8633,480988,481040
7711,153,8633,1018429,1018582
8433,53,8633,481040,481093
9831,2,8633,132104,132106
3898,255,8634,1435488,1435743
4164,85,8634,774751,774836
5580,139,8634,1018501,1018640
7376,123,8634,1018520,1018643
7660,99,8634,774836,774935
8176,21,8634,132305,132326
2016,288,8635,1472050,1472338
5483,209,8635,1349596,1349805
8708,275,8635,1435542,1435817
1318,287,8636,1472057,1472344
1835,209,8636,1349684,1349893
3806,267,8636,1435616,1435883
4886,95,8636,775093,775188
7061,292,8636,1472064,1472356
9114,87,8636,775148,775235
2254,173,8637,1210513,1210686
2486,127,8637,1018840,1018967
2901,202,8637,1349772,1349974
3528,116,8637,775274,775390
3910,287,8637,1472075,1472362
7164,162,8637,1210606,1210768
7363,23,8637,132923,132946
8385,214,8637,1349814,1350028
8818,141,8637,1019007,1019148
9046,172,8637,1210648,1210820
9542,28,8637,133066,133094
1647,55,8638,481968,482023
3157,4,8639,133132,133136
8583,65,8639,481982,482047
3130,227,8640,1349825,1350052
4895,32,8640,133215,133247
9393,73,8640,482046,482119
3220,68,8641,482078,482146
4194,169,8641,1210696,1210865
6911,3,8641,133366,133369
8201,144,8641,1019144,1019288
8901,285,8641,1472078,1472363
9520,220,8641,1349891,1350111
1225,100,8642,775705,775805
1824,278,8642,1435757,1436035
4070,267,8642,1435795,1436062
5208,34,8642,133608,133642
8199,99,8642,775805,775904
5943,300,8643,1472081,1472381
8880,277,8643,1435861,1436138
6623,248,8644,1435897,1436145
7353,189,8644,1210982,1211171
7577,61,8644,482583,482644
1096,204,8645,1350107,1350311
4214,117,8645,776021,776138
6079,266,8645,1435904,1436170
2435,260,8646,1435929,1436189
3968,38,8646,134038,134076
9112,123,8646,1019603,1019726
1917,251,8647,1435948,1436199
3501,44,8647,482841,482885
4860,65,8647,482845,482910
5840,118,8647,776216,776334
7261,119,8647,776254,776373
3960,271,8648,1435958,1436229
5035,240,8648,1350268,1350508
6775,200,8648,1211247,1211447
2159,172,8649,1211286,1211458
5661,11,8649,134473,134484
7915,231,8649,1350307,1350538
8976,210,8649,1350338,1350548
1460,202,8650,1350347,1350549
1506,135,8650,1019922,1020057
3606,70,8650,483267,483337
4253,296,8650,1472094,1472390
6719,245,8650,1436027,1436272
8346,207,8650,1350429,1350636
4861,42,8651,483416,483458
5841,292,8652,1472108,1472400
6867,94,8652,776768,776862
7368,219,8652,1350474,1350693
8359,213,8652,1350493,1350706
8697,257,8652,1436070,1436327
1761,21,8653,135040,135061
4321,11,8653,135061,135072
5366,165,8653,1211694,1211859
5773,167,8653,1211699,1211866
1998,287,8654,1472118,1472405
9200,116,8654,777020,777136
6710,197,8655,1211744,1211941
6722,24,8655,135270,135294
8538,82,8655,777095,777177
9320,155,8655,1020372,1020527
1437,125,8656,1020406,1020531
5130,91,8656,777176,777267
5440,237,8656,1350582,1350819
5915,177,8656,1211820,1211997
8893,24,8656,135533,135557
1090,219,8657,1350618,1350837
1221,65,8657,484092,484157
7557,140,8657,1020530,1020670
1086,93,8658,777345,777438
2135,37,8658,135715,135752
3831,114,8658,777358,777472
3944,191,8658,1211875,1212066
5828,293,8658,1472121,1472414
1097,140,8659,1020628,1020768
5027,192,8659,1211945,1212137
8878,93,8659,777551,777644
2989,253,8660,1436159,1436412
3166,38,8660,136030,136068
5280,52,8660,484474,484526
5347,165,8660,1212016,1212181
6103,81,8660,777643,777724
6599,204,8660,1350714,1350918
6671,163,8660,1212061,1212224
7546,187,8660,1212064,1212251
7876,169,8660,1212091,1212260
8253,19,8660,136348,136367
1181,32,8661,136366,136398
1462,276,8661,1436171,1436447
3400,290,8661,1472131,1472421
3432,61,8661,484805,484866
5859,62,8661,484826,484888
7033,169,8661,1212179,1212348
9193,214,8661,1350797,1351011
2395,201,8662,1350810,1351011
4657,125,8662,1021125,1021250
8782,43,8662,485007,485050
9249,125,8662,1021130,1021255
9602,98,8662,778082,778180
1108,62,8663,485089,485151
2134,26,8663,136876,136902
5327,161,8663,1212266,1212427
8307,106,8663,778139,778245
9106,238,8663,1350810,1351048
5558,298,8664,1472138,1472436
1275,256,8665,1436283,1436539
4746,81,8665,778283,778364
6084,264,8665,1436299,1436563
6626,3,8665,137180,137183
7804,172,8665,1212425,1212597
7981,296,8665,1472155,1472451
1362,286,8666,1472170,1472456
3387,140,8666,1021451,1021591
3499,64,8666,485548,485612
3540,39,8666,137382,137421
5893,110,8666,778483,778593
9082,110,8666,778513,778623
1438,210,8667,1351044,1351254
2173,285,8667,1472175,1472460
5098,131,8667,1021550,1021681
6824,20,8667,137620,137640
7065,96,8667,778662,778758
7348,294,8667,1472180,1472474
8213,108,8667,778718,778826
8452,13,8667,137760,137773
9958,201,8667,1351134,1351335
1111,205,8668,1351134,1351339
1399,47,8668,485970,486017
3282,175,8668,1212714,1212889
7201,98,8668,778865,778963
2252,298,8669,1472192,1472490
3063,262,8669,1436519,1436781
3450,257,8669,1436541,1436798
4329,241,8669,1436558,1436799
6532,220,8669,1351298,1351518
9222,154,8669,1021919,1022073
2204,274,8670,1436558,1436832
5241,172,8670,1212967,1213139
5772,277,8670,1436592,1436869
8156,81,8670,779241,779322
1385,279,8671,1436628,1436907
6550,257,8671,1436667,1436924
7674,283,8671,1472208,1472491
8409,264,8671,1436724,1436988
1478,35,8672,138528,138563
2388,295,8672,1472210,1472505
3657,188,8672,1213217,1213405
5104,43,8672,486693,486736
5245,75,8672,486696,486771
8278,243,8672,1436787,1437030
1862,141,8673,1022349,1022490
2240,47,8673,486810,486857
7193,6,8673,138842,138848
8861,60,8673,486817,486877
2217,57,8674,486836,486893
8163,59,8674,486853,486912
9135,158,8674,1022369,1022527
6130,44,8675,486911,486955
7160,210,8675,1351632,1351842
8710,167,8675,1213322,1213489
9872,151,8675,1022486,1022637
3652,23,8676,139165,139188
7439,32,8676,139188,139220
8413,118,8676,779716,779834
9018,4,8676,139260,139264
9561,95,8676,779754,779849
1795,113,8677,779768,779881
3362,214,8677,1351640,1351854
4398,141,8677,1022555,1022696
6779,52,8677,487233,487285
8489,58,8677,487245,487303
9835,143,8677,1022576,1022719
1996,257,8678,1436784,1437041
4553,178,8678,1213406,1213584
4897,38,8678,139622,139660
6633,93,8678,780000,780093
9620,249,8678,1436801,1437050
4237,18,8679,139739,139757
7373,167,8679,1213463,1213630
9751,121,8679,1022757,1022878
2190,89,8680,780131,780220
3380,12,8680,139876,139888
5939,111,8680,780140,780251
8100,87,8680,780171,780258
2118,197,8681,1213468,1213665
1973,192,8682,1213504,1213696
2394,38,8682,140046,140084
5838,247,8682,1436806,1437053
1637,267,8683,1436812,1437079
2377,268,8683,1436839,1437107
4222,67,8683,487857,487924
5213,45,8683,487884,487929
1292,14,8684,140282,140296
3691,165,8684,1213654,1213819
6465,275,8684,1436866,1437141
6984,17,8684,140376,140393
2561,31,8685,140392,140423
2589,162,8685,1213698,1213860
5669,59,8686,488006,488065
5393,70,8687,488024,488094
4026,205,8688,1351883,1352088
6508,160,8688,1023109,1023269
7115,205,8688,1351888,1352093
9492,194,8688,1213777,1213971
9646,73,8688,488213,488286
2265,82,8689,780649,780731
3949,244,8689,1436896,1437140
5577,176,8689,1213850,1214026
9900,113,8689,780731,780844
3341,144,8690,1023307,1023451
3734,238,8690,1351931,1352169
5715,60,8691,488483,488543
6794,241,8691,1436898,1437139
8729,118,8691,780882,781000
9960,8,8691,141097,141105
5937,109,8692,780919,781028
6662,216,8692,1352007,1352223
6831,67,8692,488662,488729
8956,190,8692,1213983,1214173
9908,230,8692,1352023,1352253
1179,195,8693,1214052,1214247
1539,209,8693,1352052,1352261
1957,44,8693,488848,488892
3987,202,8693,1352061,1352263
3018,195,8694,1214166,1214361
3731,275,8694,1436896,1437171
4524,182,8694,1214241,1214423
5028,22,8694,141582,141604
6334,113,8694,781306,781419
1389,281,8695,1472202,1472483
2130,237,8695,1352141,1352378
3326,138,8695,1023846,1023984
4733,126,8695,1023864,1023990
5221,244,8695,1436970,1437214
5710,44,8695,489250,489294
1867,232,8696,1352217,1352449
3598,64,8696,489293,489357
3867,73,8696,489317,489390
4395,137,8696,1023949,1024086
5235,165,8696,1214421,1214586
7321,168,8696,1214426,1214594
9827,256,8696,1436973,1437229
3256,149,8697,1024085,1024234
4076,160,8697,1024114,1024274
9185,255,8697,1436988,1437243
1887,207,8698,1352327,1352534
2051,102,8698,781895,781997
2107,109,8698,781917,782026
4035,232,8698,1352334,1352566
5392,139,8698,1024273,1024412
6854,48,8698,489828,489876
7178,159,8698,1024292,1024451
9101,118,8698,782066,782184
9828,105,8698,782104,782209
3333,43,8699,489955,489998
3340,272,8699,1437001,1437273
4770,60,8699,489998,490058
9733,81,8699,782168,782249
1694,160,8700,1024369,1024529
1969,258,8700,1437032,1437290
2775,238,8700,1352444,1352682
4330,195,8700,1214710,1214905
5477,100,8700,782328,782428
5861,50,8700,490257,490307
7520,17,8700,143038,143055
8479,31,8700,143055,143086
8896,50,8702,490265,490315
1418,290,8703,1472195,1472485
1551,257,8703,1437087,1437344
1578,227,8703,1352559,1352786
1901,171,8703,1214862,1215033
8618,69,8703,490434,490503
3378,238,8704,1352585,1352823
5113,58,8704,490502,490560
6474,37,8704,143402,143439
8245,65,8704,490520,490585
8815,37,8704,143479,143516
5036,17,8705,143515,143532
5825,236,8705,1352622,1352858
9109,20,8705,143572,143592
1557,14,8706,143591,143605
2308,221,8706,1352657,1352878
4669,207,8706,1352678,1352885
6696,250,8706,1437101,1437351
1173,88,8707,782701,782789
1541,182,8707,1215069,1215251
2221,106,8707,782749,782855
2423,56,8707,490822,490878
3654,99,8707,782775,782874
3770,114,8707,782794,782908
6512,47,8707,490918,490965
8272,51,8707,490925,490976
1984,297,8708,1472200,1472497
2178,170,8708,1215130,1215300
2879,285,8708,1472217,1472502
3315,81,8708,782947,783028
4252,157,8708,1025041,1025198
5109,226,8708,1352803,1353029
8029,228,8708,1352829,1353057
3796,75,8709,491214,491289
4399,49,8709,491249,491298
5432,89,8709,783067,783156
5504,163,8709,1215259,1215422
7184,76,8709,491338,491414
7390,261,8709,1437188,1437449
8003,231,8709,1352896,1353127
8219,257,8709,1437209,1437466
8723,119,8709,783236,783355
8930,185,8709,1215382,1215567
9815,112,8709,783315,783427
3105,7,8710,144761,144768
3703,115,8710,783346,783461
5508,232,8710,1352966,1353198
7011,105,8710,783421,783526
8018,65,8710,491733,491798
8966,4,8710,144928,144932
9604,216,8710,1352998,1353214
1070,202,8711,1353013,1353215
1498,299,8712,1472218,1472517
3924,126,8712,1025514,1025640
3928,273,8712,1437263,1437536
5800,204,8712,1353094,1353298
1407,163,8714,1215642,1215805
2128,111,8714,783722,783833
2129,197,8714,1215645,1215842
6186,298,8714,1472235,1472533
6368,122,8714,1025718,1025840
8463,86,8714,783873,783959
4038,276,8715,1437333,1437609
4187,168,8715,1215761,1215929
4867,297,8715,1472252,1472549
5201,111,8715,783998,784109
6423,67,8715,492393,492460
7197,125,8715,1025839,1025964
2563,115,8716,784068,784183
2906,127,8716,1025843,1025970
3085,224,8716,1353214,1353438
5330,43,8716,492579,492622
6249,237,8716,1353238,1353475
1482,32,8717,145845,145877
3133,299,8717,1472267,1472566
3853,126,8717,1025969,1026095
5632,195,8717,1215927,1216122
7936,120,8717,784342,784462
7950,149,8718,1026014,1026163
8613,82,8718,784421,784503
6322,256,8719,1437445,1437701
3681,228,8720,1353351,1353579
5441,117,8720,784501,784618
5744,144,8720,1026121,1026265
7038,35,8720,146274,146309
7243,286,8720,1472283,1472569
5817,297,8721,1472288,1472585
6214,123,8721,1026224,1026347
6399,197,8721,1216118,1216315
6823,109,8721,784737,784846
3666,255,8722,1437538,1437793
4151,204,8722,1353497,1353701
5485,63,8722,493296,493359
5617,195,8722,1216234,1216429
6444,242,8722,1437553,1437795
9901,40,8722,146707,146747
2401,227,8723,1353540,1353767
5394,31,8723,146786,146817
7167,210,8723,1353567,1353777
8392,64,8724,493477,493541
1284,247,8725,1437552,1437799
1881,47,8725,493540,493587
2249,21,8725,146975,146996
2309,196,8725,1216426,1216622
6553,124,8725,1026583,1026707
7462,3,8725,147076,147079
9181,26,8725,147079,147105
9580,174,8725,1216462,1216636
6211,53,8726,493666,493719
2722,132,8727,1026625,1026757
3405,227,8727,1353613,1353840
4083,289,8727,1472299,1472588
4335,19,8727,147303,147322
4862,43,8727,493798,493841
1411,298,8728,1472307,1472605
2966,158,8728,1026756,1026914
8997,152,8728,1026794,1026946
2162,211,8729,1353718,1353929
1611,67,8730,493958,494025
1697,5,8730,147559,147564
3601,143,8730,1026864,1027007
4056,238,8730,1353728,1353966
6736,199,8730,1216671,1216870
9155,17,8730,147684,147701
1291,98,8731,785556,785654
1559,71,8731,494144,494215
1892,94,8731,785574,785668
4069,182,8731,1216709,1216891
3639,159,8732,1027005,1027164
4305,30,8732,147899,147929
5480,54,8732,494294,494348
6544,10,8732,147969,147979
7047,165,8732,1216730,1216895
7958,193,8732,1216735,1216928
8339,193,8732,1216768,1216961
8801,257,8732,1437632,1437889
1890,16,8733,148138,148154
2959,67,8733,494467,494534
3626,65,8733,494494,494559
6647,294,8733,1472320,1472614
7646,138,8733,1027243,1027381
8484,1,8733,148314,148315
1840,44,8734,494598,494642
2895,154,8734,1027260,1027414
2933,113,8734,785945,786058
4191,199,8734,1216879,1217078
4270,16,8734,148474,148490
6101,202,8734,1353842,1354044
7276,15,8734,148530,148545
2327,212,8735,1353843,1354055
3638,157,8735,1027413,1027570
3823,66,8735,494841,494907
4607,64,8735,494867,494931
5074,185,8735,1216997,1217182
5829,300,8735,1472332,1472632
5918,66,8735,494971,495037
1509,150,8736,1027529,1027679
1605,29,8736,148863,148892
1880,294,8736,1472351,1472645
3002,14,8736,148932,148946
7453,294,8736,1472365,1472659
8810,31,8736,148986,149017
9848,9,8736,149017,149026
3466,224,8737,1353973,1354197
5552,109,8737,786375,786484
8473,13,8737,149105,149118
8685,223,8737,1353997,1354220
1026,142,8738,1027717,1027859
1355,293,8738,1472377,1472670
4810,139,8738,1027779,1027918
5124,283,8738,1472390,1472673
7204,233,8738,1354099,1354332
8006,177,8738,1217339,1217516
8651,242,8738,1437883,1438125
9988,43,8738,495514,495557
4826,58,8739,495516,495574
5734,300,8739,1472392,1472692
7177,224,8739,1354211,1354435
7458,285,8739,1472412,1472697
7887,10,8739,149636,149646
8288,4,8739,149646,149650
9473,168,8739,1217515,1217683
9962,189,8739,1217523,1217712
1443,67,8740,495733,495800
3875,295,8740,1472416,1472711
4577,224,8740,1354314,1354538
4724,207,8740,1354338,1354545
4868,162,8740,1217671,1217833
8749,43,8740,495920,495963
9382,246,8740,1438003,1438249
1390,205,8741,1354384,1354589
1729,263,8741,1438008,1438271
2201,299,8741,1472430,1472729
3735,53,8741,496082,496135
5959,184,8741,1217832,1218016
2411,137,8742,1028514,1028651
5123,171,8742,1217855,1218026
6841,143,8742,1028571,1028714
1471,231,8743,1354467,1354698
1874,218,8743,1354498,1354716
3434,44,8743,496333,496377
5702,282,8743,1472447,1472729
5756,220,8743,1354556,1354776
6955,27,8743,150526,150553
7514,139,8743,1028753,1028892
2303,212,8744,1354575,1354787
2680,249,8744,1438108,1438357
4505,189,8744,1218104,1218293
5061,254,8744,1438117,1438371
5229,113,8744,787757,787870
6414,207,8744,1354667,1354874
6577,11,8744,150832,150843
9599,54,8744,496696,496750
3136,175,8745,1218212,1218387
3933,221,8745,1354673,1354894
4269,210,8745,1354694,1354904
7122,175,8745,1218307,1218482
8152,288,8745,1472447,1472735
8191,213,8745,1354744,1354957
8455,76,8746,496948,497024
1747,41,8747,496983,497024
2232,74,8747,496984,497058
5276,281,8747,1472453,1472734
9934,19,8747,151280,151299
4955,291,8748,1472453,1472744
6004,216,8748,1354834,1355050
6963,159,8748,1029327,1029486
2075,38,8749,151417,151455
2218,220,8749,1354849,1355069
3847,156,8749,1029405,1029561
4146,243,8749,1438246,1438489
5869,76,8749,497296,497372
2330,163,8750,1218597,1218760
2598,230,8750,1354908,1355138
3236,96,8750,788424,788520
3344,291,8750,1472462,1472753
7067,146,8750,1029600,1029746
8950,107,8750,788520,788627
9765,192,8750,1218680,1218872
1480,94,8751,788586,788680
6740,94,8751,788600,788694
7401,146,8751,1029665,1029811
3811,230,8752,1354976,1355206
6654,78,8752,497769,497847
9568,12,8752,152092,152104
1222,6,8753,152103,152109
4071,23,8753,152109,152132
5384,27,8753,152132,152159
8591,20,8753,152159,152179
2362,23,8754,152178,152201
2391,36,8754,152201,152237
3851,216,8754,1355004,1355220
4007,30,8754,152277,152307
4771,192,8754,1218788,1218980
5808,83,8754,788771,788854
6558,30,8754,152387,152417
1174,161,8755,1218819,1218980
2002,129,8755,1029847,1029976
4144,71,8755,498004,498075
4490,231,8755,1355019,1355250
7010,155,8755,1029896,1030051
7046,161,8755,1218860,1219021
1268,197,8756,1218860,1219057
2207,140,8756,1030010,1030150
3467,137,8756,1030030,1030167
5855,205,8756,1355049,1355254
1071,168,8757,1218936,1219104
4129,272,8757,1438281,1438553
5262,17,8758,152893,152910
7408,30,8758,152910,152940
9341,102,8758,789210,789312
1372,136,8759,1030164,1030300
4963,267,8759,1438311,1438578
7543,259,8759,1438338,1438597
7983,121,8759,1030260,1030381
9690,168,8759,1219062,1219230
1903,10,8760,153178,153188
2344,116,8760,789430,789546
2627,120,8760,789466,789586
3076,33,8760,153268,153301
3251,146,8760,1030300,1030446
4517,5,8760,153341,153346
5978,92,8760,789546,789638
2385,162,8761,1219068,1219230
2791,45,8761,498829,498874
6070,129,8761,1030365,1030494
7020,299,8761,1472462,1472761
7627,248,8761,1438395,1438643
8051,118,8761,789717,789835
8291,47,8761,498994,499041
8934,14,8761,153665,153679
3323,160,8762,1030453,1030613
3694,53,8762,499040,499093
7058,114,8762,789794,789908
7203,1,8762,153798,153799
6230,37,8763,153798,153835
7757,40,8763,153835,153875
5570,82,8764,789826,789908
6649,37,8764,153914,153951
7002,217,8764,1355246,1355463
7558,65,8764,499171,499236
9745,244,8764,1438400,1438644
3592,229,8765,1355302,1355531
6082,218,8765,1355331,1355549
8526,169,8765,1219306,1219475
9513,223,8765,1355349,1355572
1752,71,8766,499394,499465
2984,100,8766,790066,790166
3645,82,8766,790086,790168
3656,58,8766,499505,499563
4028,57,8766,499523,499580
7965,297,8766,1472476,1472773
3196,267,8767,1438441,1438708
4696,94,8767,790167,790261
5307,152,8767,1030808,1030960
7615,36,8767,154588,154624
7782,164,8767,1219433,1219597
7927,78,8767,499739,499817
8626,169,8767,1219437,1219606
9143,176,8767,1219446,1219622
2797,260,8768,1438467,1438727
7349,199,8768,1219501,1219700
1195,26,8769,154862,154888
1619,289,8769,1472490,1472779
1997,36,8769,154928,154964
3900,95,8769,790459,790554
5020,16,8769,155004,155020
5214,17,8769,155020,155037
5760,69,8769,500015,500084
8653,248,8769,1438526,1438774
1739,169,8770,1219618,1219787
6948,106,8770,790553,790659
1143,195,8771,1219626,1219821
1349,106,8771,790618,790724
1395,177,8771,1219661,1219838
2579,10,8771,155315,155325
2964,284,8771,1472497,1472781
4709,300,8771,1472501,1472801
6062,113,8771,790764,790877
7447,250,8771,1438612,1438862
8189,78,8771,500442,500520
9225,223,8771,1355686,1355909
1246,148,8772,1031395,1031543
5421,116,8772,790916,791032
5575,125,8772,1031423,1031548
7533,88,8772,790992,791080
8144,21,8772,155724,155745
2244,272,8773,1438620,1438892
3057,276,8773,1438652,1438928
9302,7,8773,155824,155831
1640,299,8774,1472518,1472817
1682,122,8774,1031546,1031668
2382,213,8774,1355826,1356039
2920,110,8774,791198,791308
3946,140,8775,1031587,1031727
9128,175,8775,1219994,1220169
9582,211,8775,1355838,1356049
6573,279,8776,1438725,1439004
9586,120,8776,791386,791506
1028,142,8777,1031725,1031867
3680,293,8777,1472534,1472827
3745,141,8777,1031787,1031928
4156,250,8777,1438803,1439053
4767,274,8777,1438813,1439087
6990,206,8777,1356007,1356213
4327,112,8778,791664,791776
5260,26,8778,156466,156492
6704,94,8778,791696,791790
8282,216,8778,1356012,1356228
8649,279,8778,1438846,1439125
2621,201,8779,1356067,1356268
6027,147,8779,1032046,1032193
6275,50,8779,501592,501642
1484,227,8780,1356067,1356294
1507,129,8780,1032112,1032241
1563,30,8780,156810,156840
4619,12,8780,156840,156852
9354,143,8780,1032121,1032264
1628,206,8781,1356093,1356299
3687,260,8781,1438882,1439142
6689,101,8781,792067,792168
7790,284,8781,1472543,1472827
9367,6,8781,157051,157057
2029,12,8782,157056,157068
2848,95,8782,792127,792222
5070,90,8782,792142,792232
5352,133,8782,1032262,1032395
8761,172,8782,1220522,1220694
5136,139,8783,1032314,1032453
7137,90,8783,792271,792361
9326,248,8783,1438940,1439188
4366,22,8784,157346,157368
5848,226,8784,1356216,1356442
6292,240,8784,1356242,1356482
7638,262,8784,1438947,1439209
7867,221,8784,1356322,1356543
9771,39,8784,157528,157567
9936,271,8784,1438969,1439240
3873,51,8785,502356,502407
7377,183,8785,1220771,1220954
8217,94,8785,792559,792653
8432,295,8785,1472543,1472838
2824,253,8786,1439038,1439291
3238,166,8786,1220873,1221039
3725,90,8786,792692,792782
4027,198,8786,1220879,1221077
5403,11,8786,157925,157936
5960,201,8786,1356461,1356662
7626,19,8786,157976,157995
8012,109,8786,792782,792891
1296,153,8787,1032809,1032962
3520,3,8787,158074,158077
8632,266,8787,1439050,1439316
9186,26,8787,158117,158143
3908,200,8788,1220995,1221195
3178,291,8789,1472554,1472845
3414,19,8789,158221,158240
7619,195,8789,1221074,1221269
9716,116,8789,793008,793124
4526,53,8790,502962,503015
4821,125,8790,1032999,1033124
6367,77,8791,503014,503091
6941,186,8791,1221107,1221293
7181,204,8791,1356537,1356741
7732,169,8791,1221173,1221342
8146,84,8791,793202,793286
4023,257,8792,1439111,1439368
4540,79,8792,503250,503329
8954,207,8792,1356580,1356787
9937,115,8792,793285,793400
2410,258,8793,1439127,1439385
4620,137,8793,1033241,1033378
4930,144,8793,1033258,1033402
5259,53,8793,503488,503541
7260,79,8793,503501,503580
7496,224,8793,1356626,1356850
3298,198,8794,1221339,1221537
3890,119,8794,793518,793637
1610,130,8795,1033360,1033490
2997,272,8795,1439143,1439415
1081,80,8796,503737,503817
1341,285,8796,1472558,1472843
3129,130,8796,1033449,1033579
4368,159,8796,1033459,1033618
7279,270,8796,1439214,1439484
8227,71,8796,503937,504008
8450,203,8796,1356767,1356970
8844,246,8796,1439244,1439490
1160,104,8797,793874,793978
2396,159,8797,1033617,1033776
5064,134,8797,1033656,1033790
1396,36,8798,159591,159627
3259,230,8798,1356808,1357038
3989,40,8798,159667,159707
9170,54,8798,504206,504260
9694,170,8798,1221613,1221783
2324,95,8799,794056,794151
3907,29,8799,159826,159855
4013,249,8799,1439247,1439496
4412,182,8799,1221662,1221844
9637,171,8799,1221684,1221855
9790,185,8799,1221695,1221880
5761,212,8800,1356876,1357088
6699,106,8801,794269,794375
8303,136,8801,1033946,1034082
8547,51,8801,504577,504628
6175,57,8802,504587,504644
7406,297,8802,1472557,1472854
7604,25,8802,160252,160277
7977,171,8802,1221797,1221968
8552,136,8802,1034041,1034177
9086,275,8802,1439293,1439568
9131,271,8802,1439328,1439599
9732,33,8802,160437,160470
6516,17,8803,160469,160486
7343,70,8803,504803,504873
1510,208,8804,1357004,1357212
2729,41,8804,504872,504913
3156,267,8804,1439357,1439624
5069,24,8804,160645,160669
6557,3,8804,160669,160672
1613,199,8805,1221965,1222164
2804,6,8805,160711,160717
4485,48,8805,504952,505000
4904,98,8805,794651,794749
6401,226,8805,1357051,1357277
9995,168,8805,1222044,1222212
6329,237,8806,1357076,1357313
8107,40,8806,160916,160956
9223,178,8806,1222091,1222269
9298,79,8806,505159,505238
2828,199,8807,1222108,1222307
3413,137,8807,1034452,1034589
4939,281,8807,1472569,1472850
5370,73,8807,505317,505390
6518,169,8807,1222187,1222356
6682,116,8807,794987,795103
6785,36,8807,161275,161311
8355,276,8807,1439421,1439697
9271,208,8807,1357192,1357400
1912,161,8808,1222275,1222436
4058,251,8808,1439456,1439707
4881,231,8808,1357239,1357470
5424,166,8808,1222356,1222522
6039,209,8808,1357270,1357479
6730,37,8808,161590,161627
7672,151,8808,1034828,1034979
7854,6,8808,161667,161673
9171,147,8808,1034859,1035006
9281,276,8808,1439467,1439743
3368,35,8809,161752,161787
4839,138,8809,1034925,1035063
6253,179,8809,1222441,1222620
8160,197,8809,1222460,1222657
1436,46,8810,505947,505993
1582,107,8810,795540,795647
1928,36,8810,161986,162022
1972,3,8810,162022,162025
2528,208,8810,1357317,1357525
2958,189,8810,1222536,1222725
4153,241,8810,1439501,1439742
4184,78,8810,506113,506191
5610,185,8810,1222605,1222790
5655,227,8810,1357365,1357592
8022,37,8810,162265,162302
8372,121,8810,1035222,1035343
9435,195,8810,1222670,1222865
3100,218,8811,1357391,1357609
5363,256,8811,1439501,1439757
6197,68,8811,506390,506458
7483,119,8811,795926,796045
9244,104,8811,795965,796069
9424,230,8811,1357449,1357679
9652,198,8811,1222824,1223022
2857,47,8812,506577,506624
3718,286,8812,1472565,1472851
5771,291,8812,1472571,1472862
8780,35,8812,162780,162815
9432,199,8812,1222941,1223140
5921,75,8813,506703,506778
9303,93,8813,796187,796280
9325,291,8813,1472581,1472872
2969,109,8814,796239,796348
4516,263,8814,1439634,1439897
6400,247,8814,1439657,1439904
1379,46,8815,506936,506982
3000,31,8815,163132,163163
3338,229,8815,1357675,1357904
4172,130,8815,1035698,1035828
7767,133,8815,1035708,1035841
8978,243,8815,1439663,1439906
1212,69,8816,507101,507170
4227,241,8816,1439665,1439906
5593,138,8816,1035800,1035938
6680,28,8816,163442,163470
8969,98,8816,796586,796684
8464,135,8817,1035817,1035952
8753,146,8817,1035832,1035978
1819,249,8818,1439664,1439913
6688,125,8818,1035897,1036022
6993,217,8818,1357821,1358038
8161,242,8818,1439673,1439915
8999,183,8818,1223334,1223517
9916,129,8818,1036022,1036151
1256,115,8819,796921,797036
6965,294,8819,1472586,1472880
8067,127,8819,1036070,1036197
1330,84,8820,797035,797119
1593,183,8820,1223395,1223578
1940,222,8820,1357916,1358138
6178,41,8820,507806,507847
8082,292,8820,1472599,1472891
8937,95,8820,797159,797254
1652,290,8821,1472610,1472900
5807,63,8821,507926,507989
7670,101,8821,797213,797314
8641,25,8821,164305,164330
8882,165,8821,1223537,1223702
8993,180,8821,1223542,1223722
1011,161,8822,1223561,1223722
2132,41,8822,508108,508149
3384,98,8822,797353,797451
6015,256,8822,1439791,1440047
9557,183,8822,1223602,1223785
9998,25,8822,164609,164634
1732,12,8823,164633,164645
2115,34,8823,164645,164679
2239,260,8823,1439806,1440066
6604,81,8823,797490,797571
1007,292,8824,1472617,1472909
1885,271,8824,1439865,1440136
4499,39,8824,164838,164877
4700,250,8824,1439896,1440146
5782,75,8824,508427,508502
5974,252,8824,1439906,1440158
7601,35,8824,164997,165032
3940,208,8825,1358253,1358461
4529,8,8825,165071,165079
5556,185,8825,1223862,1224047
7512,22,8825,165119,165141
7621,252,8825,1439917,1440169
8046,183,8825,1223927,1224110
2203,16,8826,165220,165236
2825,129,8826,1036790,1036919
3449,40,8826,165276,165316
3891,139,8826,1036799,1036938
4408,75,8826,508740,508815
6833,208,8826,1358300,1358508
8903,245,8826,1439928,1440173
1688,76,8827,508854,508930
4449,182,8827,1224028,1224210
8715,143,8827,1036937,1037080
5488,220,8828,1358346,1358566
2581,96,8829,798085,798181
4539,269,8829,1439930,1440199
6878,159,8829,1037038,1037197
9417,38,8829,165753,165791
9537,229,8829,1358405,1358634
2610,102,8830,798220,798322
6555,294,8830,1472623,1472917
7967,281,8830,1472637,1472918
8280,169,8830,1224247,1224416
9145,13,8830,165990,166003
2434,6,8831,166002,166008
4684,215,8831,1358512,1358727
5356,154,8831,1037275,1037429
5546,22,8831,166088,166110
6853,249,8831,1440037,1440286
7882,276,8831,1440046,1440322
8262,294,8831,1472637,1472931
5564,245,8832,1440121,1440366
6721,295,8832,1472650,1472945
7554,176,8832,1224494,1224670
7644,56,8832,509645,509701
2608,106,8833,798679,798785
2771,277,8833,1440165,1440442
1137,260,8834,1440201,1440461
1326,240,8834,1358804,1359044
2299,281,8834,1472663,1472944
2921,246,8834,1440261,1440507
3700,134,8834,1037746,1037880
4290,5,8834,166667,166672
4582,199,8834,1224708,1224907
7473,141,8834,1037800,1037941
3534,19,8835,166751,166770
5707,252,8835,1440266,1440518
7892,92,8835,799063,799155
9538,242,8835,1440278,1440520
9630,26,8835,166890,166916
2241,104,8836,799114,799218
4458,280,8836,1440279,1440559
5176,189,8836,1224865,1225054
6303,50,8836,510257,510307
4229,147,8837,1037978,1038125
4537,238,8837,1359041,1359279
6357,243,8837,1440318,1440561
6717,32,8837,167194,167226
1944,178,8838,1224972,1225150
3199,187,8838,1224990,1225177
3215,32,8838,167305,167337
3311,95,8838,799416,799511
4031,236,8838,1359118,1359354
4887,121,8838,1038204,1038325
6157,100,8838,799511,799611
7070,112,8838,799531,799643
7132,192,8838,1225057,1225249
8928,111,8838,799603,799714
9668,293,8838,1472660,1472953
1475,106,8839,799673,799779
6421,296,8839,1472672,1472968
7998,24,8839,167736,167760
9647,82,8839,799739,799821
9956,23,8839,167800,167823
5190,141,8840,1038323,1038464
5390,179,8841,1225166,1225345
5777,225,8841,1359231,1359456
7921,234,8841,1359256,1359490
2471,245,8842,1440396,1440641
6180,137,8842,1038502,1038639
7296,126,8842,1038519,1038645
3261,92,8843,800017,800109
3723,211,8843,1359328,1359539
7277,128,8843,1038564,1038692
8837,32,8843,168219,168251
3160,232,8844,1359338,1359570
5531,55,8844,511339,511394
6634,216,8844,1359370,1359586
7092,278,8844,1440399,1440677
7495,2,8844,168410,168412
9119,163,8844,1225462,1225625
1777,166,8845,1225464,1225630
2077,231,8845,1359425,1359656
4912,182,8845,1225510,1225692
6276,168,8845,1225532,1225700
6769,137,8845,1038890,1039027
7072,106,8845,800467,800573
7361,275,8845,1440436,1440711
5090,289,8846,1472681,1472970
7378,243,8846,1440510,1440753
8204,220,8846,1359575,1359795
1237,171,8847,1225698,1225869
2907,246,8847,1440512,1440758
5018,298,8847,1472689,1472987
6621,293,8847,1472707,1473000
7826,136,8847,1039225,1039361
8296,263,8847,1440598,1440861
9679,120,8847,800891,801011
1105,56,8848,512150,512206
4113,12,8848,169168,169180
4947,202,8848,1359753,1359955
7069,212,8848,1359755,1359967
8047,9,8848,169260,169269
8920,80,8848,512246,512326
8053,192,8849,1225947,1226139
8757,34,8849,169348,169382
9945,100,8849,801049,801149
4784,145,8850,1039398,1039543
5616,233,8850,1359765,1359998
8125,235,8850,1359798,1360033
9856,40,8850,169541,169581
4783,217,8851,1359832,1360049
7358,11,8851,169620,169631
8002,288,8851,1472716,1473004
1217,78,8852,512562,512640
3161,28,8852,169710,169738
3972,222,8852,1359888,1360110
4139,59,8852,512640,512699
5536,200,8852,1226176,1226376
3525,157,8853,1039660,1039817
8496,46,8853,512738,512784
1600,15,8854,169936,169951
2900,296,8854,1472721,1473017
4043,11,8854,169991,170002
5369,275,8854,1440694,1440969
6309,206,8854,1359988,1360194
7196,300,8854,1472737,1473037
9768,297,8854,1472757,1473054
1623,50,8855,512942,512992
2010,27,8855,170201,170228
2310,164,8855,1226413,1226577
9808,53,8855,512992,513045
9955,120,8855,801623,801743
2916,47,8856,513044,513091
5794,76,8856,513051,513127
2472,102,8857,801661,801763
2779,286,8857,1472771,1473057
4118,168,8857,1226455,1226623
6278,218,8857,1360111,1360329
6288,53,8857,513246,513299
9292,66,8857,513259,513325
1091,41,8858,513284,513325
2489,243,8858,1440845,1441088
2844,64,8858,513325,513389
2957,31,8858,170785,170816
5094,112,8858,801842,801954
8246,234,8858,1360168,1360402
3792,285,8859,1472775,1473060
5446,81,8859,801953,802034
6735,232,8859,1360241,1360473
6754,188,8859,1226661,1226849
7460,132,8859,1040251,1040383
8794,77,8859,513628,513705
6567,163,8860,1226688,1226851
8233,299,8860,1472779,1473078
1617,50,8861,513743,513793
3051,29,8861,171253,171282
5277,278,8861,1440925,1441203
8094,86,8861,802192,802278
1532,167,8862,1226769,1226936
6263,54,8862,513872,513926
8185,260,8862,1440962,1441222
3642,11,8863,171480,171491
3668,203,8863,1360389,1360592
7555,150,8863,1040499,1040649
7975,266,8863,1440981,1441247
9369,58,8863,514045,514103
2289,239,8864,1360431,1360670
4739,270,8864,1441006,1441276
7076,13,8864,171730,171743
7200,53,8864,514142,514195
8439,203,8864,1360510,1360713
9315,79,8864,514195,514274
6189,291,8865,1472793,1473084
7073,78,8865,514273,514351
7591,18,8865,171942,171960
7969,100,8865,802554,802654
9461,186,8865,1227053,1227239
2194,71,8866,514390,514461
8576,109,8866,802613,802722
1263,23,8867,172118,172141
1809,10,8867,172141,172151
2302,245,8867,1441073,1441318
3173,166,8867,1227117,1227283
4325,100,8867,802721,802821
5046,177,8867,1227123,1227300
1351,7,8868,172310,172317
2293,196,8868,1227139,1227335
2690,211,8868,1360589,1360800
3976,55,8868,514699,514754
6962,78,8868,514714,514792
2789,256,8869,1441076,1441332
5003,288,8869,1472800,1473088
7485,179,8869,1227294,1227473
8110,219,8869,1360679,1360898
4020,90,8870,803018,803108
4307,193,8870,1227352,1227545
5016,52,8870,514990,515042
6415,46,8870,515002,515048
9146,49,8870,515008,515057
1152,42,8871,515016,515058
3551,47,8871,515018,515065
4466,97,8871,803067,803164
5050,54,8871,515065,515119
6982,153,8871,1041161,1041314
8751,258,8871,1441130,1441388
9402,105,8872,803163,803268
5608,204,8873,1360734,1360938
7538,37,8873,173152,173189
1333,11,8874,173188,173199
1336,199,8874,1227461,1227660
3064,190,8874,1227500,1227690
5434,243,8874,1441145,1441388
7179,268,8874,1441148,1441416
6370,122,8875,1041430,1041552
2085,41,8876,515434,515475
4072,29,8876,173437,173466
6257,81,8876,803424,803505
7108,160,8876,1041431,1041591
8873,91,8876,803465,803556
9796,144,8876,1041471,1041615
1691,10,8877,173625,173635
3472,2,8877,173635,173637
4216,112,8877,803515,803627
5843,107,8877,803547,803654
2214,273,8878,1441172,1441445
2458,4,8878,173756,173760
3526,288,8878,1472799,1473087
3901,32,8878,173800,173832
5548,125,8878,1041573,1041698
7189,246,8878,1441245,1441491
7632,32,8878,173912,173944
9717,274,8878,1441251,1441525
2151,34,8879,173983,174017
3509,96,8879,803772,803868
4546,4,8879,174057,174061
8394,153,8879,1041657,1041810
9482,220,8879,1360972,1361192
9942,200,8879,1227805,1228005
5530,283,8880,1472805,1473088
8145,234,8880,1361031,1361265
8787,191,8880,1227924,1228115
9240,147,8880,1041889,1042036
1192,288,8881,1472807,1473095
1634,202,8881,1361104,1361306
4263,23,8881,174419,174442
5463,132,8881,1041995,1042127
5866,148,8881,1042007,1042155
7118,95,8881,804226,804321
7883,252,8881,1441362,1441614
9100,182,8881,1228074,1228256
2133,37,8882,174641,174678
2508,126,8882,1042114,1042240
2796,14,8882,174718,174732
9130,224,8882,1361145,1361369
1369,189,8883,1228134,1228323
2831,125,8883,1042199,1042324
3113,81,8883,804479,804560
3885,207,8883,1361168,1361375
8952,243,8883,1441372,1441615
9781,265,8883,1441375,1441640
9882,247,8883,1441400,1441647
2533,87,8884,804639,804726
2948,256,8884,1441406,1441662
5615,244,8884,1441422,1441666
5719,43,8884,516947,516990
8550,97,8884,804726,804823
2317,283,8885,1472811,1473094
2682,276,8885,1441465,1441741
5122,28,8885,175329,175357
3514,214,8886,1361452,1361666
3732,87,8886,804861,804948
4760,46,8886,517148,517194
6679,28,8886,175476,175504
1983,273,8887,1441499,1441772
2466,53,8887,517193,517246
2495,30,8887,175583,175613
4000,38,8887,175613,175651
5231,177,8887,1228559,1228736
5845,4,8887,175691,175695
6480,31,8887,175695,175726
7440,19,8887,175726,175745
7610,175,8887,1228576,1228751
1925,166,8888,1228590,1228756
2224,33,8888,175824,175857
4009,79,8888,517325,517404
4996,102,8888,805026,805128
5402,271,8888,1441531,1441802
6799,220,8888,1361544,1361764
2048,41,8889,517483,517524
7312,103,8889,805127,805230
9037,154,8889,1042798,1042952
6475,187,8890,1228674,1228861
5047,189,8891,1228700,1228889
5973,245,8891,1441559,1441804
7761,246,8891,1441564,1441810
8461,95,8891,805348,805443
3518,2,8892,176333,176335
4397,136,8892,1042989,1043125
5273,273,8892,1441569,1441842
1960,91,8893,805441,805532
4640,182,8893,1228847,1229029
5177,207,8893,1361679,1361886
2839,244,8894,1441600,1441844
6316,60,8894,517999,518059
6980,261,8894,1441604,1441865
9755,200,8894,1228988,1229188
1754,21,8895,176692,176713
1907,126,8895,1043242,1043368
3921,209,8895,1361764,1361973
7806,140,8895,1043288,1043428
1392,287,8896,1472803,1473090
3967,274,8896,1441663,1441937
4555,286,8896,1472810,1473096
4636,285,8896,1472816,1473101
5139,4,8896,176992,176996
7997,18,8896,176996,177014
8551,297,8896,1472821,1473118
4387,165,8897,1229265,1229430
6875,161,8897,1229270,1229431
9142,243,8897,1441816,1442059
2112,252,8898,1441818,1442070
3246,241,8898,1441830,1442071
9006,59,8898,518615,518674
9642,161,8898,1229390,1229551
1075,88,8899,806206,806294
1327,286,8899,1472835,1473121
3647,87,8899,806254,806341
5876,129,8899,1043784,1043913
8026,187,8899,1229430,1229617
8682,28,8899,177531,177559
9136,300,8899,1472841,1473141
9156,155,8899,1043873,1044028
9514,43,8899,518953,518996
9845,79,8899,518956,519035
2154,129,8900,1043907,1044036
2301,104,8900,806460,806564
2450,283,8901,1472859,1473142
2955,208,8901,1362207,1362415
3919,103,8901,806563,806666
5528,131,8901,1043995,1044126
8356,281,8901,1472862,1473143
1350,259,8902,1441987,1442246
1712,108,8902,806705,806813
3716,186,8902,1229654,1229840
5005,87,8902,806773,806860
5042,47,8902,519432,519479
7240,6,8902,178196,178202
7842,292,8902,1472862,1473154
8369,20,8902,178242,178262
8594,30,8902,178262,178292
1591,125,8903,1044164,1044289
2790,22,8903,178331,178353
4804,16,8903,178353,178369
6802,25,8903,178369,178394
5360,96,8904,806858,806954
8028,124,8904,1044168,1044292
9180,259,8904,1442044,1442303
9747,297,8904,1472872,1473169
1452,37,8905,178552,178589
2247,283,8905,1472888,1473171
6686,18,8905,178629,178647
6766,14,8905,178647,178661
6881,42,8905,519716,519758
6971,213,8905,1362451,1362664
9501,257,8905,1442142,1442399
2122,126,8906,1044370,1044496
3488,242,8906,1442158,1442400
3493,186,8906,1229956,1230142
3624,265,8906,1442160,1442425
6811,88,8906,807272,807360
7141,123,8906,1044496,1044619
9233,254,8906,1442185,1442439
9413,231,8906,1362623,1362854
9853,173,8906,1230102,1230275
5738,209,8907,1362653,1362862
7578,253,8907,1442198,1442451
9971,48,8907,520236,520284
1927,122,8908,1044697,1044819
2562,228,8908,1362701,1362929
3198,138,8908,1044739,1044877
3287,39,8908,179378,179417
3458,127,8908,1044757,1044884
6701,156,8908,1044764,1044920
9052,1,8908,179497,179498
1346,169,8909,1230232,1230401
2716,79,8909,520482,520561
4552,291,8909,1472887,1473178
4670,219,8909,1362768,1362987
1251,184,8910,1230320,1230504
2390,213,8910,1362786,1362999
3273,72,8910,520680,520752
3793,91,8910,807916,808007
3829,212,8910,1362799,1363011
6384,18,8910,179856,179874
6585,201,8910,1362811,1363012
8741,179,8910,1230464,1230643
7491,124,8911,1045117,1045241
8546,222,8911,1362811,1363033
8660,113,8911,808126,808239
9964,5,8911,180073,180078
1704,183,8912,1230521,1230704
5387,244,8912,1442246,1442490
4390,232,8913,1362871,1363103
5265,202,8913,1362903,1363105
9994,180,8913,1230663,1230843
2053,31,8914,180275,180306
4203,285,8914,1472893,1473178
9495,117,8914,808396,808513
1525,165,8915,1230721,1230886
4034,216,8915,1362943,1363159
4086,18,8915,180465,180483
4275,30,8915,180483,180513
4527,65,8915,521347,521412
4718,220,8915,1362959,1363179
6074,39,8915,180593,180632
8154,126,8915,1045517,1045643
1938,97,8916,808591,808688
3902,127,8916,1045522,1045649
5775,108,8916,808648,808756
6272,52,8916,521571,521623
6842,155,8916,1045529,1045684
8114,83,8916,808716,808799
8758,143,8916,1045564,1045707
8775,218,8916,1362978,1363196
9380,109,8916,808799,808908
9515,215,8916,1362996,1363211
9970,249,8916,1442286,1442535
1948,203,8917,1363050,1363253
3139,87,8917,808947,809034
3764,205,8917,1363053,1363258
3984,246,8917,1442294,1442540
4487,92,8917,809034,809126
8383,296,8917,1472895,1473191
1493,82,8918,809085,809167
1540,156,8918,1045865,1046021
4807,195,8918,1231083,1231278
5210,14,8918,181469,181483
6119,1,8918,181483,181484
3664,108,8919,809166,809274
3838,39,8919,181523,181562
6113,163,8919,1231117,1231280
8260,27,8919,181602,181629
1260,239,8920,1363135,1363374
5295,45,8920,522339,522384
5906,21,8920,181708,181729
7624,248,8920,1442337,1442585
8382,34,8920,181769,181803
9412,252,8920,1442345,1442597
9556,284,8920,1472908,1473192
1555,93,8921,809392,809485
1936,55,8921,522503,522558
2676,101,8921,809405,809506
3044,44,8921,522558,522602
3693,217,8921,1363293,1363510
4498,242,8921,1442396,1442638
4975,64,8921,522642,522706
3422,44,8922,522665,522709
8689,195,8922,1231357,1231552
2568,47,8923,522708,522755
3278,113,8923,809544,809657
5970,192,8923,1231391,1231583
7970,284,8923,1472909,1473193
8945,257,8923,1442436,1442693
3521,51,8924,522874,522925
4074,79,8924,522885,522964
6163,85,8924,809696,809781
1633,184,8925,1231501,1231685
5910,257,8925,1442451,1442708
5930,167,8925,1231565,1231732
7230,239,8925,1363466,1363705
8459,264,8925,1442468,1442732
8691,162,8925,1231652,1231814
9593,221,8925,1363545,1363766
9648,128,8925,1046654,1046782
9938,194,8925,1231694,1231888
9992,23,8925,182918,182941
2577,111,8926,810059,810170
4766,220,8926,1363565,1363785
7779,31,8926,183020,183051
4204,44,8927,523401,523445
6080,89,8927,810129,810218
3945,34,8928,183129,183163
6209,62,8928,523444,523506
7168,15,8928,183203,183218
1353,254,8929,1442488,1442742
2381,279,8929,1442502,1442781
4623,8,8929,183297,183305
6632,198,8929,1231844,1232042
8940,84,8929,810256,810340
9427,55,8929,523625,523680
1999,57,8930,523639,523696
5054,269,8930,1442540,1442809
9541,77,8930,523696,523773
3138,288,8931,1472905,1473193
7314,193,8931,1231960,1232153
2049,9,8932,183622,183631
4242,221,8932,1363739,1363960
4438,228,8932,1363760,1363988
5379,88,8932,810457,810545
6102,253,8932,1442607,1442860
6342,298,8932,1472912,1473210
7576,218,8932,1363868,1364086
9334,233,8932,1363886,1364119
2004,228,8933,1363918,1364146
2805,181,8933,1232271,1232452
8582,253,8933,1442659,1442912
9846,79,8933,524210,524289
2258,139,8934,1047333,1047472
7770,150,8934,1047352,1047502
9251,216,8934,1363985,1364201
1047,258,8935,1442670,1442928
5216,135,8935,1047461,1047596
7497,8,8935,184268,184276
1206,158,8936,1047475,1047633
1965,266,8936,1442687,1442953
2812,2,8936,184355,184357
7995,164,8936,1232449,1232613
8840,235,8936,1364079,1364314
9134,277,8936,1442713,1442990
1202,222,8937,1364153,1364375
1504,25,8937,184516,184541
4840,173,8937,1232572,1232745
5057,172,8937,1232585,1232757
5886,112,8937,811260,811372
3248,114,8938,811291,811405
4506,76,8938,524844,524920
6051,130,8938,1047791,1047921
4079,208,8940,1364172,1364380
4795,279,8940,1442746,1443025
7183,36,8940,184858,184894
8752,89,8940,811443,811532
1900,283,8941,1472921,1473204
4054,214,8941,1364259,1364473
6428,175,8941,1232753,1232928
6611,139,8941,1047998,1048137
9736,29,8941,185093,185122
2915,104,8942,811610,811714
3095,149,8942,1048016,1048165
7766,284,8942,1472923,1473207
9014,196,8942,1232807,1233003
9210,32,8942,185281,185313
2140,127,8943,1048124,1048251
2646,274,8943,1442862,1443136
3024,222,8943,1364351,1364573
4337,243,8943,1442896,1443139
6107,52,8943,525515,525567
6515,132,8943,1048251,1048383
7598,247,8943,1442899,1443146
8086,15,8943,185592,185607
8814,196,8943,1233002,1233198
1151,297,8944,1472925,1473222
1596,130,8944,1048382,1048512
4400,17,8944,185726,185743
5271,250,8944,1442945,1443195
5666,240,8944,1364532,1364772
7808,283,8944,1472942,1473225
7878,280,8944,1442995,1443275
9783,168,8944,1233237,1233405
1404,200,8945,1233244,1233444
5249,222,8945,1364651,1364873
5625,54,8945,526005,526059
5758,198,8945,1233324,1233522
5258,259,8946,1443033,1443292
6171,247,8946,1443052,1443299
6427,133,8946,1048790,1048923
6514,3,8946,186221,186224
8842,121,8946,1048803,1048924
3150,295,8947,1472942,1473237
6742,198,8947,1233480,1233678
2572,137,8948,1048882,1049019
4372,48,8948,526336,526384
6142,263,8948,1443097,1443360
4977,231,8949,1364829,1365060
6513,246,8949,1443119,1443365
6872,59,8949,526463,526522
7055,17,8949,186581,186598
7162,294,8949,1472955,1473249
8134,89,8949,812867,812956
1215,40,8950,186677,186717
2512,242,8950,1443164,1443406
4962,96,8950,812915,813011
4979,163,8950,1233715,1233878
7985,249,8950,1443166,1443415
8387,249,8950,1443175,1443424
1646,263,8951,1443183,1443446
3676,287,8951,1472967,1473254
4360,293,8951,1472974,1473267
5582,66,8951,526880,526946
6135,143,8951,1049336,1049479
3966,99,8952,813209,813308
4782,285,8952,1472986,1473271
8348,33,8952,187195,187228
1500,240,8953,1365216,1365456
3557,63,8953,527064,527127
4240,223,8953,1365256,1365479
5549,102,8953,813347,813449
6935,164,8953,1234035,1234199
7722,72,8953,527207,527279
7971,118,8953,813409,813527
9304,109,8953,813447,813556
1782,32,8954,187546,187578
2146,249,8954,1443323,1443572
2269,214,8954,1365318,1365532
6106,46,8954,527398,527444
6181,14,8954,187698,187712
6882,238,8954,1365332,1365570
9761,230,8954,1365370,1365600
2865,89,8955,813634,813723
3495,51,8955,527523,527574
3712,24,8955,187871,187895
4095,51,8955,527534,527585
4391,140,8955,1049675,1049815
5365,121,8955,1049695,1049816
6314,256,8955,1443331,1443587
7394,29,8955,188055,188084
1956,32,8956,188083,188115
3737,72,8956,527664,527736
3430,172,8957,1234235,1234407
5785,50,8957,527735,527785
6375,242,8957,1443345,1443587
7053,191,8957,1234287,1234478
8004,157,8957,1049854,1050011
2665,41,8958,527864,527905
3115,149,8958,1049890,1050039
4737,208,8958,1365476,1365684
6133,254,8958,1443346,1443600
7354,116,8958,814040,814156
1039,112,8959,814075,814187
1187,205,8959,1365523,1365728
2662,131,8959,1050038,1050169
6832,113,8959,814187,814300
8624,296,8959,1472984,1473280
1015,185,8960,1234475,1234660
3749,46,8960,528263,528309
3561,134,8961,1050127,1050261
8033,85,8961,814338,814423
9752,91,8961,814343,814434
9124,90,8962,814353,814443
1074,100,8963,814362,814462
1811,253,8963,1443395,1443648
2961,255,8963,1443408,1443663
3794,21,8963,189108,189129
4675,251,8963,1443423,1443674
5021,19,8963,189169,189188
8968,256,8963,1443434,1443690
1388,158,8964,1050298,1050456
2062,160,8964,1050336,1050496
3036,174,8964,1234656,1234830
3357,229,8964,1365723,1365952
5711,240,8964,1365752,1365992
7057,1,8964,189427,189428
2602,55,8965,528824,528879
3929,151,8965,1050495,1050646
4972,231,8965,1365791,1366022
5255,32,8965,189547,189579
5511,48,8965,528919,528967
8298,135,8965,1050566,1050701
8406,47,8965,528967,529014
1371,204,8966,1365821,1366025
2150,274,8966,1443447,1443721
2821,92,8966,814939,815031
4373,78,8966,529093,529171
4971,70,8966,529131,529201
7239,223,8966,1365865,1366088
1490,166,8967,1234907,1235073
2467,34,8968,189976,190010
4614,179,8968,1234912,1235091
7827,15,8968,190050,190065
1282,156,8969,1050777,1050933
2913,161,8969,1234930,1235091
6792,66,8969,529358,529424
3895,2,8970,190183,190185
4140,144,8970,1050852,1050996
4751,47,8970,529423,529470
5234,3,8970,190265,190268
5395,28,8970,190268,190296
9168,30,8970,190296,190326
1305,218,8971,1365883,1366101
1857,218,8971,1365901,1366119
3596,174,8971,1235009,1235183
4456,223,8971,1365919,1366142
5917,76,8971,529589,529665
6057,192,8971,1235063,1235255
9806,154,8971,1051075,1051229
1530,160,8972,1051108,1051268
4318,250,8972,1443475,1443725
4604,243,8972,1443485,1443728
6453,203,8972,1366021,1366224
7344,18,8972,190764,190782
1855,152,8973,1051267,1051419
2005,39,8973,190821,190860
2626,65,8973,529903,529968
3016,288,8973,1472986,1473274
4776,34,8973,190940,190974
9023,65,8973,529968,530033
1821,80,8974,529992,530072
2093,174,8974,1235252,1235426
4453,295,8974,1472993,1473288
7506,295,8974,1473008,1473303
9165,280,8974,1443606,1443886
2013,11,8975,191212,191223
4050,128,8975,1051497,1051625
4417,210,8975,1366181,1366391
5574,231,8975,1366191,1366422
5667,149,8975,1051585,1051734
6176,214,8975,1366222,1366436
6242,150,8975,1051654,1051804
7564,48,8975,530431,530479
8203,244,8975,1443645,1443889
1572,39,8976,191542,191581
2521,113,8976,816101,816214
2849,235,8976,1366275,1366510
4036,157,8976,1051763,1051920
8327,171,8976,1235584,1235755
3689,277,8977,1443647,1443924
3825,292,8977,1473020,1473312
5091,283,8977,1473032,1473315
6035,68,8977,530757,530825
6900,157,8977,1051959,1052116
6036,55,8978,530824,530879
7045,289,8978,1473034,1473323
2943,125,8979,1052034,1052159
6765,119,8979,816491,816610
7508,288,8979,1473042,1473330
9471,166,8979,1235792,1235958
1934,121,8980,1052118,1052239
3239,123,8980,1052119,1052242
3787,61,8980,531117,531178
5196,85,8980,816689,816774
2139,232,8981,1366505,1366737
2981,93,8981,816733,816826
3376,165,8981,1235836,1236001
4427,247,8981,1443840,1444087
6768,203,8981,1366577,1366780
8606,283,8981,1473048,1473331
3930,90,8982,816905,816995
4486,183,8982,1235960,1236143
7025,282,8982,1473050,1473332
8845,161,8982,1236023,1236184
1391,125,8983,1052439,1052564
8005,197,8983,1236023,1236220
9076,96,8983,817114,817210
9253,132,8983,1052484,1052616
1386,151,8984,1052495,1052646
2248,211,8984,1366657,1366868
2734,155,8984,1052566,1052721
3677,277,8984,1443924,1444201
5013,177,8984,1236139,1236316
9056,27,8984,193093,193120
2518,1,8985,193119,193120
3789,299,8985,1473049,1473348
8633,234,8986,1366746,1366980
8876,269,8986,1443999,1444268
2380,37,8987,193238,193275
5673,170,8987,1236273,1236443
8069,70,8987,532091,532161
2231,20,8988,193354,193374
2480,205,8988,1366818,1367023
2856,299,8988,1473065,1473364
3077,116,8988,817605,817721
3101,131,8988,1052917,1053048
4138,7,8988,193534,193541
6897,180,8988,1236362,1236542
8471,285,8988,1473084,1473369
8944,80,8988,532360,532440
1338,245,8989,1444105,1444350
5386,220,8989,1366942,1367162
6443,95,8989,817840,817935
6659,276,8989,1444110,1444386
6140,54,8990,532558,532612
6540,79,8990,532572,532651
7125,127,8990,1053126,1053253
8249,293,8990,1473087,1473380
3109,165,8991,1236579,1236744
3617,88,8991,818013,818101
9665,137,8991,1053212,1053349
2609,79,8992,532809,532888
5697,281,8992,1473098,1473379
4728,151,8993,1053267,1053418
6584,298,8993,1473098,1473396
7860,108,8993,818179,818287
7944,181,8993,1236662,1236843
2322,158,8995,1053376,1053534
2361,29,8995,194374,194403
4460,75,8995,533085,533160
6724,63,8995,533120,533183
1689,134,8996,1053413,1053547
3807,263,8996,1444259,1444522
5119,181,8996,1236720,1236901
9332,278,8996,1444282,1444560
1945,232,8997,1367194,1367426
3913,36,8997,194681,194717
4347,278,8997,1444319,1444597
4915,57,8997,533381,533438
7051,99,8997,818523,818622
9019,47,8997,533438,533485
2992,149,8998,1053625,1053774
3529,127,8998,1053654,1053781
4310,16,8998,194956,194972
8540,22,8998,194972,194994
3144,244,8999,1444355,1444599
3195,68,8999,533563,533631
4132,46,8999,533591,533637
5786,202,8999,1367304,1367506
6628,283,8999,1473110,1473393
1883,236,9000,1367345,1367581
3582,27,9000,195232,195259
4740,84,9000,818779,818863
7247,106,9000,818783,818889
7326,225,9000,1367381,1367606
9704,159,9000,1053859,1054018
4224,144,9001,1053897,1054041
5493,230,9001,1367405,1367635
8425,207,9001,1367435,1367642
1604,233,9002,1367441,1367674
2485,234,9002,1367474,1367708
3184,40,9002,195617,195657
3218,127,9002,1054080,1054207
3650,111,9002,819127,819238
3798,125,9002,1054087,1054212
7903,162,9002,1237215,1237377
9805,182,9002,1237217,1237399
3423,126,9003,1054171,1054297
8128,235,9003,1367507,1367742
2174,300,9004,1473108,1473408
3313,129,9004,1054256,1054385
6976,247,9004,1444434,1444681
7717,30,9004,196055,196085
1299,134,9005,1054304,1054438
2617,145,9005,1054318,1054463
2672,160,9005,1054343,1054503
2881,290,9005,1473127,1473417
3482,73,9005,534631,534704
5087,151,9005,1054423,1054574
7964,164,9005,1237396,1237560
8693,183,9005,1237400,1237583
5010,187,9006,1237422,1237609
5202,83,9007,819793,819876
6416,66,9007,534862,534928
7759,126,9007,1054572,1054698
8655,140,9007,1054578,1054718
1134,293,9008,1473134,1473427
4271,277,9008,1444517,1444794
4611,268,9008,1444554,1444822
5002,192,9008,1237567,1237759
5801,247,9008,1444582,1444829
7834,235,9008,1367817,1368052
1314,236,9009,1367851,1368087
1564,290,9009,1473146,1473436
3147,29,9009,196920,196949
4122,227,9009,1367927,1368154
5987,43,9010,535325,535368
6069,159,9010,1054955,1055114
2379,73,9011,535367,535440
2400,97,9011,820272,820369
2541,60,9011,535440,535500
5690,72,9011,535460,535532
7881,195,9011,1237796,1237991
8673,121,9011,1055033,1055154
5133,118,9012,820368,820486
6403,119,9012,820406,820525
1933,160,9013,1055032,1055192
2126,142,9013,1055072,1055214
4822,96,9013,820524,820620
6687,112,9013,820540,820652
6839,129,9013,1055094,1055223
7526,81,9013,820612,820693
8225,281,9013,1473152,1473433
9362,278,9013,1444664,1444942
9680,20,9013,197705,197725
1463,52,9014,535969,536021
6631,274,9014,1444701,1444975
6973,65,9014,536021,536086
8248,249,9014,1444735,1444984
4647,65,9015,536085,536150
6237,162,9015,1237987,1238149
8285,215,9015,1368108,1368323
2643,125,9016,1055340,1055465
4749,252,9016,1444742,1444994
7018,229,9016,1368162,1368391
8900,49,9016,536309,536358
1930,221,9017,1368190,1368411
2745,216,9017,1368211,1368427
4601,84,9017,821049,821133
6987,136,9017,1055504,1055640
7541,72,9017,536477,536549
8122,54,9017,536509,536563
8137,150,9017,1055520,1055670
1815,111,9018,821132,821243
4200,55,9018,536602,536657
8974,47,9018,536617,536664
3037,285,9019,1473147,1473432
5481,212,9019,1368265,1368477
5965,99,9019,821242,821341
7194,207,9019,1368277,1368484
1315,15,9020,198718,198733
2829,128,9020,1055667,1055795
7161,24,9020,198773,198797
8389,181,9020,1238304,1238485
8414,94,9020,821380,821474
1717,235,9021,1368282,1368517
1792,56,9021,536941,536997
2564,158,9021,1055754,1055912
8079,233,9021,1368317,1368550
5298,81,9022,821512,821593
6378,126,9022,1055831,1055957
8062,212,9022,1368349,1368561
8316,35,9022,199155,199190
9045,73,9022,537156,537229
9499,222,9022,1368361,1368583
1416,236,9023,1368382,1368618
4954,44,9023,537268,537312
5304,206,9023,1368418,1368624
5309,24,9023,199389,199413
5540,233,9023,1368424,1368657
9060,10,9023,199453,199463
2403,31,9024,199462,199493
2550,22,9024,199493,199515
4931,155,9024,1056035,1056190
5835,39,9024,199555,199594
5981,142,9024,1056070,1056212
6460,215,9024,1368456,1368671
7668,73,9024,537471,537544
1424,282,9025,1473146,1473428
4392,271,9025,1444825,1445096
6238,43,9025,537583,537626
7957,48,9025,537586,537634
8111,171,9025,1238720,1238891
8638,179,9025,1238731,1238910
9569,55,9025,537674,537729
9912,290,9025,1473148,1473438
9913,162,9025,1238790,1238952
5751,271,9026,1444895,1445166
6664,72,9026,537808,537880
7917,26,9026,200152,200178
1110,149,9027,1056409,1056558
1423,205,9027,1368628,1368833
8549,253,9027,1444925,1445178
8929,282,9027,1473156,1473438
9437,238,9027,1368713,1368951
2478,175,9028,1238989,1239164
3527,245,9028,1444977,1445222
8562,3,9028,200456,200459
8678,108,9028,822427,822535
8718,285,9028,1473157,1473442
9065,134,9028,1056717,1056851
9183,47,9028,538238,538285
4051,223,9029,1368829,1369052
4834,110,9029,822574,822684
6661,131,9030,1056769,1056900
7551,246,9030,1445020,1445266
2535,247,9031,1445025,1445272
8831,29,9031,200816,200845
3050,98,9032,822721,822819
4233,296,9032,1473158,1473454
7186,176,9032,1239240,1239416
8595,174,9032,1239256,1239430
1753,207,9033,1368968,1369175
7562,91,9033,822898,822989
9640,113,9033,822909,823022
1012,264,9034,1445069,1445333
6601,128,9034,1057056,1057184
6672,247,9034,1445093,1445340
8207,130,9034,1057104,1057234
9034,214,9034,1369054,1369268
1033,251,9035,1445099,1445350
3388,126,9035,1057193,1057319
5285,151,9036,1057198,1057349
7297,98,9036,823259,823357
9208,135,9037,1057228,1057363
3090,152,9038,1057242,1057394
3394,22,9038,201558,201580
4929,285,9038,1473168,1473453
5335,213,9038,1369144,1369357
6042,97,9038,823435,823532
7080,197,9038,1239544,1239741
7952,19,9038,201740,201759
8805,67,9038,539315,539382
8971,170,9038,1239581,1239751
1276,244,9039,1445146,1445390
2339,16,9039,201878,201894
9681,26,9039,201894,201920
9801,45,9039,539421,539466
1520,198,9040,1239629,1239827
2649,213,9040,1369195,1369408
4596,182,9040,1239707,1239889
6164,187,9040,1239729,1239916
8342,39,9040,202119,202158
9050,216,9040,1369208,1369424
9722,117,9040,823770,823887
9951,169,9040,1239796,1239965
2431,21,9041,202277,202298
2487,203,9041,1369223,1369426
3071,107,9041,823886,823993
5168,127,9041,1057751,1057878
6523,269,9041,1445148,1445417
2778,132,9042,1057797,1057929
3920,142,9042,1057809,1057951
7431,83,9042,824072,824155
8851,1,9042,202577,202578
2852,17,9043,202577,202594
2885,280,9043,1445175,1445455
3962,284,9043,1473168,1473452
4210,288,9043,1473172,1473460
1433,197,9044,1240001,1240198
4343,74,9044,540141,540215
7338,71,9044,540175,540246
7784,135,9044,1057989,1058124
8777,133,9044,1058004,1058137
9583,20,9044,202913,202933
6235,26,9045,202932,202958
6431,197,9045,1240037,1240234
9686,53,9045,540325,540378
1084,281,9046,1473177,1473458
2376,139,9046,1058095,1058234
5526,210,9046,1369421,1369631
5563,57,9046,540457,540514
9148,152,9046,1058154,1058306
9436,168,9046,1240153,1240321
1363,281,9047,1473177,1473458
2976,162,9047,1240200,1240362
3565,93,9047,824630,824723
7304,31,9047,203396,203427
8556,13,9047,203427,203440
9001,254,9047,1445371,1445625
2594,53,9048,540712,540765
5883,118,9048,824682,824800
7795,246,9048,1445384,1445630
8235,103,9048,824760,824863
9530,178,9048,1240281,1240459
1258,140,9049,1058423,1058563
2076,273,9049,1445389,1445662
7117,295,9049,1473176,1473471
8322,288,9049,1473191,1473479
7005,123,9050,1058562,1058685
7980,185,9050,1240417,1240602
3578,295,9051,1473197,1473492
4145,86,9051,825100,825186
4818,247,9051,1445540,1445787
5179,213,9051,1369746,1369959
5183,202,9051,1369759,1369961
5491,150,9051,1058764,1058914
6206,87,9051,825266,825353
7121,8,9051,204196,204204
9644,279,9051,1445547,1445826
1751,5,9052,204243,204248
2620,295,9052,1473211,1473506
5400,39,9052,204288,204327
6373,105,9052,825352,825457
8747,159,9052,1058873,1059032
9415,206,9052,1369840,1370046
3165,298,9053,1473225,1473523
3818,202,9053,1369885,1370087
4258,152,9053,1059031,1059183
8748,121,9053,1059063,1059184
5239,89,9054,825615,825704
6077,94,9054,825624,825718
9811,101,9054,825638,825739
1987,269,9055,1445662,1445931
3586,285,9055,1473241,1473526
4148,12,9055,204804,204816
6365,182,9055,1240877,1241059
8220,33,9055,204856,204889
3310,169,9056,1240898,1241067
7715,216,9056,1369964,1370180
8281,13,9056,204968,204981
9658,19,9056,204981,205000
5489,250,9057,1445729,1445979
3439,86,9058,825895,825981
4961,243,9058,1445738,1445981
5033,210,9058,1370058,1370268
6910,155,9058,1059379,1059534
8890,88,9058,826021,826109
3407,155,9059,1059413,1059568
8668,59,9059,542354,542413
1736,201,9060,1370066,1370267
1231,210,9061,1370066,1370276
3187,71,9061,542451,542522
4048,122,9061,1059526,1059648
6398,277,9061,1445738,1446015
6641,278,9061,1445775,1446053
7961,236,9061,1370156,1370392
9898,139,9061,1059648,1059787
7085,123,9062,1059666,1059789
7574,170,9062,1241261,1241431
1032,208,9063,1370190,1370398
6530,219,9063,1370198,1370417
9496,202,9063,1370217,1370419
1266,178,9064,1241389,1241567
2030,72,9064,542919,542991
5704,143,9064,1059867,1060010
6323,62,9064,542991,543053
7282,233,9064,1370218,1370451
7364,272,9064,1445810,1446082
9462,268,9064,1445842,1446110
2788,212,9065,1370330,1370542
3717,107,9065,826782,826889
4918,289,9065,1473236,1473525
2965,214,9066,1370381,1370595
5908,171,9066,1241645,1241816
1183,155,9067,1060167,1060322
2055,271,9067,1445907,1446178
3572,69,9067,543410,543479
6972,193,9067,1241695,1241888
7135,62,9067,543479,543541
1421,132,9068,1060281,1060413
2027,177,9068,1241727,1241904
6619,156,9068,1060333,1060489
9336,69,9068,543620,543689
9616,138,9068,1060369,1060507
1544,202,9069,1370432,1370634
3579,173,9069,1241783,1241956
4288,62,9069,543768,543830
2625,193,9070,1241795,1241988
5543,17,9070,206866,206883
6605,269,9070,1445935,1446204
6771,298,9071,1473239,1473537
7500,172,9071,1241907,1242079
8347,65,9071,543948,544013
8629,153,9071,1060624,1060777
1784,225,9072,1370511,1370736
2470,230,9072,1370536,1370766
2875,165,9072,1241998,1242163
3999,51,9072,544132,544183
4609,51,9072,544143,544194
6850,134,9072,1060776,1060910
7208,91,9072,827642,827733
7607,223,9072,1370566,1370789
9126,194,9072,1242043,1242237
9421,298,9072,1473256,1473554
9598,62,9072,544354,544416
2707,11,9074,207519,207530
3120,136,9074,1060908,1061044
3389,128,9074,1060924,1061052
4645,20,9074,207610,207630
7563,70,9074,544454,544524
7703,198,9074,1242115,1242313
7899,118,9074,827891,828009
8273,245,9074,1446040,1446285
8796,246,9074,1446045,1446291
2392,26,9075,207829,207855
5218,276,9075,1446050,1446326
5723,56,9075,544683,544739
8410,208,9075,1370746,1370954
2580,83,9076,828087,828170
3240,82,9076,828090,828172
3451,242,9076,1446085,1446327
6763,1,9076,208094,208095
7404,290,9076,1473270,1473560
9192,98,9076,828172,828270
1778,33,9077,208174,208207
3648,52,9077,544937,544989
4535,108,9077,828189,828297
6522,26,9077,208287,208313
9397,262,9077,1446126,1446388
5561,274,9078,1446147,1446421
6451,203,9078,1370911,1371114
9939,234,9078,1370914,1371148
2611,90,9079,828375,828465
2389,73,9080,545186,545259
4171,49,9080,545219,545268
8852,253,9080,1446179,1446432
9596,160,9080,1061406,1061566
3008,133,9081,1061445,1061578
6551,101,9081,828503,828604
9420,256,9081,1446191,1446447
9466,111,9081,828564,828675
2468,279,9082,1446206,1446485
5088,25,9082,208868,208893
6111,206,9082,1371064,1371270
6426,298,9082,1473274,1473572
2427,73,9083,545585,545658
4846,10,9083,209012,209022
6560,146,9083,1061616,1061762
9352,249,9083,1446284,1446533
6412,229,9084,1371148,1371377
7954,252,9084,1446292,1446544
2460,249,9085,1446303,1446552
2736,120,9085,828911,829031
4743,202,9085,1371256,1371458
5452,250,9085,1446312,1446562
7974,113,9085,829031,829144
7982,91,9085,829064,829155
8505,243,9085,1446322,1446565
9676,277,9085,1446325,1446602
4385,73,9086,546095,546168
5783,133,9086,1061959,1062092
6300,185,9086,1243061,1243246
8017,159,9086,1062012,1062171
4533,76,9087,546247,546323
7176,126,9087,1062050,1062176
3277,104,9088,829312,829416
7544,228,9088,1371375,1371603
8109,49,9088,546402,546451
8707,70,9088,546411,546481
9375,139,9088,1062095,1062234
2924,217,9089,1371402,1371619
3729,30,9089,209976,210006
4141,81,9089,829455,829536
6808,30,9089,210046,210076
7395,72,9089,546560,546632
9608,239,9089,1371419,1371658
1357,202,9090,1371457,1371659
1474,200,9090,1243242,1243442
4298,145,9090,1062272,1062417
7100,109,9090,829615,829724
1148,108,9091,829643,829751
2586,172,9091,1243281,1243453
3293,144,9091,1062336,1062480
5167,204,9091,1371458,1371662
5900,99,9091,829791,829890
7374,50,9091,546990,547040
7396,104,9091,829810,829914
1850,195,9092,1243332,1243527
2832,179,9092,1243367,1243546
4934,54,9092,547119,547173
5670,28,9092,210713,210741
6250,126,9092,1062479,1062605
2481,95,9093,829952,830047
3856,265,9093,1446354,1446619
4483,49,9093,547252,547301
5497,296,9093,1473281,1473577
6085,10,9093,210940,210950
6681,116,9093,830047,830163
6966,214,9093,1371540,1371754
7340,151,9093,1062604,1062755
4087,171,9094,1243504,1243675
5187,160,9094,1062674,1062834
6622,224,9094,1371553,1371777
7016,125,9094,1062754,1062879
7518,116,9094,830322,830438
7463,163,9095,1243554,1243717
8730,300,9095,1473295,1473595
4806,40,9096,211347,211387
6851,190,9096,1243596,1243786
8774,299,9096,1473314,1473613
2869,243,9097,1446495,1446738
4005,15,9097,211506,211521
6262,20,9097,211521,211541
6726,244,9097,1446498,1446742
6809,88,9097,830595,830683
2329,135,9098,1062995,1063130
6774,206,9098,1371733,1371939
9282,105,9098,830682,830787
6049,248,9099,1446500,1446748
8813,57,9099,548055,548112
9553,202,9099,1371778,1371980
3563,186,9100,1243862,1244048
3644,45,9100,548151,548196
4968,279,9100,1446507,1446786
8140,44,9100,548196,548240
8791,54,9100,548200,548254
1977,125,9101,1063207,1063332
2782,298,9101,1473328,1473626
9976,219,9101,1371858,1372077
1916,118,9102,830983,831101
2464,254,9102,1446584,1446838
6065,97,9102,831061,831158
8705,172,9102,1244046,1244218
2696,275,9103,1446597,1446872
2803,245,9103,1446632,1446877
4093,28,9103,212415,212443
4933,185,9103,1244137,1244322
5343,234,9103,1371995,1372229
8266,141,9103,1063530,1063671
9371,203,9103,1372029,1372232
9394,43,9103,548731,548774
2794,166,9104,1244241,1244407
3878,206,9104,1372031,1372237
4710,242,9104,1446636,1446878
6145,113,9104,831476,831589
8975,277,9104,1446638,1446915
9270,206,9104,1372117,1372323
1027,221,9105,1372122,1372343
1765,207,9106,1372142,1372349
8171,225,9106,1372149,1372374
8894,125,9106,1063908,1064033
3417,75,9107,549130,549205
4061,88,9107,831746,831834
5413,146,9107,1063912,1064058
6956,271,9107,1446672,1446943
7708,80,9107,549285,549365
7725,173,9107,1244564,1244737
7888,216,9107,1372213,1372429
9388,150,9107,1064058,1064208
4361,268,9108,1446702,1446970
5712,23,9108,213398,213421
6579,197,9108,1244656,1244853
8995,34,9108,213461,213495
9123,289,9108,1473339,1473628
1843,280,9109,1446769,1447049
3250,115,9109,832112,832227
5038,176,9109,1244772,1244948
5166,260,9109,1446809,1447069
7345,211,9109,1372387,1372598
9463,38,9109,213734,213772
9789,93,9109,832267,832360
1197,114,9110,832279,832393
2295,219,9110,1372397,1372616
5189,62,9110,549882,549944
9289,36,9110,213931,213967
1004,231,9111,1372415,1372646
4732,109,9111,832392,832501
9772,283,9111,1473345,1473628
3914,106,9112,832460,832566
5105,5,9112,214125,214130
5623,92,9112,832486,832578
6488,260,9112,1446866,1447126
7315,242,9112,1446886,1447128
9919,274,9112,1446888,1447162
2847,166,9113,1245104,1245270
2998,122,9113,1064642,1064764
3300,124,9113,1064644,1064768
8175,229,9113,1372604,1372833
3670,12,9115,214447,214459
3641,158,9116,1064685,1064843
9036,249,9116,1446918,1447167
2060,227,9117,1372669,1372896
2187,123,9117,1064802,1064925
4085,232,9117,1372696,1372928
5092,249,9117,1446926,1447175
5739,291,9117,1473342,1473633
7043,266,9117,1446975,1447241
1974,121,9118,1064964,1065085
2282,10,9118,214816,214826
2721,296,9118,1473352,1473648
6942,269,9118,1447040,1447309
8311,248,9118,1447069,1447317
4705,47,9119,550855,550902
5288,174,9119,1245504,1245678
6538,18,9119,215025,215043
6974,46,9119,550902,550948
9653,89,9119,833291,833380
3674,101,9120,833299,833400
4966,266,9121,1447074,1447340
5455,275,9121,1447100,1447375
6479,241,9121,1447135,1447376
2313,252,9122,1447135,1447387
2691,154,9122,1065281,1065435
3998,157,9122,1065315,1065472
6156,152,9122,1065352,1065504
2430,34,9123,215439,215473
7402,287,9123,1473363,1473650
7501,192,9123,1245714,1245906
8565,195,9123,1245746,1245941
5274,230,9124,1373161,1373391
7869,233,9124,1373191,1373424
8838,164,9124,1245860,1246024
2442,121,9125,1065621,1065742
2667,140,9125,1065622,1065762
5909,205,9125,1373223,1373428
6298,66,9125,551622,551688
7258,201,9125,1373228,1373429
7729,91,9125,833995,834086
1056,157,9126,1065721,1065878
7764,88,9126,834045,834133
9095,88,9126,834053,834141
9632,264,9126,1447183,1447447
2180,283,9127,1473366,1473649
8989,285,9127,1473369,1473654
9330,97,9127,834180,834277
1639,147,9128,1065876,1066023
5337,16,9128,216268,216284
7720,299,9128,1473373,1473672
2220,295,9129,1473391,1473686
3176,84,9129,834315,834399
9905,178,9129,1246139,1246317
2902,260,9130,1447363,1447623
3730,171,9130,1246196,1246367
9881,179,9130,1246207,1246386
2453,19,9131,216561,216580
2554,279,9131,1447382,1447661
3496,112,9131,834517,834629
3937,93,9131,834549,834642
5290,295,9131,1473404,1473699
3593,260,9132,1447460,1447720
4082,170,9132,1246344,1246514
4853,275,9132,1447480,1447755
6274,288,9132,1473418,1473706
7289,155,9132,1066379,1066534
8032,217,9133,1373661,1373878
1255,208,9134,1373677,1373885
2234,258,9134,1447553,1447811
2763,59,9134,552799,552858
3001,25,9134,217097,217122
3301,129,9134,1066532,1066661
7960,22,9134,217162,217184
9057,2,9134,217184,217186
2558,236,9135,1373724,1373960
2692,262,9135,1447570,1447832
3285,248,9135,1447592,1447840
3799,226,9135,1373840,1374066
4299,185,9135,1246711,1246896
8141,181,9135,1246736,1246917
2280,222,9136,1373865,1374087
4634,206,9136,1373887,1374093
4769,46,9136,553176,553222
5474,201,9136,1373893,1374094
6210,59,9136,553222,553281
8121,286,9136,1473422,1473708
8720,114,9136,835357,835471
4898,260,9137,1447638,1447898
6006,197,9137,1246955,1247152
9546,292,9137,1473427,1473719
1277,203,9138,1374012,1374215
1546,3,9138,217862,217865
1980,193,9138,1247071,1247264
2196,9,9138,217905,217914
2294,293,9138,1473438,1473731
2850,120,9138,835629,835749
2873,244,9138,1447737,1447981
3743,154,9138,1067217,1067371
8713,242,9138,1447741,1447983
8783,242,9138,1447743,1447985
9053,206,9138,1374175,1374381
1065,20,9139,218193,218213
1961,128,9139,1067370,1067498
2095,122,9139,1067378,1067500
2970,215,9139,1374180,1374395
4011,292,9139,1473450,1473742
4622,226,9139,1374235,1374461
1829,292,9140,1473461,1473753
1899,35,9140,218452,218487
5217,75,9140,554037,554112
6343,195,9140,1247462,1247657
9876,255,9140,1447823,1448078
9957,219,9140,1374340,1374559
1937,192,9141,1247576,1247768
3019,69,9141,554231,554300
4068,29,9141,218726,218755
4584,127,9141,1067698,1067825
4713,279,9141,1447837,1448116
5806,125,9141,1067745,1067870
9291,271,9141,1447876,1448147
1430,182,9142,1247687,1247869
1923,3,9142,218954,218957
4550,177,9142,1247709,1247886
8468,167,9142,1247726,1247893
9610,93,9142,836545,836638
9857,108,9142,836558,836666
5342,163,9143,1247732,1247895
5459,62,9143,554658,554720
9917,37,9143,219196,219233
1685,291,9144,1473469,1473760
8802,180,9144,1247774,1247954
6858,161,9145,1247793,1247954
1146,125,9146,1068065,1068190
7774,93,9146,836782,836875
3427,264,9147,1447941,1448205
5431,187,9147,1247832,1248019
9758,150,9147,1068149,1068299
3045,5,9148,219548,219553
4045,202,9148,1374511,1374713
5873,131,9148,1068218,1068349
8501,129,9148,1068229,1068358
4621,8,9149,219672,219680
5820,15,9149,219680,219695
5979,60,9149,555114,555174
6747,278,9149,1447963,1448241
7713,295,9149,1473475,1473770
8259,242,9149,1448041,1448283
8690,116,9149,837152,837268
8795,56,9149,555294,555350
1037,40,9150,219934,219974
6020,59,9150,555309,555368
6994,160,9150,1068356,1068516
9355,283,9150,1473489,1473772
1180,73,9151,555407,555480
3345,20,9151,220133,220153
4279,249,9151,1448081,1448330
4407,108,9151,837306,837414
6162,226,9151,1374710,1374936
7316,32,9151,220273,220305
8080,227,9151,1374736,1374963
1348,65,9152,555599,555664
4430,151,9152,1068554,1068705
5805,255,9152,1448089,1448344
1325,101,9153,837492,837593
1529,237,9153,1374801,1375038
3865,5,9153,220543,220548
4798,78,9153,555783,555861
5412,223,9153,1374838,1375061
6289,289,9153,1473489,1473778
7366,272,9153,1448143,1448415
2360,292,9154,1473497,1473789
9672,49,9154,555980,556029
1191,285,9155,1473508,1473793
1787,243,9155,1448253,1448496
4130,54,9155,556068,556122
2355,274,9156,1448255,1448529
3757,11,9156,220945,220956
4420,71,9156,556121,556192
7099,268,9156,1448289,1448557
5877,291,9157,1473511,1473802
7355,177,9157,1248609,1248786
8442,296,9157,1473522,1473818
9756,220,9157,1375217,1375437
4965,258,9158,1448395,1448653
5467,164,9158,1248745,1248909
9272,181,9158,1248749,1248930
9697,119,9158,838148,838267
1157,64,9159,556509,556573
9113,271,9159,1448412,1448683
2483,53,9160,556572,556625
5004,142,9160,1069297,1069439
1016,90,9161,838264,838354
1345,54,9161,556664,556718
2316,24,9161,221591,221615
5499,144,9161,1069318,1069462
5529,236,9161,1375313,1375549
6255,107,9161,838354,838461
6725,121,9161,1069382,1069503
9645,254,9161,1448441,1448695
1408,199,9162,1248886,1249085
2328,165,9162,1248925,1249090
3923,250,9162,1448454,1448704
7173,27,9162,221934,221961
9041,40,9162,221961,222001
9712,16,9162,222001,222017
9888,172,9162,1248970,1249142
3532,222,9163,1375427,1375649
4472,40,9163,222096,222136
5283,38,9163,222136,222174
5545,130,9163,1069621,1069751
9446,263,9163,1448463,1448726
1170,173,9164,1249060,1249233
3672,175,9164,1249073,1249248
5297,299,9165,1473530,1473829
6528,129,9165,1069789,1069918
1125,266,9166,1448523,1448789
4589,242,9166,1448549,1448791
5326,175,9166,1249206,1249381
5454,127,9166,1069917,1070044
8448,100,9166,839056,839156
8984,1,9166,222611,222612
9886,120,9166,839076,839196
2175,213,9167,1375605,1375818
3419,138,9167,1069963,1070101
3658,140,9167,1069981,1070121
5644,176,9167,1249260,1249436
7769,200,9167,1249276,1249476
3175,246,9168,1448549,1448795
4692,268,9168,1448555,1448823
6600,142,9168,1070160,1070302
6829,82,9168,839434,839516
1740,193,9169,1249394,1249587
1825,271,9169,1448582,1448853
5256,49,9169,557990,558039
9839,65,9169,557999,558064
5566,218,9170,1375735,1375953
7221,20,9170,223208,223228
8789,279,9170,1448612,1448891
9940,169,9170,1249546,1249715
5515,111,9171,839633,839744
5934,192,9171,1249554,1249746
6844,65,9171,558222,558287
7089,154,9171,1070419,1070573
7765,248,9171,1448650,1448898
9485,65,9171,558327,558392
2106,283,9173,1473541,1473824
2536,231,9173,1375870,1376101
6234,254,9173,1448696,1448950
6804,81,9173,839902,839983
2731,17,9174,223704,223721
7649,194,9174,1249743,1249937
8771,210,9174,1375940,1376150
3821,223,9175,1375949,1376172
9162,245,9175,1448708,1448953
3360,113,9176,840060,840173
7918,118,9176,840093,840211
9493,37,9176,223959,223996
2956,87,9177,840130,840217
5955,226,9177,1376010,1376236
7978,62,9177,558826,558888
5812,183,9178,1249933,1250116
4152,291,9179,1473538,1473829
5553,192,9179,1249995,1250187
5620,169,9179,1250027,1250196
7833,11,9179,224273,224284
9924,46,9179,559006,559052
1728,218,9180,1376073,1376291
6346,189,9180,1250075,1250264
6348,177,9180,1250104,1250281
9226,144,9180,1071084,1071228
3339,154,9181,1071107,1071261
2148,210,9182,1376089,1376299
2363,134,9182,1071180,1071314
2681,218,9182,1376099,1376317
3104,69,9182,559329,559398
4301,256,9182,1448746,1449002
4512,64,9182,559398,559462
4534,290,9182,1473546,1473836
5663,148,9182,1071314,1071462
8571,72,9182,559502,559574
8973,96,9182,840772,840868
9024,76,9182,559574,559650
9211,63,9182,559610,559673
9216,130,9182,1071342,1071472
5368,68,9183,559672,559740
6602,40,9183,225080,225120
8415,32,9183,225120,225152
9306,115,9183,840827,840942
1763,153,9184,1071350,1071503
7306,178,9184,1250277,1250455
9051,84,9184,840941,841025
1184,289,9185,1473553,1473842
1320,213,9185,1376234,1376447
1380,17,9185,225390,225407
2817,106,9185,841024,841130
7678,93,9185,841050,841143
8536,78,9185,560018,560096
9141,198,9185,1250374,1250572
9301,99,9185,841103,841202
1831,272,9186,1448838,1449110
2393,98,9186,841161,841259
2530,37,9186,225686,225723
3548,88,9186,841179,841267
5292,298,9186,1473561,1473859
6570,107,9186,841227,841334
9738,28,9186,225843,225871
1267,114,9187,841253,841367
1352,283,9187,1473578,1473861
3072,163,9187,1250530,1250693
4676,66,9187,560454,560520
4892,36,9187,226030,226066
5679,183,9187,1250533,1250716
5790,204,9187,1376365,1376569
7461,71,9187,560560,560631
8570,292,9187,1473581,1473873
2633,214,9188,1376408,1376622
6470,136,9188,1071859,1071995
7267,184,9188,1250675,1250859
7731,170,9188,1250699,1250869
2465,25,9189,226384,226409
3852,250,9189,1448987,1449237
6914,60,9189,560829,560889
9621,228,9189,1376461,1376689
2988,40,9190,226528,226568
2336,81,9191,841723,841804
3055,114,9191,841724,841838
3354,227,9191,1376487,1376714
3759,159,9191,1072072,1072231
9027,156,9191,1072111,1072267
9154,48,9191,561087,561135
3438,18,9192,226806,226824
6173,138,9192,1072146,1072284
6580,127,9192,1072164,1072291
6723,11,9192,226904,226915
9823,185,9192,1250825,1251010
2967,72,9193,561213,561285
5964,205,9193,1376512,1376717
3620,195,9194,1250888,1251083
4010,210,9194,1376516,1376726
5032,55,9194,561364,561419
5583,232,9194,1376526,1376758
7922,227,9194,1376558,1376785
9122,99,9194,842195,842294
9536,112,9194,842214,842326
5870,31,9195,227312,227343
1607,156,9196,1072407,1072563
2712,214,9196,1376583,1376797
3649,154,9196,1072483,1072637
4406,107,9196,842364,842471
5067,79,9196,561697,561776
6737,163,9196,1251081,1251244
2177,240,9197,1376596,1376836
2469,210,9197,1376636,1376846
5630,17,9197,227661,227678
5779,193,9197,1251163,1251356
6308,252,9197,1448989,1449241
8765,124,9197,1072716,1072840
9841,218,9197,1376686,1376904
9852,279,9197,1449001,1449280
3241,157,9198,1072799,1072956
6028,144,9198,1072836,1072980
6916,140,9198,1072860,1073000
7367,95,9198,842829,842924
8915,72,9198,562214,562286
9150,107,9198,842844,842951
1102,271,9199,1449038,1449309
4950,215,9199,1376782,1376997
9039,162,9199,1251394,1251556
1447,29,9200,228235,228264
6598,206,9200,1376796,1377002
7139,45,9200,562444,562489
7675,68,9200,562449,562517
9189,190,9200,1251435,1251625
2922,52,9201,562516,562568
3126,17,9201,228463,228480
4525,24,9201,228480,228504
8329,145,9201,1073077,1073222
9490,268,9201,1449067,1449335
9643,25,9201,228584,228609
2668,102,9202,843147,843249
5912,76,9202,562647,562723
7236,219,9202,1376840,1377059
8440,109,9202,843209,843318
8820,189,9202,1251543,1251732
1250,146,9203,1073220,1073366
4503,147,9203,1073246,1073393
9184,123,9203,1073273,1073396
2202,230,9204,1376857,1377087
4133,135,9204,1073315,1073450
5733,261,9204,1449092,1449353
6018,43,9204,563041,563084
6268,185,9204,1251650,1251835
6385,201,9204,1376927,1377128
8344,184,9204,1251715,1251899
8411,50,9204,563164,563214
8490,136,9204,1073490,1073626
5212,110,9205,843675,843785
6594,244,9205,1449112,1449356
8474,259,9205,1449116,1449375
2785,264,9206,1449134,1449398
7170,103,9206,843824,843927
7669,107,9206,843847,843954
7148,43,9207,563451,563494
7933,53,9207,563454,563507
8829,280,9207,1449157,1449437
9813,183,9207,1251896,1252079
3883,300,9208,1473572,1473872
4143,105,9208,843992,844097
5502,273,9208,1449236,1449509
5716,79,9208,563666,563745
5992,201,9208,1377164,1377365
6995,205,9208,1377165,1377370
8081,194,9208,1252078,1252272
9447,97,9208,844177,844274
1683,157,9209,1073901,1074058
2183,281,9209,1473591,1473872
3445,81,9209,844273,844354
4980,262,9209,1449308,1449570
6503,13,9209,230161,230174
7743,191,9209,1252191,1252382
9245,248,9209,1449330,1449578
1594,59,9210,564103,564162
2861,143,9210,1074097,1074240
3916,178,9210,1252261,1252439
5685,68,9210,564202,564270
5857,233,9210,1377288,1377521
6369,27,9210,230453,230480
7992,262,9210,1449337,1449599
2526,131,9211,1074239,1074370
2834,210,9211,1377360,1377570
3208,50,9211,564389,564439
3708,210,9211,1377370,1377580
4823,227,9211,1377380,1377607
5377,147,9211,1074370,1074517
6265,23,9211,230759,230782
7091,284,9211,1473590,1473874
9683,192,9211,1252518,1252710
9698,257,9211,1449398,1449655
2724,126,9212,1074516,1074642
2820,186,9212,1252589,1252775
5952,54,9212,564718,564772
6615,253,9212,1449414,1449667
9239,74,9212,564772,564846
1209,130,9213,1074601,1074731
3573,161,9213,1252654,1252815
5095,58,9213,564885,564943
5469,229,9213,1377525,1377754
1117,54,9214,564942,564996
1464,169,9214,1252694,1252863
7478,195,9214,1252703,1252898
9850,212,9214,1377553,1377765
1556,91,9215,845228,845319
2937,252,9215,1449424,1449676
7138,121,9215,1074849,1074970
8328,284,9215,1473590,1473874
8797,112,9215,845359,845471
3484,193,9216,1252856,1253049
4504,109,9216,845430,845539
6903,19,9216,231697,231716
1876,245,9217,1449474,1449719
4411,9,9217,231755,231764
7006,188,9217,1252928,1253116
9896,258,9217,1449479,1449737
4815,116,9218,845577,845693
5048,283,9218,1473591,1473874
5316,83,9218,845653,845736
2191,12,9219,231962,231974
5656,74,9219,565591,565665
7270,54,9219,565625,565679
8020,161,9219,1253034,1253195
9166,82,9219,845695,845777
9478,77,9219,565719,565796
6877,289,9220,1473592,1473881
1370,201,9221,1377798,1377999
4816,293,9221,1473600,1473893
5748,277,9221,1449613,1449890
6407,267,9221,1449650,1449917
7530,71,9221,565954,566025
8620,6,9221,232412,232418
1261,252,9222,1449676,1449928
1869,73,9222,566024,566097
2705,240,9222,1377958,1378198
6048,21,9222,232537,232558
6578,17,9222,232558,232575
7990,183,9222,1253312,1253495
8310,64,9222,566137,566201
8642,72,9222,566161,566233
9927,200,9222,1253335,1253535
4042,192,9223,1253374,1253566
4433,9,9223,232774,232783
4459,126,9223,1075522,1075648
6411,72,9223,566312,566384
6958,195,9223,1253406,1253601
1087,116,9224,846172,846288
3080,118,9224,846208,846326
3379,294,9224,1473610,1473904
5329,64,9224,566503,566567
6392,278,9225,1449725,1450003
7753,36,9225,233101,233137
2498,172,9226,1253518,1253690
6296,136,9226,1075685,1075821
6728,272,9226,1449762,1450034
7816,167,9226,1253570,1253737
6483,46,9227,566724,566770
1401,288,9228,1473620,1473908
2699,261,9228,1449832,1450093
3307,228,9228,1378192,1378420
4306,283,9228,1473628,1473911
6019,271,9228,1449893,1450164
7123,59,9228,566929,566988
9229,278,9228,1449924,1450202
9714,254,9228,1449962,1450216
5985,201,9229,1378379,1378580
6067,97,9229,846801,846898
6366,19,9229,233733,233752
8981,167,9229,1253894,1254061
9299,36,9229,233792,233828
1526,206,9230,1378379,1378585
1547,126,9230,1076177,1076303
2884,290,9230,1473629,1473919
5240,242,9230,1450014,1450256
5999,72,9230,567306,567378
7962,117,9230,847017,847134
7996,192,9230,1254020,1254212
1156,118,9231,847093,847211
1412,155,9231,1076302,1076457
3137,63,9231,567497,567560
5372,192,9231,1254051,1254243
7435,58,9231,567560,567618
4699,41,9232,567577,567618
4863,92,9232,847210,847302
5101,102,9232,847222,847324
2704,56,9233,567657,567713
3763,277,9233,1450013,1450290
6376,237,9233,1378502,1378739
7873,6,9233,234544,234550
3590,157,9234,1076454,1076611
6695,299,9234,1473635,1473934
3813,1,9235,234628,234629
4753,50,9235,567831,567881
5885,196,9235,1254199,1254395
6477,59,9235,567881,567940
6500,66,9235,567900,567966
9673,111,9235,847441,847552
9862,176,9235,1254235,1254411
2894,96,9236,847511,847607
3266,94,9236,847527,847621
3858,102,9236,847541,847643
4334,295,9236,1473652,1473947
4641,180,9236,1254290,1254470
6202,2,9236,235068,235070
8130,63,9236,568205,568268
3673,181,9237,1254309,1254490
4691,167,9237,1254330,1254497
5823,31,9237,235189,235220
6738,137,9237,1076768,1076905
7928,281,9237,1473666,1473947
8493,167,9237,1254377,1254544
9581,133,9237,1076865,1076998
9695,284,9237,1473667,1473951
5332,265,9238,1450205,1450470
4445,185,9239,1254462,1254647
7166,280,9239,1450229,1450509
1662,45,9240,568624,568669
4158,4,9240,235577,235581
6167,224,9240,1378772,1378996
9359,281,9240,1473668,1473949
9993,57,9240,568709,568766
1262,186,9241,1254605,1254791
2349,149,9241,1077154,1077303
3702,156,9241,1077183,1077339
4124,24,9241,235820,235844
5860,50,9241,568845,568895
3403,72,9242,568854,568926
5622,75,9242,568886,568961
6712,128,9242,1077218,1077346
8054,84,9242,848277,848361
8083,192,9242,1254630,1254822
3092,170,9243,1254661,1254831
3754,178,9243,1254671,1254849
4642,131,9243,1077345,1077476
4660,228,9243,1378833,1379061
7639,34,9243,236242,236276
4693,295,9244,1473665,1473960
7803,60,9244,569239,569299
1545,76,9245,569258,569334
3264,184,9245,1254767,1254951
3845,220,9245,1378899,1379119
5651,178,9245,1254831,1255009
6397,293,9245,1473679,1473972
6052,49,9246,569453,569502
8354,123,9246,1077593,1077716
1175,131,9247,1077595,1077726
2663,36,9247,236672,236708
4102,260,9247,1450381,1450641
5494,191,9247,1254927,1255118
5982,170,9247,1254958,1255128
7457,214,9247,1378997,1379211
8856,249,9247,1450401,1450650
9965,48,9247,569741,569789
6105,40,9248,236947,236987
6888,115,9248,848955,849070
2215,297,9249,1473688,1473985
3583,55,9249,569827,569882
2041,67,9250,569841,569908
3038,259,9250,1450447,1450706
3860,262,9250,1450466,1450728
4787,174,9250,1255165,1255339
9068,170,9250,1255179,1255349
9262,122,9250,1078003,1078125
9267,70,9250,570068,570138
1875,36,9251,237384,237420
9573,295,9251,1473703,1473998
1301,155,9252,1078043,1078198
1469,66,9252,570176,570242
2630,254,9252,1450526,1450780
2693,268,9252,1450540,1450808
3442,186,9252,1255307,1255493
6304,144,9252,1078198,1078342
7175,213,9252,1379286,1379499
1718,277,9253,1450567,1450844
2110,206,9253,1379338,1379544
2713,166,9253,1255452,1255618
5126,29,9253,237858,237887
5188,214,9253,1379344,1379558
7024,289,9253,1473716,1474005
7026,89,9253,849705,849794
8215,276,9253,1450644,1450920
1445,266,9254,1450679,1450945
5899,195,9254,1255617,1255812
5936,123,9254,1078580,1078703
4175,231,9255,1379476,1379707
6617,294,9255,1473723,1474017
6894,98,9255,849952,850050
1924,255,9256,1450743,1450998
6487,104,9256,850009,850113
8527,186,9256,1255770,1255956
2092,212,9257,1379585,1379797
3209,11,9257,238443,238454
4598,125,9257,1078780,1078905
4662,50,9257,571117,571167
6246,27,9257,238534,238561
6593,284,9257,1473735,1474019
7049,29,9257,238601,238630
3862,241,9258,1450796,1451037
4909,156,9258,1078864,1079020
6565,14,9258,238709,238723
8397,58,9258,571246,571304
3382,144,9259,1078899,1079043
5376,14,9259,238802,238816
1678,206,9260,1379674,1379880
9140,180,9260,1255952,1256132
1332,175,9261,1255971,1256146
3237,175,9261,1255986,1256161
5990,124,9261,1079081,1079205
6213,147,9261,1079085,1079232
6395,143,9261,1079112,1079255
7695,199,9261,1256001,1256200
8506,172,9261,1256040,1256212
2229,86,9262,850667,850753
3308,64,9262,571700,571764
7663,36,9262,239253,239289
2300,222,9263,1379677,1379899
6469,122,9263,1079253,1079375
1446,123,9264,1079254,1079377
4672,300,9264,1473732,1474032
5976,41,9264,571882,571923
6655,13,9264,239487,239500
8165,67,9264,571883,571950
8891,32,9264,239540,239572
2454,292,9265,1473751,1474043
9986,116,9265,850870,850986
6788,212,9266,1379776,1379988
6800,181,9266,1256207,1256388
8027,7,9266,239730,239737
2172,120,9267,850984,851104
4581,224,9267,1379787,1380011
7088,131,9267,1079454,1079585
9531,10,9267,239856,239866
1620,152,9268,1079464,1079616
5852,2,9268,239905,239907
9026,9,9268,239907,239916
2216,13,9269,239915,239928
6537,197,9269,1256265,1256462
7741,65,9269,572265,572330
8588,178,9269,1256302,1256480
1099,136,9270,1079574,1079710
3361,172,9270,1256319,1256491
5418,227,9270,1379808,1380035
3791,261,9271,1450864,1451125
4402,110,9271,851380,851490
6284,82,9271,851410,851492
6489,63,9271,572568,572631
6886,241,9271,1450885,1451126
7212,62,9271,572631,572693
3096,187,9272,1256449,1256636
4450,27,9272,240445,240472
5302,139,9272,1079788,1079927
3682,283,9273,1473755,1474038
6777,56,9273,572771,572827
9594,108,9273,851570,851678
9757,3,9273,240631,240634
1403,213,9274,1379951,1380164
2291,250,9274,1450923,1451173
2808,70,9274,572906,572976
4978,159,9274,1079925,1080084
5980,262,9274,1450933,1451195
7863,94,9274,851757,851851
3174,226,9275,1380043,1380269
6347,68,9275,573095,573163
6666,104,9275,851810,851914
8828,86,9275,851834,851920
9224,258,9275,1450954,1451212
9489,9,9275,241072,241081
9687,201,9275,1380109,1380310
2111,12,9276,241120,241132
4785,149,9276,1080122,1080271
4817,133,9276,1080151,1080284
7044,211,9276,1380109,1380320
9300,277,9276,1450971,1451248
8946,143,9277,1080243,1080386
9201,298,9277,1473754,1474052
1046,228,9278,1380198,1380426
1172,135,9278,1080345,1080480
3982,168,9278,1256910,1257078
4289,234,9278,1380226,1380460
4566,195,9278,1256958,1257153
5209,213,9278,1380260,1380473
5945,5,9278,241610,241615
7032,300,9278,1473771,1474071
1789,98,9279,852436,852534
5588,180,9279,1257072,1257252
8481,255,9279,1451085,1451340
1435,175,9280,1257131,1257306
5450,115,9280,852573,852688
6899,161,9280,1257146,1257307
8124,292,9280,1473789,1474081
8716,255,9280,1451139,1451394
2372,9,9281,241972,241981
2866,232,9281,1380430,1380662
5082,276,9281,1451153,1451429
6155,149,9281,1080877,1081026
6291,2,9281,242101,242103
8517,130,9281,1080906,1081036
3366,86,9282,852886,852972
5776,22,9282,242182,242204
6330,75,9282,574316,574391
7442,211,9282,1380501,1380712
7994,2,9282,242284,242286
9767,287,9282,1473799,1474086
3507,109,9283,852971,853080
3932,59,9283,574470,574529
6630,28,9283,242405,242433
6678,190,9283,1257384,1257574
8970,51,9283,574529,574580
9003,2,9283,242513,242515
1505,155,9284,1081033,1081188
2399,166,9284,1257413,1257579
4890,127,9284,1081108,1081235
3272,161,9285,1257418,1257579
5599,263,9286,1451224,1451487
1791,266,9287,1451246,1451512
3481,16,9287,242751,242767
4159,123,9287,1081232,1081355
4560,197,9287,1257497,1257694
5184,53,9287,574856,574909
5724,33,9287,242887,242920
5933,49,9287,574869,574918
6961,22,9287,242960,242982
7237,46,9287,574878,574924
3519,63,9288,574883,574946
1107,146,9289,1081273,1081419
1713,265,9289,1451270,1451535
3833,241,9289,1451295,1451536
6287,67,9289,575025,575092
6714,176,9289,1257612,1257788
9818,76,9289,575092,575168
1910,282,9290,1473798,1474080
2384,125,9290,1081458,1081583
4121,215,9290,1380744,1380959
7793,135,9290,1081503,1081638
1304,105,9291,853672,853777
3375,172,9291,1257706,1257878
3874,134,9291,1081557,1081691
4262,114,9291,853777,853891
4470,158,9291,1081571,1081729
4831,210,9291,1380758,1380968
8214,224,9291,1380768,1380992
2741,248,9292,1451333,1451581
3454,225,9292,1380831,1381056
4866,233,9292,1380856,1381089
5219,12,9292,243857,243869
7352,267,9292,1451341,1451608
7400,252,9292,1451368,1451620
8292,265,9292,1451380,1451645
8637,59,9292,575805,575864
9825,254,9292,1451405,1451659
1297,191,9293,1258076,1258267
5349,107,9293,854249,854356
5824,164,9293,1258107,1258271
7389,262,9293,1451418,1451680
7796,55,9294,576022,576077
8025,254,9294,1451439,1451693
9092,224,9294,1381127,1381351
9323,160,9294,1082166,1082326
1575,118,9295,854474,854592
1615,58,9295,576196,576254
2402,90,9295,854512,854602
6396,159,9295,1082205,1082364
6536,40,9295,244546,244586
8888,293,9295,1473795,1474088
8895,220,9295,1381190,1381410
2266,68,9296,576373,576441
3334,67,9296,576401,576468
4396,283,9296,1473807,1474090
5649,147,9296,1082363,1082510
9261,105,9296,854721,854826
2843,81,9297,854745,854826
3221,260,9297,1451530,1451790
3348,228,9297,1381288,1381516
3983,294,9297,1473809,1474103
4192,248,9297,1451590,1451838
4974,216,9297,1381396,1381612
5121,252,9297,1451598,1451850
7815,215,9297,1381452,1381667
1162,209,9298,1381466,1381675
1236,77,9298,576906,576983
2806,49,9298,576943,576992
5215,274,9298,1451609,1451883
5573,158,9298,1082748,1082906
1906,201,9299,1381514,1381715
3263,250,9299,1451642,1451892
5185,10,9299,245462,245472
6050,61,9299,577111,577172
8129,223,9299,1381555,1381778
1417,166,9300,1258824,1258990
3922,281,9300,1473820,1474101
8177,41,9300,577251,577292
8581,289,9300,1473821,1474110
8923,89,9300,855383,855472
5458,17,9301,245750,245767
5781,296,9301,1473829,1474125
1358,195,9302,1258948,1259143
1603,214,9302,1381695,1381909
2046,39,9302,245886,245925
3289,132,9302,1083142,1083274
5077,298,9302,1473844,1474142
3180,187,9303,1259062,1259249
3303,290,9303,1473861,1474151
6920,252,9303,1451848,1452100
9799,40,9303,246124,246164
4989,115,9304,855708,855823
7290,198,9304,1259168,1259366
9048,199,9304,1259206,1259405
9125,105,9304,855823,855928
2898,174,9305,1259244,1259418
4308,80,9306,577846,577926
1274,280,9307,1451856,1452136
2652,213,9307,1381864,1382077
3068,197,9307,1259336,1259533
5165,134,9307,1083549,1083683
8232,97,9307,856045,856142
9069,176,9307,1259373,1259549
1711,86,9308,856101,856187
5680,127,9308,1083602,1083729
6432,34,9308,246719,246753
7242,172,9308,1259388,1259560
1161,141,9309,1083648,1083789
2011,76,9309,578283,578359
2199,249,9309,1451894,1452143
3634,190,9309,1259439,1259629
4154,279,9309,1451903,1452182
8677,98,9309,856346,856444
8679,156,9309,1083789,1083945
8836,84,9309,856404,856488
9963,54,9309,578559,578613
2256,152,9310,1083824,1083976
7864,150,9310,1083856,1084006
8098,292,9310,1473864,1474156
8914,278,9310,1451981,1452259
1106,171,9311,1259587,1259758
2333,59,9311,578771,578830
3217,178,9311,1259598,1259776
7017,201,9311,1382033,1382234
8150,239,9311,1382034,1382273
3182,131,9312,1084124,1084255
4208,272,9312,1452017,1452289
7144,274,9312,1452049,1452323
7384,65,9312,579029,579094
9274,291,9312,1473874,1474165
2462,164,9313,1259814,1259978
5331,33,9313,247748,247781
6880,205,9313,1382191,1382396
4618,172,9314,1259857,1260029
4629,12,9314,247860,247872
5301,110,9314,857003,857113
9265,36,9314,247912,247948
9444,50,9314,579252,579302
1986,144,9315,1084372,1084516
2236,264,9315,1452120,1452384
3342,243,9315,1452144,1452387
8010,44,9315,579381,579425
9555,154,9315,1084476,1084630
1851,192,9316,1259947,1260139
2409,11,9316,248226,248237
3679,186,9316,1259979,1260165
4300,76,9316,579504,579580
5125,137,9316,1084589,1084726
5853,248,9316,1452146,1452394
2669,101,9317,857350,857451
4284,143,9317,1084645,1084788
4908,251,9317,1452153,1452404
7565,227,9317,1382352,1382579
2684,88,9318,857490,857578
3942,132,9318,1084747,1084879
3951,252,9318,1452163,1452415
4661,4,9318,248675,248679
6380,156,9318,1084799,1084955
6791,202,9318,1382418,1382620
8091,266,9318,1452175,1452441
8910,222,9318,1382460,1382682
9539,31,9318,248839,248870
1279,104,9319,857737,857841
1308,61,9319,580097,580158
2910,256,9319,1452200,1452456
4297,3,9319,248989,248992
4467,115,9319,857801,857916
6569,281,9319,1473878,1474159
7310,267,9319,1452256,1452523
8231,300,9319,1473879,1474179
5584,239,9320,1382640,1382879
9327,65,9320,580357,580422
6297,219,9321,1382678,1382897
6834,229,9321,1382697,1382926
8358,29,9321,249310,249339
1245,133,9322,1085231,1085364
5134,257,9322,1452320,1452577
5950,8,9322,249418,249426
6673,222,9322,1382765,1382987
7229,290,9322,1473896,1474186
7704,110,9322,858233,858343
2492,232,9323,1382826,1383058
3385,61,9323,580699,580760
3630,294,9323,1473905,1474199
4304,22,9323,249665,249687
5834,113,9323,858342,858455
1171,264,9324,1452415,1452679
2952,14,9324,249766,249780
9626,143,9324,1085482,1085625
1457,242,9325,1452438,1452680
1958,84,9325,858493,858577
4115,56,9325,580958,581014
4777,73,9325,580974,581047
5169,137,9325,1085544,1085681
1570,239,9326,1382975,1383214
2171,243,9326,1452439,1452682
2211,185,9326,1260915,1261100
5581,131,9326,1085680,1085811
8366,191,9326,1260940,1261131
9784,279,9326,1452442,1452721
2195,122,9327,1085770,1085892
3820,216,9327,1383093,1383309
4949,181,9327,1261050,1261231
4987,191,9327,1261071,1261262
6273,22,9327,250417,250439
6608,174,9327,1261102,1261276
8764,230,9327,1383109,1383339
3740,186,9328,1261155,1261341
6409,165,9328,1261181,1261346
6559,299,9328,1473914,1474213
1746,101,9329,859133,859234
1797,240,9329,1383177,1383417
3963,147,9329,1086130,1086277
9627,149,9329,1086157,1086306
2245,50,9330,581802,581852
5086,202,9330,1383216,1383418
5591,283,9330,1473931,1474214
3511,164,9331,1261343,1261507
6838,61,9331,581931,581992
8193,192,9331,1261347,1261539
9094,103,9331,859432,859535
9215,241,9331,1452556,1452797
3864,231,9333,1383295,1383526
7549,120,9333,859533,859653
7771,89,9333,859573,859662
8173,174,9333,1261457,1261631
9625,87,9333,859622,859709
2099,210,9334,1383325,1383535
3336,12,9334,251352,251364
5929,16,9334,251364,251380
1518,300,9335,1473929,1474229
4508,3,9335,251419,251422
7573,68,9335,582348,582416
3993,92,9336,859706,859798
4649,159,9337,1086538,1086697
8223,138,9337,1086577,1086715
9467,264,9337,1452591,1452855
3392,77,9338,582533,582610
5160,144,9338,1086634,1086778
5282,280,9338,1452614,1452894
6267,119,9338,859916,860035
6873,172,9338,1261626,1261798
7791,261,9338,1452654,1452915
8087,283,9338,1473946,1474229
1405,38,9339,251898,251936
3265,90,9339,860074,860164
3281,8,9339,251976,251984
7075,8,9339,251984,251992
7238,159,9339,1086817,1086976
2176,177,9340,1261716,1261893
4745,142,9340,1086895,1087037
4764,92,9340,860203,860295
7399,185,9340,1261733,1261918
1324,251,9341,1452712,1452963
1524,201,9341,1383568,1383769
7249,228,9341,1383569,1383797
7886,121,9341,1087076,1087197
8388,64,9341,583207,583271
8921,53,9341,583231,583284
5547,70,9342,583243,583313
6789,193,9342,1261876,1262069
8241,168,9342,1261909,1262077
8561,31,9342,252549,252580
9973,88,9342,860493,860581
2052,129,9343,1087155,1087284
2374,132,9344,1087163,1087295
4464,224,9344,1383594,1383818
5986,204,9344,1383618,1383822
6716,192,9344,1261995,1262187
7284,156,9344,1087295,1087451
9246,48,9344,583631,583679
1036,11,9345,252897,252908
6032,222,9345,1383621,1383843
9706,86,9345,860778,860864
3618,262,9346,1452718,1452980
5205,107,9346,860823,860930
6391,214,9346,1383682,1383896
1503,80,9347,583836,583916
3974,225,9347,1383695,1383920
6947,49,9347,583916,583965
8090,80,9347,583925,584005
8908,62,9347,583965,584027
9073,3,9347,253306,253309
1517,9,9348,253308,253317
6283,52,9348,583986,584038
6727,189,9348,1262183,1262372
7802,145,9348,1087527,1087672
7877,260,9348,1452738,1452998
9926,259,9348,1452758,1453017
5862,33,9349,253516,253549
7912,107,9349,861087,861194
7987,230,9349,1383798,1384028
2087,233,9350,1383827,1384060
2899,154,9350,1087710,1087864
5804,111,9350,861233,861344
5881,283,9350,1473937,1474220
7705,68,9350,584396,584464
8577,191,9350,1262410,1262601
1205,77,9351,584463,584540
3352,36,9351,253907,253943
7659,296,9351,1473939,1474235
9854,222,9351,1383939,1384161
2556,196,9352,1262519,1262715
3801,54,9352,584619,584673
6917,74,9352,584633,584707
7692,9,9352,254142,254151
8792,46,9352,584667,584713
8932,178,9352,1262555,1262733
9116,73,9352,584713,584786
2801,7,9353,254270,254277
4465,253,9353,1452852,1453105
5757,71,9353,584785,584856
6669,35,9353,254357,254392
9357,81,9353,861541,861622
1959,7,9354,254431,254438
2947,3,9354,254438,254441
3459,180,9354,1262611,1262791
3992,274,9354,1452864,1453138
5318,24,9354,254521,254545
5533,179,9354,1262671,1262850
8391,223,9354,1384038,1384261
8656,257,9354,1452898,1453155
1511,185,9355,1262769,1262954
3269,40,9355,254704,254744
3585,11,9355,254744,254755
6499,280,9355,1452914,1453194
7656,150,9355,1088299,1088449
2522,256,9356,1452953,1453209
4752,7,9356,254874,254881
5099,64,9356,585213,585277
5461,41,9356,585237,585278
5810,234,9356,1384179,1384413
9902,71,9356,585278,585349
2768,209,9357,1384212,1384421
5162,260,9357,1452968,1453228
5437,25,9357,255120,255145
7529,248,9357,1452988,1453236
8823,194,9357,1263032,1263226
8892,158,9357,1088567,1088725
1058,270,9358,1452995,1453265
2312,133,9358,1088644,1088777
5225,206,9358,1384340,1384546
6907,73,9358,585627,585700
7584,260,9358,1453025,1453285
7682,187,9358,1263185,1263372
2941,43,9359,585739,585782
3034,85,9359,862336,862421
6934,242,9359,1453044,1453286
8737,253,9359,1453046,1453299
1127,298,9360,1473946,1474244
1321,214,9360,1384504,1384718
3892,79,9360,585941,586020
8832,194,9360,1263370,1263564
1368,42,9361,586019,586061
2386,87,9361,862539,862626
3538,84,9361,862546,862630
4309,64,9361,586101,586165
6707,268,9361,1453097,1453365
7655,185,9361,1263443,1263628
9217,232,9361,1384557,1384789
1886,286,9362,1473962,1474248
2841,171,9362,1263547,1263718
4779,170,9362,1263558,1263728
5026,136,9362,1089213,1089349
5995,252,9362,1453164,1453416
1312,164,9363,1263607,1263771
1477,81,9363,862908,862989
3556,224,9363,1384667,1384891
8072,251,9363,1453175,1453426
9337,108,9363,862989,863097
5328,252,9364,1453185,1453437
3377,69,9365,586681,586750
5291,189,9365,1263729,1263918
6954,139,9365,1089466,1089605
7101,237,9365,1384769,1385006
8431,148,9365,1089525,1089673
8955,162,9365,1263798,1263960
5308,31,9366,256776,256807
1738,178,9367,1263798,1263976
3576,6,9367,256846,256852
5066,99,9367,863293,863392
5175,159,9367,1089631,1089790
8652,23,9367,256932,256955
9507,40,9367,256955,256995
1313,36,9368,256994,257030
1817,264,9368,1453193,1453457
1929,66,9368,587067,587133
2448,165,9368,1263855,1264020
3610,74,9368,587133,587207
6115,59,9368,587167,587226
9339,94,9368,863431,863525
5568,207,9369,1384842,1385049
7524,247,9370,1453215,1453462
8034,199,9371,1263937,1264136
1271,30,9372,257386,257416
4463,265,9372,1453220,1453485
7728,154,9372,1089905,1090059
9987,94,9372,863641,863735
1240,131,9373,1089938,1090069
3062,42,9373,587501,587543
3350,241,9373,1453244,1453485
3786,234,9373,1384965,1385199
4997,206,9373,1384999,1385205
7248,34,9373,257735,257769
1116,77,9374,587622,587699
2569,23,9374,257808,257831
1631,69,9375,587658,587727
3571,33,9375,257870,257903
5336,3,9375,257903,257906
1599,82,9376,863811,863893
5928,211,9376,1385002,1385213
2584,191,9377,1264170,1264361
2823,213,9377,1385012,1385225
2982,246,9377,1453241,1453487
4507,76,9377,587885,587961
5072,44,9377,587921,587965
9264,65,9377,587925,587990
9534,39,9377,258224,258263
1966,252,9378,1453246,1453498
2504,103,9378,864011,864114
2830,143,9378,1090264,1090407
8770,224,9378,1385104,1385328
3669,174,9379,1264359,1264533
4681,33,9379,258461,258494
4967,89,9379,864153,864242
7246,55,9380,588187,588242
7339,176,9380,1264372,1264548
8644,266,9380,1453256,1453522
9552,111,9380,864241,864352
1178,83,9381,864271,864354
7783,76,9381,588361,588437
9008,172,9381,1264427,1264599
3616,280,9382,1453280,1453560
5532,151,9382,1090523,1090674
5811,238,9382,1385204,1385442
1009,30,9383,258930,258960
1571,136,9383,1090593,1090729
3418,190,9383,1264517,1264707
3780,175,9383,1264547,1264722
2871,61,9384,588674,588735
3751,211,9384,1385240,1385451
8206,157,9384,1090728,1090885
1207,196,9385,1264600,1264796
2259,8,9385,259238,259246
2835,57,9385,588814,588871
3500,189,9385,1264636,1264825
5263,30,9385,259326,259356
8951,37,9385,259356,259393
2658,47,9386,588870,588917
4119,108,9386,864709,864817
4437,31,9386,259472,259503
5100,37,9386,259503,259540
2764,284,9387,1473943,1474227
6613,222,9387,1385288,1385510
7583,205,9387,1385310,1385515
8454,123,9387,1090962,1091085
9465,73,9387,589076,589149
7979,166,9388,1264782,1264948
1186,10,9389,259777,259787
4543,278,9389,1453353,1453631
5586,23,9389,259827,259850
7074,121,9389,1091043,1091164
1051,16,9390,259889,259905
1769,10,9390,259905,259915
2156,153,9390,1091043,1091196
2761,223,9390,1385352,1385575
3155,188,9390,1264866,1265054
7594,14,9390,260035,260049
8403,192,9390,1264894,1265086
2783,19,9391,260088,260107
5475,170,9391,1264925,1265095
1846,107,9392,865211,865318
4346,292,9392,1473942,1474234
7785,285,9392,1473954,1474239
1989,283,9393,1473958,1474241
9209,147,9393,1091353,1091500
9452,208,9393,1385492,1385700
1549,141,9394,1091419,1091560
3279,229,9394,1385499,1385728
5257,109,9394,865516,865625
6424,234,9394,1385528,1385762
7424,230,9394,1385562,1385792
8343,168,9394,1265212,1265380
8398,219,9394,1385592,1385811
8573,124,9394,1091640,1091764
9207,122,9394,1091644,1091766
1673,251,9395,1453505,1453756
6096,299,9395,1473959,1474258
1155,203,9396,1385689,1385892
1470,44,9396,590140,590184
6753,176,9396,1265378,1265554
7552,274,9396,1453555,1453829
9358,111,9396,865983,866094
1208,147,9397,1091843,1091990
3489,160,9397,1091870,1092030
5596,236,9397,1385731,1385967
6781,41,9397,590383,590424
7217,145,9397,1091950,1092095
9177,183,9397,1265473,1265656
3683,78,9398,590463,590541
4856,87,9398,866212,866299
5674,223,9398,1385766,1385989
7474,279,9398,1453587,1453866
8166,275,9398,1453626,1453901
8743,225,9398,1385869,1386094
2449,292,9399,1473974,1474266
3398,224,9399,1385933,1386157
7110,104,9399,866458,866562
7521,208,9399,1385957,1386165
1249,268,9400,1453699,1453967
1653,67,9400,590899,590966
2642,229,9400,1386004,1386233
5399,100,9400,866601,866701
6134,145,9400,1092372,1092517
6743,22,9400,261858,261880
7895,151,9400,1092397,1092548
8674,218,9400,1386033,1386251
9054,33,9400,261960,261993
3997,291,9401,1473984,1474275
5107,150,9401,1092507,1092657
3468,141,9402,1092536,1092677
4585,223,9402,1386089,1386312
5891,48,9402,591284,591332
6761,112,9402,866899,867011
4964,188,9403,1265970,1266158
6996,271,9403,1453764,1454035
7817,60,9403,591411,591471
8070,207,9403,1386151,1386358
1247,150,9404,1092715,1092865
3516,222,9404,1386157,1386379
3936,258,9404,1453794,1454052
7845,261,9404,1453812,1454073
5017,171,9405,1266196,1266367
8324,113,9405,867248,867361
2606,129,9406,1092903,1093032
4303,1,9406,262667,262668
2934,103,9407,867319,867422
4049,131,9407,1092911,1093042
4625,151,9407,1092922,1093073
6519,193,9407,1266205,1266398
2919,238,9408,1386255,1386493
6410,223,9408,1386293,1386516
6531,129,9408,1093072,1093201
8065,294,9408,1473988,1474282
1273,263,9409,1453868,1454131
2444,272,9411,1453889,1454161
2925,157,9411,1093198,1093355
3102,122,9411,1093235,1093357
3934,295,9411,1473999,1474294
5749,45,9411,592263,592308
7235,174,9411,1266474,1266648
8725,68,9411,592308,592376
9439,65,9411,592336,592401
9479,26,9411,263343,263369
9579,277,9411,1453961,1454238
6467,223,9412,1386512,1386735
2189,43,9413,592439,592482
2525,252,9413,1453996,1454248
7697,247,9413,1454008,1454255
9475,123,9413,1093475,1093598
5468,177,9414,1266645,1266822
2591,248,9415,1454013,1454261
5525,185,9415,1266701,1266886
5875,29,9415,263725,263754
6126,142,9415,1093596,1093738
9028,57,9415,592720,592777
4793,238,9416,1386651,1386889
1832,264,9417,1454019,1454283
1863,177,9417,1266804,1266981
5554,242,9417,1454043,1454285
9893,271,9417,1454045,1454316
5128,176,9418,1266900,1267076
5901,291,9418,1474007,1474298
7755,156,9418,1093895,1094051
8238,233,9418,1386847,1387080
9684,219,9418,1386880,1387099
2565,202,9419,1386898,1387100
5721,215,9419,1386900,1387115
7131,294,9419,1474017,1474311
8627,128,9419,1094130,1094258
1465,101,9420,868769,868870
1968,97,9420,868790,868887
4285,239,9420,1386954,1387193
8467,92,9420,868847,868939
9966,124,9420,1094177,1094301
1145,245,9421,1454152,1454397
1176,298,9421,1474029,1474327
7540,219,9421,1387072,1387291
7588,297,9421,1474047,1474344
8554,252,9421,1454237,1454489
8807,214,9421,1387171,1387385
4052,148,9422,1094419,1094567
6241,87,9422,869177,869264
6796,232,9422,1387184,1387416
7109,296,9422,1474063,1474359
8302,117,9422,869264,869381
8567,68,9422,593930,593998
3274,94,9423,869300,869394
3613,53,9423,593997,594050
6172,200,9423,1267511,1267711
6705,190,9423,1267551,1267741
6924,158,9423,1094606,1094764
8959,189,9423,1267581,1267770
9764,33,9423,265306,265339
2659,5,9424,265338,265343
4610,283,9424,1474077,1474360
9875,2,9424,265383,265385
1616,84,9425,869512,869596
7222,53,9425,594248,594301
9585,112,9425,869516,869628
9904,264,9425,1454325,1454589
3128,16,9426,265543,265559
6526,236,9426,1387332,1387568
6756,234,9426,1387368,1387602
8212,91,9426,869667,869758
9088,129,9426,1094841,1094970
5049,51,9427,594499,594550
4697,198,9429,1267764,1267962
9110,133,9429,1094887,1095020
5300,165,9430,1267801,1267966
7330,267,9430,1454344,1454611
2226,237,9431,1387437,1387674
2463,76,9431,594706,594782
3026,193,9431,1267885,1268078
8318,153,9431,1095058,1095211
1645,273,9432,1454369,1454642
5012,14,9432,266113,266127
5097,249,9432,1454402,1454651
5774,114,9432,870072,870186
6060,140,9432,1095170,1095310
6194,205,9432,1387553,1387758
6936,200,9432,1268037,1268237
8913,51,9432,595061,595112
9220,231,9432,1387558,1387789
2613,53,9433,595111,595164
3817,128,9433,1095309,1095437
4195,270,9433,1454410,1454680
5648,75,9433,595204,595279
8293,133,9433,1095357,1095490
9488,191,9433,1268156,1268347
1568,295,9434,1474070,1474365
6053,14,9434,266685,266699
7677,274,9434,1454479,1454753
8671,169,9434,1268266,1268435
9248,71,9434,595438,595509
9428,211,9434,1387707,1387918
1219,109,9435,870583,870692
1758,176,9435,1268314,1268490
3947,209,9435,1387717,1387926
8427,120,9435,870692,870812
1793,13,9436,267017,267030
2647,8,9436,267030,267038
4375,275,9436,1454511,1454786
7233,37,9436,267078,267115
9404,182,9437,1268408,1268590
2980,152,9438,1095725,1095877
3151,93,9438,870849,870942
5884,35,9438,267233,267268
6720,74,9438,595825,595899
7040,239,9438,1387763,1388002
7482,280,9438,1454544,1454824
8706,266,9438,1454584,1454850
9991,71,9438,595979,596050
7811,155,9440,1095875,1096030
2412,95,9441,871019,871114
3369,215,9441,1387879,1388094
8353,95,9441,871074,871169
5284,298,9442,1474077,1474375
7788,295,9442,1474095,1474390
7963,75,9442,596246,596321
9795,229,9442,1387973,1388202
1226,103,9443,871207,871310
2165,240,9443,1388001,1388241
3191,229,9443,1388041,1388270
3546,105,9443,871310,871415
3675,228,9443,1388070,1388298
6610,18,9443,267983,268001
6863,178,9443,1268824,1269002
8352,11,9443,268041,268052
3022,181,9444,1268841,1269022
6643,201,9444,1388097,1388298
6893,272,9444,1454684,1454956
8994,192,9444,1268942,1269134
9396,164,9444,1268974,1269138
9618,120,9444,871614,871734
1094,275,9445,1454715,1454990
4536,200,9445,1269017,1269217
7140,169,9445,1269057,1269226
7403,248,9445,1454750,1454998
8041,180,9445,1269106,1269286
8557,265,9445,1454758,1455023
5874,239,9446,1388256,1388495
7908,179,9446,1269205,1269384
9221,242,9446,1454782,1455024
2145,243,9447,1454783,1455026
5551,256,9447,1454786,1455042
9007,11,9447,268728,268739
3283,136,9448,1096862,1096998
6233,83,9448,872130,872213
7446,205,9448,1388413,1388618
8289,250,9448,1454801,1455051
2451,116,9449,872212,872328
3254,26,9449,268937,268963
8477,280,9449,1454810,1455090
3515,112,9450,872287,872399
8085,150,9450,1096996,1097146
1759,249,9451,1454848,1455097
4648,91,9451,872398,872489
3040,115,9452,872408,872523
3859,260,9452,1454856,1455116
4374,181,9452,1269538,1269719
7861,22,9452,269280,269302
8052,138,9452,1097144,1097282
8162,235,9452,1388574,1388809
8985,146,9452,1097202,1097348
3512,20,9453,269421,269441
7419,266,9453,1454875,1455141
1722,256,9454,1454900,1455156
2065,56,9454,597949,598005
3504,99,9454,872721,872820
6000,138,9454,1097306,1097444
4403,214,9455,1388686,1388900
5714,226,9455,1388700,1388926
8665,2,9455,269719,269721
2137,227,9456,1388725,1388952
3054,239,9456,1388752,1388991
5096,271,9456,1454914,1455185
5111,163,9456,1269875,1270038
5611,102,9456,873018,873120
5827,224,9456,1388831,1389055
8127,38,9456,269960,269998
8604,46,9456,598363,598409
6108,287,9457,1474095,1474382
6812,41,9457,598408,598449
9451,4,9457,270117,270121
4075,61,9458,598408,598469
6612,129,9458,1097640,1097769
6758,111,9458,873158,873269
7269,121,9458,1097649,1097770
9589,89,9458,873229,873318
1019,257,9459,1454982,1455239
3185,200,9459,1269995,1270195
4885,275,9459,1454999,1455274
9164,221,9459,1388972,1389193
3075,226,9460,1388992,1389218
4666,5,9460,270518,270523
7397,73,9460,598787,598860
8897,9,9460,270563,270572
5132,241,9461,1455032,1455273
7124,36,9461,270611,270647
1064,154,9462,1097886,1098040
4480,2,9462,270686,270688
6124,192,9462,1270192,1270384
1043,10,9463,270727,270737
4094,27,9463,270737,270764
4386,104,9463,873553,873657
4544,71,9463,598977,599048
8379,40,9463,270844,270884
9481,26,9463,270884,270910
2038,242,9464,1455030,1455272
2590,156,9464,1097998,1098154
7597,106,9464,873656,873762
1592,180,9465,1270261,1270441
6266,171,9465,1270281,1270452
7000,114,9465,873761,873875
9661,258,9465,1455031,1455289
1364,12,9466,271187,271199
7266,172,9466,1270331,1270503
7805,231,9466,1389132,1389363
1730,281,9467,1474092,1474373
9884,128,9467,1098271,1098399
2425,170,9468,1270421,1270591
3550,80,9468,599483,599563
2769,118,9469,874031,874149
3349,116,9469,874069,874185
4650,17,9469,271516,271533
5672,175,9469,1270430,1270605
6592,67,9469,599642,599709
7751,99,9469,874145,874244
2780,242,9470,1455084,1455326
3452,261,9470,1455086,1455347
6204,223,9470,1389279,1389502
6319,25,9470,271772,271797
7023,164,9470,1270564,1270728
9870,233,9470,1389302,1389535
1664,173,9471,1270607,1270780
3086,186,9471,1270620,1270806
4315,274,9471,1455106,1455380
9980,60,9471,600027,600087
3736,55,9472,600046,600101
5947,108,9472,874481,874589
6450,111,9472,874509,874620
8592,7,9472,272155,272162
9709,102,9472,874540,874642
5278,234,9473,1389372,1389606
7906,210,9473,1389406,1389616
9235,45,9473,600260,600305
9259,94,9473,874641,874735
9590,208,9473,1389416,1389624
2318,174,9474,1270803,1270977
3065,182,9474,1270817,1270999
4127,256,9474,1455137,1455393
4425,2,9474,272520,272522
6146,234,9474,1389463,1389697
6708,148,9474,1098952,1099100
6524,101,9475,874893,874994
8043,248,9475,1455152,1455400
9605,71,9475,600623,600694
2032,165,9476,1270957,1271122
4899,51,9476,600693,600744
8300,61,9476,600704,600765
9348,113,9476,874993,875106
3017,2,9478,272878,272880
3953,176,9478,1270960,1271136
4981,272,9478,1455157,1455429
6790,293,9478,1474082,1474375
7472,113,9478,875144,875257
1905,120,9479,875176,875296
4163,117,9479,875216,875333
6898,81,9479,875253,875334
3704,183,9480,1271054,1271237
3761,124,9480,1099214,1099338
3927,297,9480,1474093,1474390
6363,62,9480,601161,601223
6902,72,9480,601183,601255
8826,204,9480,1389651,1389855
9547,102,9480,875413,875515
4880,76,9481,601294,601370
8602,231,9481,1389654,1389885
2009,34,9482,273516,273550
3533,117,9482,875473,875590
3643,54,9482,601409,601463
4694,243,9482,1455265,1455508
5896,224,9482,1389724,1389948
7550,61,9482,601503,601564
9519,102,9482,875590,875692
2346,258,9483,1455267,1455525
2674,41,9483,601603,601644
3371,252,9483,1455285,1455537
4383,158,9483,1099495,1099653
5222,255,9483,1455297,1455552
8719,286,9483,1474107,1474393
4500,204,9484,1389906,1390110
6352,238,9484,1389910,1390148
1414,35,9485,274107,274142
2019,174,9485,1271512,1271686
4562,209,9485,1389947,1390156
5361,69,9486,601921,601990
6055,5,9486,274261,274266
6402,125,9486,1099770,1099895
1406,242,9487,1455348,1455590
3611,282,9487,1474109,1474391
4101,263,9487,1455390,1455653
4802,96,9487,876127,876223
5436,261,9487,1455413,1455674
7143,93,9487,876183,876276
1932,202,9488,1390113,1390315
5763,158,9488,1099973,1100131
8044,285,9488,1474110,1474395
9867,70,9488,602348,602418
9947,224,9488,1390155,1390379
5516,226,9489,1390178,1390404
5769,140,9489,1100130,1100270
8101,218,9490,1390203,1390421
9276,88,9491,876472,876560
1808,50,9492,602574,602624
2210,15,9492,274940,274955
3255,255,9492,1455469,1455724
5015,136,9492,1100227,1100363
5207,38,9492,275035,275073
5371,207,9492,1390259,1390466
6700,283,9492,1474111,1474394
7645,256,9492,1455524,1455780
8313,230,9492,1390346,1390576
8869,142,9492,1100403,1100545
5339,242,9493,1455539,1455781
6306,175,9493,1272158,1272333
7169,172,9493,1272173,1272345
8597,243,9493,1455541,1455784
2230,212,9494,1390454,1390666
4002,53,9494,603062,603115
5238,71,9494,603075,603146
5321,145,9494,1100623,1100768
5325,56,9494,603146,603202
6711,128,9494,1100648,1100776
7039,62,9494,603202,603264
9040,219,9494,1390466,1390685
3042,242,9495,1455542,1455784
8116,189,9495,1272343,1272532
9258,80,9495,603343,603423
9810,78,9495,603383,603461
1233,161,9496,1272371,1272532
2931,26,9496,275949,275975
3252,171,9496,1272372,1272543
3887,139,9496,1100854,1100993
4215,292,9496,1474110,1474402
4413,6,9496,276095,276101
4791,28,9496,276101,276129
6331,272,9496,1455583,1455855
7079,112,9496,877355,877467
7469,11,9496,276209,276220
9309,30,9496,276220,276250
9511,63,9496,603660,603723
1375,183,9497,1272462,1272645
2971,191,9497,1272485,1272676
5717,281,9497,1474121,1474402
6007,205,9497,1390642,1390847
9316,219,9497,1390647,1390866
9723,78,9497,603882,603960
4567,230,9498,1390665,1390895
5089,62,9498,603959,604021
5129,295,9498,1474121,1474416
6964,146,9498,1101231,1101377
5083,268,9499,1455692,1455960
8132,218,9499,1390774,1390992
8881,245,9499,1455720,1455965
6041,147,9500,1101375,1101522
7153,45,9500,604219,604264
2096,261,9501,1455723,1455984
2143,66,9501,604263,604329
2706,173,9501,1272872,1273045
4078,210,9501,1390870,1391080
9907,54,9501,604369,604423
3555,44,9502,604382,604426
4513,281,9502,1474132,1474413
7907,51,9502,604426,604477
1820,3,9503,277203,277206
3088,20,9503,277206,277226
5787,183,9503,1272963,1273146
7885,142,9503,1101599,1101741
8744,132,9503,1101621,1101753
8800,132,9503,1101633,1101765
4644,245,9504,1455781,1456026
5641,28,9504,277425,277453
8523,122,9504,1101684,1101806
1335,270,9505,1455785,1456055
2261,67,9505,604714,604781
5204,110,9505,878298,878408
5345,294,9505,1474130,1474424
8977,183,9505,1273104,1273287
9159,211,9505,1391036,1391247
2524,136,9506,1101844,1101980
7385,231,9506,1391046,1391277
7662,87,9506,878527,878614
9455,60,9506,605020,605080
1185,92,9507,878533,878625
2628,146,9507,1101899,1102045
6104,196,9507,1273205,1273401
1229,7,9508,278009,278016
2929,211,9508,1391075,1391286
5798,188,9508,1273280,1273468
2542,4,9509,278095,278099
4238,99,9509,878703,878802
6521,80,9509,605277,605357
7884,166,9509,1273307,1273473
8301,57,9509,605357,605414
8404,26,9509,278259,278285
8574,45,9509,605374,605419
9487,271,9509,1455851,1456122
1322,220,9510,1391124,1391344
1757,250,9510,1455881,1456131
2184,114,9510,878881,878995
7158,245,9510,1455891,1456136
9241,203,9510,1391224,1391427
8466,239,9511,1391226,1391465
8593,243,9511,1455895,1456138
8699,225,9511,1391305,1391530
9778,30,9511,278683,278713
1629,245,9512,1455897,1456142
7617,37,9512,278752,278789
9693,249,9512,1455902,1456151
2097,137,9513,1102479,1102616
6258,153,9513,1102496,1102649
7015,94,9513,879272,879366
1715,107,9514,879285,879392
3295,106,9514,879312,879418
4991,5,9514,279027,279032
1034,30,9515,279031,279061
4046,255,9515,1455908,1456163
8228,230,9515,1391446,1391676
8475,153,9515,1102607,1102760
9083,224,9515,1391476,1391700
1359,141,9516,1102679,1102820
2164,64,9516,606212,606276
2250,52,9516,606236,606288
2994,8,9516,279340,279348
3541,260,9516,1455922,1456182
9314,298,9516,1474133,1474431
9508,51,9516,606328,606379
1655,62,9517,606338,606400
2516,267,9517,1455981,1456248
4717,98,9517,879655,879753
6393,182,9517,1273945,1274127
8533,105,9517,879713,879818
9503,14,9517,279667,279681
4212,102,9518,879737,879839
8402,295,9518,1474149,1474444
8420,46,9518,606599,606645
1584,294,9519,1474163,1474457
2732,296,9519,1474177,1474473
4998,256,9519,1456126,1456382
6702,148,9519,1103017,1103165
8016,183,9519,1274125,1274308
3826,218,9520,1391775,1391993
3837,201,9520,1391793,1391994
6225,87,9520,880077,880164
6663,159,9520,1103164,1103323
8495,12,9520,280158,280170
1468,171,9521,1274226,1274397
1684,56,9521,607002,607058
6063,95,9521,880163,880258
9969,232,9521,1391793,1392025
1641,256,9522,1456139,1456395
2378,29,9522,280368,280397
4563,218,9522,1391864,1392082
5243,137,9522,1103361,1103498
7063,188,9522,1274356,1274544
7901,290,9522,1474190,1474480
9770,72,9522,607297,607369
1135,176,9523,1274423,1274599
3135,34,9523,280636,280670
3783,194,9523,1274439,1274633
4531,134,9523,1103537,1103671
8430,39,9523,280750,280789
9512,68,9523,607448,607516
1800,147,9524,1103550,1103697
3623,53,9524,607515,607568
5443,251,9524,1456193,1456444
8222,134,9524,1103617,1103751
9509,31,9524,280988,281019
9510,206,9524,1391960,1392166
1632,147,9525,1103670,1103817
2461,288,9525,1474197,1474485
3194,125,9525,1103737,1103862
6950,45,9525,607767,607812
4090,131,9526,1103741,1103872
1328,10,9527,281256,281266
1502,274,9527,1456241,1456515
4345,292,9527,1474203,1474495
4558,63,9527,607890,607953
7295,269,9527,1456315,1456584
9803,237,9527,1392123,1392360
1045,124,9528,1103910,1104034
1153,253,9528,1456343,1456596
1970,300,9528,1474214,1474514
5695,71,9528,608112,608183
5765,233,9528,1392239,1392472
7309,173,9528,1274868,1275041
9085,37,9528,281705,281742
2081,265,9529,1456395,1456660
2996,219,9529,1392311,1392530
3800,180,9529,1274960,1275140
4362,64,9529,608342,608406
5144,199,9529,1274980,1275179
5267,111,9529,881370,881481
5429,23,9529,281981,282004
5916,98,9529,881401,881499
1444,75,9530,608485,608560
3692,185,9530,1275018,1275203
5348,282,9530,1474232,1474514
2457,240,9531,1392368,1392608
2751,257,9531,1456458,1456715
4018,284,9531,1474233,1474517
6090,297,9531,1474237,1474534
6940,206,9531,1392528,1392734
6986,211,9531,1392534,1392745
8194,168,9531,1275322,1275490
4457,186,9532,1275329,1275515
6097,29,9532,282481,282510
6505,192,9533,1275354,1275546
8108,148,9533,1104669,1104817
4781,273,9534,1456552,1456825
7762,194,9534,1275425,1275619
9405,158,9534,1104776,1104934
9464,9,9534,282708,282717
2614,293,9535,1474250,1474543
2759,70,9535,609155,609225
3697,293,9535,1474263,1474556
4551,292,9535,1474276,1474568
5334,37,9535,282876,282913
8030,282,9535,1474288,1474570
1316,48,9536,609304,609352
2491,43,9536,609312,609355
6321,287,9536,1474289,1474576
8157,29,9536,283072,283101
9286,178,9536,1275657,1275835
8202,104,9537,882251,882355
9734,29,9537,283180,283209
1458,237,9538,1392778,1393015
3012,240,9538,1392815,1393055
3134,31,9538,283288,283319
5681,3,9538,283319,283322
8224,276,9538,1456781,1457057
8384,224,9538,1392895,1393119
3276,104,9539,882433,882537
3977,278,9539,1456816,1457094
6486,60,9539,609672,609732
7113,178,9539,1275872,1276050
9324,121,9539,1105289,1105410
9887,262,9539,1456854,1457116
4201,120,9540,882616,882736
7320,181,9540,1275929,1276110
8270,256,9540,1456875,1457131
1651,228,9541,1393036,1393264
5904,260,9541,1456890,1457150
6221,204,9541,1393104,1393308
9387,194,9541,1276109,1276303
9408,4,9541,283919,283923
9453,230,9541,1393108,1393338
4001,94,9542,882934,883028
6058,138,9542,1105607,1105745
7889,103,9542,882988,883091
8773,154,9542,1105625,1105779
8822,102,9542,883051,883153
1010,23,9543,284161,284184
1119,93,9543,883072,883165
2398,211,9543,1393136,1393347
4462,211,9543,1393147,1393358
5503,199,9543,1276261,1276460
6377,186,9543,1276300,1276486
7362,231,9543,1393158,1393389
8009,287,9543,1474289,1474576
8039,152,9543,1105898,1106050
9353,80,9543,610648,610728
3560,218,9544,1393228,1393446
4873,27,9544,284583,284610
6448,227,9544,1393246,1393473
8031,177,9544,1276485,1276662
8704,211,9544,1393273,1393484
4418,122,9545,1106088,1106210
4794,178,9546,1276540,1276718
6054,99,9546,883602,883701
8063,138,9546,1106129,1106267
9753,205,9546,1393282,1393487
3244,138,9547,1106186,1106324
4716,79,9547,611084,611163
7539,288,9547,1474292,1474580
3332,13,9548,285046,285059
3476,135,9548,1106243,1106378
6327,221,9548,1393325,1393546
9077,202,9548,1393346,1393548
4857,268,9549,1456982,1457250
5484,201,9549,1393387,1393588
6830,103,9549,883978,884081
7174,14,9549,285298,285312
1381,118,9550,884000,884118
1644,106,9550,884038,884144
1838,54,9550,611480,611534
5357,95,9550,884064,884159
5692,196,9550,1276794,1276990
5887,193,9550,1276830,1277023
6751,81,9550,884159,884240
8284,159,9550,1106496,1106655
9816,70,9550,611694,611764
2551,94,9551,884199,884293
4226,280,9551,1457008,1457288
6302,47,9551,611803,611850
6417,193,9551,1276902,1277095
1976,208,9552,1393425,1393633
4491,72,9552,611889,611961
4600,210,9552,1393433,1393643
8939,150,9552,1106693,1106843
5084,6,9553,285988,285994
8147,282,9553,1474294,1474576
8646,70,9553,612040,612110
1093,95,9554,884450,884545
2740,3,9554,286113,286116
3446,91,9554,884465,884556
8941,188,9554,1277052,1277240
1076,161,9555,1277079,1277240
1224,215,9555,1393480,1393695
1663,12,9555,286275,286287
3954,206,9555,1393495,1393701
4320,177,9555,1277160,1277337
5557,157,9555,1106960,1107117
6478,24,9555,286407,286431
1818,204,9556,1393500,1393704
2069,179,9556,1277216,1277395
2723,84,9556,884794,884878
6182,14,9556,286550,286564
6388,260,9556,1457083,1457343
7133,154,9556,1107116,1107270
9923,127,9556,1107150,1107277
1008,87,9557,884917,885004
5683,245,9557,1457102,1457347
5968,51,9557,612706,612757
7640,189,9557,1277314,1277503
9540,91,9557,885004,885095
9564,260,9557,1457107,1457367
1198,272,9558,1457126,1457398
2447,258,9558,1457158,1457416
4040,159,9558,1107355,1107514
4837,202,9558,1393702,1393904
3367,158,9559,1107433,1107591
4855,220,9559,1393703,1393923
5127,244,9559,1457175,1457419
2253,102,9560,885332,885434
3462,231,9560,1393762,1393993
4371,125,9560,1107590,1107715
4571,145,9560,1107595,1107740
6383,146,9560,1107620,1107766
4286,151,9561,1107645,1107796
9996,292,9561,1474288,1474580
7561,196,9562,1277658,1277854
9097,67,9562,613432,613499
5962,181,9563,1277693,1277874
6554,32,9563,287597,287629
7730,56,9563,613498,613554
8096,205,9563,1393830,1394035
9932,180,9563,1277754,1277934
2766,93,9564,885750,885843
4635,143,9564,1107873,1108016
8243,250,9564,1457214,1457464
1456,121,9565,1107935,1108056
2747,35,9565,287907,287942
2893,122,9565,1107936,1108058
3444,110,9565,885922,886032
4419,203,9565,1393873,1394076
5170,75,9565,613872,613947
8833,2,9565,288102,288104
3213,16,9566,288103,288119
5640,5,9566,288119,288124
5994,244,9566,1457222,1457466
8983,31,9566,288164,288195
9741,35,9566,288195,288230
2108,38,9567,288229,288267
5023,291,9567,1474294,1474585
6003,123,9567,1108056,1108179
7392,235,9567,1393954,1394189
8135,264,9567,1457265,1457529
9175,218,9567,1394029,1394247
2503,181,9568,1278049,1278230
4180,89,9568,886269,886358
5007,248,9568,1457288,1457536
5319,12,9568,288586,288598
5957,266,9568,1457296,1457562
6828,291,9568,1474304,1474595
8516,42,9568,614344,614386
5062,62,9569,614345,614407
6684,49,9569,614367,614416
7062,109,9569,886397,886506
8400,141,9569,1108337,1108478
8510,150,9569,1108358,1108508
1543,159,9570,1108387,1108546
9506,230,9570,1394164,1394394
2639,190,9571,1278227,1278417
3824,286,9571,1474312,1474598
6482,183,9571,1278297,1278480
7328,105,9571,886704,886809
7436,280,9571,1457399,1457679
3492,38,9572,289194,289232
4514,253,9572,1457438,1457691
9873,207,9572,1394312,1394519
1580,200,9573,1278438,1278638
3722,48,9573,614892,614940
6071,128,9573,1108743,1108871
8338,94,9573,886927,887021
3171,14,9574,289470,289484
5430,64,9574,614979,615043
6455,166,9574,1278477,1278643
8504,108,9574,886980,887088
9935,45,9574,615083,615128
1601,29,9575,289643,289672
4447,39,9575,289672,289711
6216,109,9575,887007,887116
6818,223,9575,1394316,1394539
7444,136,9575,1108829,1108965
1242,240,9576,1394338,1394578
4735,113,9576,887155,887268
5700,93,9576,887188,887281
5971,274,9576,1457447,1457721
6372,66,9576,615366,615432
7691,15,9576,290030,290045
8924,272,9576,1457481,1457753
9906,206,9576,1394458,1394664
2523,264,9577,1457512,1457776
2876,33,9577,290164,290197
5244,153,9577,1109043,1109196
5253,192,9577,1278720,1278912
5604,122,9577,1109116,1109238
5972,23,9577,290317,290340
6212,138,9577,1109118,1109256
1448,273,9578,1457535,1457808
2406,18,9578,290419,290437
4185,61,9578,615710,615771
7156,283,9578,1474311,1474594
1963,286,9579,1474313,1474599
4062,2,9579,290556,290558
4451,266,9579,1457647,1457913
7037,172,9579,1278910,1279082
7880,252,9579,1457673,1457925
1822,11,9580,290677,290688
3031,204,9580,1394700,1394904
8274,131,9581,1109412,1109543
8958,45,9581,616008,616053
2323,144,9582,1109422,1109566
2641,181,9582,1278999,1279180
3543,174,9582,1279020,1279194
6901,53,9582,616132,616185
8312,126,9582,1109526,1109652
1159,259,9583,1457681,1457940
4272,56,9583,616224,616280
7022,137,9583,1109571,1109708
9250,156,9583,1109588,1109744
1810,49,9584,616319,616368
2338,294,9584,1474314,1474608
3386,168,9584,1279112,1279280
3756,19,9584,291284,291303
4381,173,9584,1279120,1279293
6165,164,9584,1279133,1279297
7449,141,9584,1109783,1109924
3107,257,9585,1457738,1457995
4469,179,9585,1279176,1279355
4780,164,9585,1279195,1279359
1337,163,9586,1279198,1279361
2094,289,9586,1474326,1474615
5951,232,9586,1394858,1395090
7081,143,9586,1110042,1110185
7657,54,9586,616806,616860
9004,65,9586,616820,616885
9859,66,9586,616845,616911
3431,282,9587,1474334,1474616
4561,289,9587,1474336,1474625
7813,67,9587,616950,617017
8368,191,9587,1279360,1279551
8912,239,9587,1394969,1395208
1849,98,9588,888749,888847
2936,71,9588,617096,617167
4790,89,9589,888766,888855
4800,221,9589,1395006,1395227
5025,207,9589,1395027,1395234
8458,160,9589,1110302,1110462
1772,189,9590,1279508,1279697
2315,268,9590,1457870,1458138
3009,109,9590,888974,889083
3296,300,9590,1474342,1474642
3544,267,9590,1457938,1458205
4225,108,9590,889083,889191
4251,265,9590,1457965,1458230
4587,297,9590,1474362,1474659
6652,63,9590,617605,617668
1773,188,9591,1279736,1279924
3742,163,9591,1279764,1279927
4557,271,9591,1458029,1458300
5684,47,9591,617747,617794
9728,1,9591,292776,292777
1841,141,9592,1110699,1110840
2807,28,9592,292816,292844
4084,40,9592,292844,292884
4405,195,9592,1279806,1280001
6706,41,9592,617833,617874
7210,66,9592,617834,617900
9920,274,9592,1458059,1458333
2074,227,9593,1395310,1395537
5627,76,9593,617939,618015
6892,219,9593,1395337,1395556
8040,150,9593,1110879,1111029
8064,205,9593,1395356,1395561
1538,220,9594,1395360,1395580
2975,270,9594,1458091,1458361
4196,138,9594,1111028,1111166
4994,30,9594,293362,293392
8092,33,9594,293392,293425
3168,148,9595,1111045,1111193
5961,239,9595,1395419,1395658
8295,133,9595,1111113,1111246
1023,115,9596,889825,889940
1491,123,9596,1111125,1111248
1741,89,9596,889900,889989
2560,241,9596,1458119,1458360
3918,227,9596,1395497,1395724
4951,74,9596,618532,618606
7532,61,9596,618566,618627
4952,243,9597,1458119,1458362
9237,257,9597,1458122,1458379
9558,25,9597,293902,293927
9591,12,9597,293927,293939
1235,125,9598,1111286,1111411
2193,26,9598,293978,294004
5051,152,9598,1111291,1111443
5230,26,9598,294044,294070
5438,169,9598,1280275,1280444
5652,140,9598,1111363,1111503
2331,200,9599,1280283,1280483
2622,143,9599,1111422,1111565
2983,218,9599,1395601,1395819
3337,18,9599,294269,294287
4859,214,9599,1395619,1395833
5764,145,9599,1111525,1111670
6509,295,9599,1474370,1474665
1847,125,9600,1111589,1111714
3785,293,9600,1474384,1474677
1834,83,9601,890544,890627
5247,186,9601,1280481,1280667
7308,85,9601,890587,890672
7835,48,9601,619262,619310
8662,22,9601,294645,294667
9312,2,9601,294667,294669
3316,75,9602,619269,619344
7365,173,9602,1280506,1280679
1113,184,9603,1280518,1280702
3739,135,9603,1111751,1111886
5080,166,9603,1280542,1280708
7925,195,9603,1280548,1280743
9729,239,9603,1395709,1395948
3078,55,9604,619542,619597
4643,211,9604,1395747,1395958
7452,155,9604,1111925,1112080
8077,270,9604,1458212,1458482
8784,153,9604,1112000,1112153
8850,237,9604,1395798,1396035
2637,31,9605,295185,295216
3123,287,9605,1474392,1474679
2883,40,9606,295255,295295
6651,122,9606,1112111,1112233
8615,80,9606,619835,619915
2490,119,9607,891106,891225
3149,255,9607,1458279,1458534
4919,116,9607,891185,891301
7547,206,9607,1395912,1396118
9361,98,9607,891261,891359
9376,15,9607,295574,295589
3552,262,9608,1458293,1458555
8889,292,9608,1474396,1474688
3268,77,9609,620152,620229
3931,216,9609,1395996,1396212
7559,38,9609,295747,295785
9021,172,9609,1280977,1281149
2270,36,9610,295824,295860
3163,10,9610,295860,295870
4845,167,9610,1280988,1281155
8877,130,9610,1112389,1112519
2100,164,9611,1280994,1281158
3441,119,9611,891555,891674
4295,251,9611,1458352,1458603
5022,231,9611,1396050,1396281
6129,189,9611,1281078,1281267
8998,246,9611,1458363,1458609
1985,88,9612,891753,891841
4421,299,9612,1474404,1474703
9102,102,9612,891801,891903
1466,140,9613,1112636,1112776
7386,78,9613,620745,620823
9730,179,9613,1281185,1281364
9899,274,9613,1458407,1458681
2689,142,9614,1112735,1112877
4341,100,9614,891981,892081
6355,110,9614,892001,892111
8048,156,9614,1112757,1112913
8286,8,9614,296626,296634
8916,154,9614,1112793,1112947
9234,175,9614,1281243,1281418
9930,264,9614,1458440,1458704
4110,228,9615,1396237,1396465
7468,232,9615,1396265,1396497
9093,150,9615,1112986,1113136
9197,212,9615,1396297,1396509
4108,199,9616,1281416,1281615
5181,123,9616,1113095,1113218
8444,147,9616,1113098,1113245
8867,122,9616,1113125,1113247
9238,121,9616,1113127,1113248
9572,282,9616,1474419,1474701
1946,81,9617,892588,892669
2101,288,9617,1474420,1474708
2635,46,9617,621619,621665
3320,37,9617,297271,297308
3755,258,9617,1458541,1458799
5701,116,9617,892669,892785
6271,78,9617,621705,621783
8363,237,9617,1396427,1396664
2836,17,9619,297466,297483
3491,218,9619,1396462,1396680
3828,110,9619,892783,892893
3587,226,9620,1396479,1396705
6066,225,9620,1396505,1396730
8636,15,9620,297642,297657
9031,162,9620,1281731,1281893
1253,154,9621,1113443,1113597
3292,206,9621,1396529,1396735
7334,31,9621,297776,297807
3351,186,9622,1281771,1281957
5713,234,9622,1396534,1396768
5894,268,9622,1458554,1458822
6889,81,9622,893130,893211
8190,265,9622,1458582,1458847
8607,112,9622,893171,893283
1879,106,9623,893202,893308
5076,297,9623,1474422,1474719
7875,89,9623,893268,893357
1671,48,9624,622416,622464
4789,247,9624,1458645,1458892
5830,212,9624,1396726,1396938
7606,41,9624,622504,622545
7709,169,9624,1282035,1282204
9343,282,9624,1474438,1474720
5882,232,9625,1396777,1397009
6166,78,9625,622624,622702
7086,9,9625,298483,298492
7430,264,9625,1458691,1458955
8073,161,9625,1282163,1282324
4928,161,9626,1282163,1282324
7932,149,9626,1114032,1114181
9174,152,9626,1114061,1114213
7234,44,9627,622860,622904
8126,42,9627,622864,622906
2851,20,9628,298769,298789
5490,272,9628,1458712,1458984
6439,223,9628,1396886,1397109
7329,298,9628,1474436,1474734
7754,106,9628,893792,893898
3119,279,9629,1458783,1459062
5226,168,9629,1282321,1282489
9260,4,9629,299028,299032
1060,61,9630,623103,623164
4494,84,9630,893896,893980
6023,289,9630,1474452,1474741
8853,246,9630,1458861,1459107
8899,109,9630,893980,894089
1472,53,9631,623283,623336
2040,24,9631,299270,299294
3961,244,9631,1458866,1459110
5223,268,9631,1458870,1459138
5809,173,9631,1282487,1282660
3840,152,9632,1114487,1114639
5472,167,9632,1282499,1282666
9204,45,9632,623495,623540
3869,58,9633,623499,623557
6094,91,9633,894206,894297
6815,159,9633,1114558,1114717
7494,254,9633,1458896,1459150
7634,263,9633,1458910,1459173
9624,170,9633,1282585,1282755
4003,266,9634,1458932,1459198
7466,195,9634,1282634,1282829
7858,31,9634,299851,299882
9532,260,9634,1458958,1459218
3170,55,9635,623835,623890
4626,35,9635,299961,299996
1467,223,9636,1397301,1397524
4161,47,9636,623889,623936
4404,5,9636,300075,300080
4924,110,9636,894534,894644
6813,52,9636,623936,623988
7635,266,9636,1458976,1459242
7837,230,9636,1397364,1397594
1668,69,9637,624027,624096
4088,36,9637,300279,300315
4439,178,9637,1282826,1283004
5391,129,9637,1114993,1115122
9111,37,9637,300395,300432
5120,255,9638,1459000,1459255
6458,82,9638,894762,894844
7680,175,9638,1282883,1283058
1283,212,9639,1397431,1397643
1309,148,9639,1115120,1115268
2949,38,9639,300630,300668
3888,295,9639,1474452,1474747
4416,222,9639,1397483,1397705
4914,184,9639,1283017,1283201
5031,46,9639,624454,624500
5354,107,9639,895003,895110
1088,136,9640,1115267,1115403
2544,160,9640,1115283,1115443
4282,102,9640,895109,895211
4580,294,9640,1474466,1474760
4943,70,9640,624659,624729
5963,115,9640,895171,895286
9787,167,9640,1283080,1283247
1638,201,9641,1397543,1397744
5658,157,9641,1115442,1115599
7127,121,9641,1115479,1115600
8507,290,9641,1474479,1474769
6008,208,9642,1397583,1397791
7324,228,9642,1397591,1397819
9400,261,9642,1459131,1459392
9851,176,9642,1283285,1283461
2600,143,9643,1115678,1115821
2891,191,9643,1283300,1283491
6089,211,9643,1397658,1397869
8688,29,9643,301584,301613
5815,267,9644,1459150,1459417
6201,239,9644,1397708,1397947
5659,31,9645,301691,301722
6970,99,9645,895761,895860
7920,224,9645,1397746,1397970
8268,289,9645,1474485,1474774
2867,254,9646,1459215,1459469
8168,49,9646,625443,625492
9000,175,9646,1283568,1283743
1495,130,9647,1116017,1116147
4489,101,9647,895978,896079
6757,262,9647,1459228,1459490
6943,171,9647,1283622,1283793
7332,224,9647,1397888,1398112
2006,258,9648,1459249,1459507
7503,229,9648,1397951,1398180
8169,176,9648,1283752,1283928
9331,73,9648,625810,625883
1548,244,9649,1459266,1459510
1654,229,9649,1398019,1398248
1801,265,9649,1459270,1459535
3177,192,9649,1283887,1284079
3228,171,9649,1283919,1284090
3502,152,9649,1116465,1116617
5203,58,9649,626082,626140
7413,128,9649,1116497,1116625
8151,98,9649,896517,896615
4444,211,9650,1398087,1398298
8074,119,9650,896574,896693
9525,300,9650,1474489,1474789
9879,299,9650,1474509,1474808
2091,41,9651,626338,626379
5460,278,9651,1459373,1459651
5956,35,9651,302916,302951
6337,258,9651,1459411,1459669
6998,197,9651,1284128,1284325
8287,300,9651,1474527,1474827
3231,119,9652,896851,896970
4369,56,9652,626538,626594
5755,114,9652,896890,897004
6408,101,9652,896924,897025
7036,202,9652,1398296,1398498
7758,257,9652,1459468,1459725
1656,72,9653,626713,626785
4938,173,9653,1284283,1284456
5932,278,9653,1459484,1459762
6588,247,9653,1459522,1459769
6660,228,9653,1398417,1398645
6752,289,9653,1474545,1474834
8572,252,9653,1459569,1459821
9385,90,9653,897264,897354
9834,9,9653,303629,303638
4992,137,9654,1117100,1117237
5931,85,9654,897313,897398
2238,277,9655,1459579,1459856
8265,14,9655,303756,303770
8511,194,9655,1284534,1284728
3721,147,9656,1117195,1117342
6928,275,9656,1459615,1459890
7525,263,9656,1459650,1459913
8264,105,9656,897516,897621
1804,42,9657,627341,627383
7298,193,9657,1284646,1284839
7600,281,9657,1474550,1474831
7787,159,9657,1117381,1117540
8131,215,9657,1398681,1398896
8351,270,9657,1459712,1459982
8530,288,9657,1474551,1474839
8778,190,9657,1284839,1285029
8788,225,9657,1398776,1399001
9070,4,9657,304328,304332
1949,273,9658,1459781,1460054
4542,250,9658,1459814,1460064
4559,282,9658,1474558,1474840
7422,164,9658,1285028,1285192
7651,23,9658,304491,304514
8598,107,9658,898019,898126
8628,276,9658,1459864,1460140
1676,20,9659,304593,304613
4291,25,9659,304613,304638
5482,6,9659,304638,304644
5922,102,9659,898085,898187
4690,279,9660,1459898,1460177
5287,242,9660,1459937,1460179
7116,266,9660,1459939,1460205
4921,228,9661,1399077,1399305
6923,142,9661,1117976,1118118
6960,231,9661,1399105,1399336
9498,295,9661,1474557,1474852
3192,255,9662,1460003,1460258
4033,104,9662,898424,898528
5822,141,9662,1118117,1118258
1101,54,9663,628337,628391
2155,134,9663,1118137,1118271
4189,1,9663,305160,305161
5541,277,9663,1460017,1460294
6640,48,9663,628431,628479
7084,293,9663,1474570,1474863
9749,191,9663,1285427,1285618
1030,32,9664,305320,305352
2124,221,9664,1399293,1399514
4805,106,9664,898686,898792
8255,283,9664,1474582,1474865
8457,163,9664,1285537,1285700
8911,164,9664,1285540,1285704
1533,87,9665,898831,898918
4606,206,9665,1399353,1399559
6932,182,9665,1285583,1285765
7427,101,9665,898918,899019
2123,131,9666,1118508,1118639
2582,90,9666,898978,899068
2728,4,9666,305790,305794
6195,160,9666,1118519,1118679
6207,96,9666,899028,899124
7522,4,9666,305874,305878
8733,94,9666,899044,899138
5664,16,9667,305917,305933
9662,204,9667,1399357,1399561
2296,142,9668,1118597,1118739
3635,124,9668,1118619,1118743
3784,100,9668,899176,899276
6582,300,9668,1474581,1474881
8195,156,9668,1118663,1118819
8909,87,9668,899276,899363
3059,221,9669,1399399,1399620
6658,279,9669,1460168,1460447
6745,4,9669,306291,306295
7942,26,9669,306295,306321
2870,151,9670,1118777,1118928
3827,74,9670,629472,629546
2033,45,9671,629505,629550
5560,84,9671,899400,899484
5958,235,9671,1399458,1399693
6125,193,9671,1285799,1285992
1223,217,9672,1399492,1399709
1954,123,9672,1118926,1119049
6816,224,9672,1399509,1399733
7745,103,9672,899603,899706
7752,202,9672,1399533,1399735
1103,168,9673,1285950,1286118
4882,168,9673,1285958,1286126
7812,70,9673,629908,629978
7853,150,9673,1119088,1119238
1293,232,9674,1399533,1399765
1565,60,9674,630017,630077
3153,207,9674,1399565,1399772
4293,57,9674,630077,630134
6457,101,9674,899864,899965
8059,85,9674,899885,899970
1476,204,9675,1399571,1399775
6449,269,9675,1460201,1460470
7738,234,9675,1399615,1399849
1590,68,9676,630292,630360
1719,88,9676,900008,900096
6232,209,9676,1399648,1399857
6938,87,9676,900056,900143
9351,9,9676,307434,307443
9366,217,9676,1399657,1399874
1522,102,9677,900102,900204
3103,60,9677,630519,630579
3897,137,9677,1119394,1119531
4053,160,9677,1119411,1119571
2995,217,9678,1399672,1399889
4109,154,9678,1119490,1119644
4134,25,9678,307721,307746
7693,50,9678,630698,630748
9804,209,9678,1399689,1399898
1951,206,9679,1399697,1399903
2012,25,9679,307865,307890
4759,295,9679,1474590,1474885
7211,260,9679,1460266,1460526
9390,33,9679,307970,308003
4698,247,9680,1460285,1460532
8049,156,9680,1119722,1119878
4983,17,9681,308081,308098
6247,254,9681,1460291,1460545
6859,193,9681,1286518,1286711
1001,204,9682,1399860,1400064
1410,240,9682,1399864,1400104
3013,70,9682,631104,631174
6121,122,9682,1119916,1120038
6345,181,9682,1286630,1286811
8843,58,9682,631214,631272
9080,50,9682,631232,631282
5427,221,9683,1399903,1400124
5464,72,9683,631281,631353
7134,224,9683,1399924,1400148
8037,204,9683,1399948,1400152
8769,267,9683,1460303,1460570
9524,200,9683,1286810,1287010
9763,2,9683,308696,308698
1723,36,9684,308697,308733
2710,117,9684,900957,901074
2770,219,9684,1399991,1400210
3114,4,9684,308813,308817
9147,190,9684,1286889,1287079
9914,108,9684,901074,901182
3819,285,9685,1474599,1474884
1038,227,9686,1400048,1400275
1672,192,9686,1286997,1287189
1953,110,9686,901220,901330
3033,97,9686,901250,901347
5888,18,9686,309095,309113
6362,129,9686,1120354,1120483
9091,196,9686,1287029,1287225
2272,53,9687,631909,631962
2356,132,9687,1120402,1120534
2477,258,9687,1460366,1460624
2811,226,9687,1400114,1400340
2960,249,9687,1460384,1460633
3052,24,9687,309392,309416
3640,194,9687,1287184,1287378
4098,6,9687,309456,309462
8491,124,9687,1120574,1120698
8846,83,9687,901586,901669
9989,186,9687,1287218,1287404
8001,98,9688,901628,901726
2701,207,9689,1400178,1400385
3969,100,9689,901685,901785
4638,81,9689,901705,901786
7956,182,9689,1287282,1287464
4838,284,9690,1474599,1474883
6670,139,9690,1120735,1120874
6826,120,9690,901825,901945
8056,143,9690,1120754,1120897
5428,180,9691,1287342,1287522
5435,50,9691,632638,632688
6556,169,9691,1287362,1287531
8676,180,9691,1287371,1287551
5476,4,9692,310097,310101
5595,170,9692,1287390,1287560
2188,47,9693,632766,632813
3686,90,9693,902062,902152
5404,288,9693,1474600,1474888
7423,171,9693,1287439,1287610
9416,119,9693,902152,902271
9494,261,9693,1460467,1460728
2838,70,9694,632972,633042
4888,242,9694,1460487,1460729
7947,35,9694,310459,310494
2414,4,9695,310493,310497
3030,71,9695,633041,633112
6835,45,9695,633072,633117
7768,150,9695,1121092,1121242
7923,116,9695,902309,902425
8435,189,9695,1287528,1287717
8619,121,9695,1121162,1121283
9344,100,9695,902425,902525
2497,280,9696,1460487,1460767
7685,32,9696,310816,310848
1216,17,9697,310847,310864
5768,138,9697,1121201,1121339
9775,175,9697,1287595,1287770
1454,279,9698,1460525,1460804
3359,87,9698,902602,902689
7650,70,9698,633474,633544
3948,135,9699,1121297,1121432
4434,159,9699,1121312,1121471
6895,275,9699,1460563,1460838
7489,300,9699,1474602,1474902
1461,299,9700,1474621,1474920
4221,223,9700,1400534,1400757
4668,56,9700,633742,633798
7052,157,9700,1121510,1121667
2276,167,9701,1287806,1287973
7054,160,9701,1121586,1121746
7859,11,9701,311460,311471
9072,269,9701,1460676,1460945
9378,64,9701,633917,633981
1085,95,9702,903005,903100
1828,200,9702,1287852,1288052
3461,27,9702,311630,311657
7356,290,9702,1474638,1474928
9030,149,9702,1121745,1121894
1044,150,9703,1121773,1121923
1845,53,9703,634139,634192
6896,40,9703,311816,311856
2054,148,9704,1121802,1121950
4847,137,9704,1121830,1121967
8335,102,9704,903258,903360
8378,242,9704,1460742,1460984
8870,98,9704,903320,903418
9411,255,9704,1460744,1460999
1760,212,9705,1400712,1400924
3857,74,9705,634430,634504
7890,275,9705,1460758,1461033
8377,166,9705,1288089,1288255
8712,120,9705,903497,903617
2756,37,9706,312293,312330
4941,209,9706,1400763,1400972
7542,123,9706,1122085,1122208
8337,222,9706,1400772,1400994
8684,31,9706,312450,312481
2113,226,9707,1400793,1401019
2612,100,9707,903695,903795
7432,151,9707,1122167,1122318
9718,227,9707,1400819,1401046
1005,166,9708,1288252,1288418
1331,186,9708,1288258,1288444
4599,284,9708,1474642,1474926
4944,79,9708,634981,635060
7596,4,9708,312799,312803
8456,159,9708,1122357,1122516
4080,190,9709,1288323,1288513
4415,297,9709,1474645,1474942
5131,13,9709,312922,312935
2267,282,9710,1474661,1474943
3517,214,9710,1400963,1401177
3872,258,9710,1460908,1461166
4006,240,9710,1401017,1401257
7009,59,9710,635298,635357
8535,178,9710,1288552,1288730
9486,106,9710,904232,904338
1827,300,9711,1474662,1474962
4081,224,9711,1401096,1401320
6506,122,9711,1122753,1122875
7119,206,9711,1401120,1401326
7187,23,9711,313373,313396
8992,265,9711,1460965,1461230
3409,106,9712,904456,904562
5650,152,9712,1122834,1122986
7218,22,9712,313515,313537
7673,135,9712,1122866,1123001
8528,289,9712,1474681,1474970
4044,47,9713,635754,635801
1374,204,9714,1401203,1401407
4089,11,9714,313695,313706
4166,221,9714,1401207,1401428
4778,212,9714,1401228,1401440
5924,95,9714,904720,904815
8630,203,9714,1401240,1401443
9206,49,9714,635960,636009
9675,209,9714,1401243,1401452
2510,211,9715,1401251,1401462
6857,174,9715,1289005,1289179
7357,63,9715,636088,636151
7688,49,9715,636111,636160
7798,11,9715,314105,314116
9279,1,9715,314116,314117
9342,138,9715,1123198,1123336
1866,15,9716,314156,314171
3188,285,9716,1474686,1474971
5784,267,9716,1461065,1461332
6667,230,9716,1401341,1401571
7781,45,9716,636279,636324
1721,116,9717,905052,905168
2142,1,9717,314370,314371
4454,21,9717,314371,314392
4564,129,9717,1123334,1123463
6087,2,9717,314432,314434
8164,151,9717,1123343,1123494
3554,196,9718,1289136,1289332
4848,164,9718,1289172,1289336
5629,57,9718,636482,636539
9903,8,9718,314593,314601
1112,215,9719,1401368,1401583
2023,132,9719,1123492,1123624
3343,207,9719,1401383,1401590
6160,136,9719,1123544,1123680
6220,2,9719,314760,314762
7104,24,9719,314762,314786
8772,223,9719,1401390,1401613
3539,74,9720,636697,636771
5000,255,9720,1461088,1461343
2237,212,9721,1401451,1401663
3471,156,9721,1123678,1123834
5116,24,9721,314984,315008
8525,230,9721,1401463,1401693
8756,236,9721,1401493,1401729
2268,106,9722,905643,905749
3615,126,9722,1123793,1123919
4875,46,9722,637009,637055
6277,106,9722,905709,905815
6913,279,9722,1461101,1461380
7891,259,9722,1461140,1461399
8142,144,9722,1123879,1124023
9587,268,9722,1461159,1461427
4232,238,9723,1401647,1401885
6016,23,9723,315446,315469
6153,106,9723,905934,906040
6820,9,9723,315509,315518
7706,252,9723,1461186,1461438
7830,140,9723,1124022,1124162
1220,274,9724,1461197,1461471
3410,286,9724,1474683,1474969
4230,139,9724,1124121,1124260
4824,37,9724,315717,315754
4903,93,9724,906159,906252
7287,262,9724,1461271,1461533
5011,242,9725,1461292,1461534
6026,123,9725,1124219,1124342
6625,275,9725,1461294,1461569
6787,176,9725,1289849,1290025
2127,149,9726,1124301,1124450
8645,103,9726,906410,906513
2897,187,9727,1289863,1290050
7393,287,9727,1474686,1474973
7516,232,9727,1401961,1402193
9149,190,9727,1289970,1290160
1132,2,9728,316230,316232
1354,112,9728,906591,906703
2752,120,9728,906623,906743
5039,292,9728,1474692,1474984
1561,272,9729,1461405,1461677
4869,289,9729,1474703,1474992
6490,131,9729,1124607,1124738
7021,266,9729,1461477,1461743
7313,78,9729,638248,638326
7721,149,9729,1124658,1124807
1098,202,9730,1402150,1402352
1576,66,9730,638365,638431
4377,88,9730,906941,907029
5140,52,9730,638431,638483
6056,21,9730,316750,316771
9160,244,9730,1461502,1461746
6501,205,9731,1402191,1402396
7609,96,9731,907028,907124
8812,203,9731,1402196,1402399
9379,12,9731,316930,316942
1669,26,9732,316941,316967
1725,20,9732,316967,316987
2042,255,9732,1461504,1461759
6546,193,9732,1290355,1290548
7163,108,9732,907163,907271
9458,278,9732,1461519,1461797
4317,299,9733,1474708,1475007
5250,221,9733,1402317,1402538
1136,284,9734,1474726,1475010
3286,237,9734,1402377,1402614
4422,252,9734,1461635,1461887
5146,64,9734,638959,639023
5252,266,9734,1461647,1461913
7750,221,9734,1402494,1402715
8545,2,9734,317465,317467
2297,248,9735,1461672,1461920
7499,277,9735,1461680,1461957
8066,118,9735,907588,907706
9384,20,9735,317586,317606
1042,203,9736,1402593,1402796
1521,105,9736,907665,907770
2509,288,9736,1474728,1475016
3782,122,9736,1125400,1125522
5192,69,9736,639341,639410
6029,272,9736,1461756,1462028
6576,45,9736,639410,639455
4651,28,9737,317884,317912
9232,200,9737,1290903,1291103
1455,35,9738,317951,317986
2725,97,9738,907848,907945
4103,183,9738,1290942,1291125
4750,229,9738,1402674,1402903
4922,240,9738,1402703,1402943
9699,84,9738,907985,908069
5248,109,9739,907988,908097
6081,192,9739,1291044,1291236
6200,66,9739,639732,639798
8242,157,9739,1125639,1125796
9891,187,9739,1291076,1291263
9922,225,9739,1402742,1402967
1018,179,9740,1291142,1291321
1771,139,9740,1125795,1125934
2935,202,9740,1402766,1402968
3047,36,9741,318543,318579
5359,132,9741,1125853,1125985
5448,284,9741,1474731,1475015
6827,281,9741,1474735,1475016
7702,172,9741,1291280,1291452
8216,10,9741,318739,318749
8600,10,9741,318749,318759
1891,167,9742,1291291,1291458
4905,128,9742,1126024,1126152
5151,163,9742,1291298,1291461
6118,79,9742,640275,640354
6912,27,9742,318918,318945
1003,240,9743,1402845,1403085
2853,69,9743,640353,640422
3602,179,9743,1291340,1291519
7846,278,9743,1461861,1462139
9689,222,9743,1402925,1403147
1743,202,9744,1402946,1403148
3355,86,9744,908772,908858
4608,37,9744,319223,319260
8987,257,9744,1461898,1462155
5814,182,9745,1291517,1291699
6326,257,9745,1461914,1462171
6865,100,9745,908897,908997
7448,239,9745,1403027,1403266
9059,22,9745,319459,319481
8804,296,9746,1474731,1475027
9607,61,9746,640819,640880
9655,49,9746,640840,640889
9785,265,9746,1461970,1462235
1063,155,9747,1126507,1126662
5699,252,9747,1461994,1462246
3169,152,9748,1126581,1126733
4312,142,9748,1126613,1126755
5969,227,9748,1403183,1403410
8011,6,9748,319838,319844
2746,34,9749,319843,319877
2818,274,9749,1462004,1462278
3955,285,9749,1474744,1475029
4022,27,9749,319957,319984
5600,93,9749,909313,909406
7213,153,9749,1126754,1126907
8350,85,9749,909366,909451
9340,174,9749,1291855,1292029
1232,180,9750,1291868,1292048
4768,276,9750,1462077,1462353
5055,72,9750,641405,641477
5743,205,9750,1403328,1403533
1579,196,9751,1291967,1292163
1955,206,9751,1403332,1403538
4891,74,9751,641556,641630
9016,98,9751,909609,909707
1265,192,9752,1292042,1292234
2583,189,9752,1292074,1292263
7303,93,9752,909706,909799
7470,191,9752,1292103,1292294
10000,118,9752,909759,909877
1485,144,9753,1127143,1127287
1873,28,9753,320700,320728
1884,207,9753,1403336,1403543
3374,233,9753,1403343,1403576
3633,263,9753,1462110,1462373
3996,197,9753,1292253,1292450
5227,287,9753,1474745,1475032
7281,239,9753,1403456,1403695
7434,146,9753,1127407,1127553
7641,184,9753,1292370,1292554
2939,185,9754,1292393,1292578
8669,246,9754,1462172,1462418
9711,172,9754,1292458,1292630
4055,279,9755,1462177,1462456
4664,167,9755,1292509,1292676
5989,292,9755,1474750,1475042
7224,182,9755,1292556,1292738
8367,12,9755,321326,321338
9636,156,9755,1127751,1127907
1306,16,9756,321377,321393
1442,227,9756,1403612,1403839
2687,13,9756,321433,321446
2695,174,9756,1292617,1292791
2855,12,9756,321486,321498
9807,139,9756,1127866,1128005
4264,123,9757,1127884,1128007
6989,270,9757,1462254,1462524
7268,265,9757,1462284,1462549
7926,92,9757,910712,910804
8275,191,9757,1292710,1292901
4613,122,9758,1128006,1128128
5198,104,9758,910803,910907
8498,213,9758,1403717,1403930
8949,148,9758,1128048,1128196
9967,157,9758,1128076,1128233
3210,273,9759,1462307,1462580
7319,253,9759,1462340,1462593
2645,16,9760,322014,322030
2726,21,9760,322030,322051
3950,166,9760,1292858,1293024
4473,4,9760,322091,322095
4792,73,9760,643141,643214
5378,130,9760,1128231,1128361
1716,266,9761,1462351,1462617
2169,239,9761,1403847,1404086
3911,218,9761,1403886,1404104
8635,209,9761,1403904,1404113
9889,104,9761,911264,911368
4217,190,9762,1293022,1293212
9218,4,9762,322413,322417
9779,258,9762,1462376,1462634
1319,274,9763,1462393,1462667
2428,221,9763,1403991,1404212
2488,3,9763,322536,322539
7589,59,9763,643571,643630
8345,98,9763,911446,911544
8834,25,9763,322619,322644
8948,9,9763,322644,322653
9649,256,9763,1462427,1462683
1799,296,9764,1474753,1475049
5389,264,9764,1462482,1462746
7734,194,9764,1293290,1293484
6281,227,9765,1404130,1404357
1513,269,9766,1462504,1462773
1659,145,9766,1128795,1128940
2432,104,9766,911741,911845
2912,298,9766,1474767,1475065
7098,184,9766,1293442,1293626
7838,254,9766,1462573,1462827
8068,197,9766,1293506,1293703
8898,280,9766,1462587,1462867
9335,109,9766,911965,912074
9943,196,9766,1293583,1293779
1288,89,9767,912033,912122
2632,207,9767,1404315,1404522
2909,123,9767,1129099,1129222
4495,290,9767,1474784,1475074
7459,31,9767,323409,323440
9584,120,9767,912162,912282
1193,10,9768,323479,323489
1660,74,9768,644425,644499
3229,59,9768,644459,644518
4488,254,9768,1462665,1462919
5506,244,9768,1462679,1462923
8252,298,9768,1474793,1475091
3589,277,9769,1462722,1462999
5753,200,9769,1293856,1294056
6968,295,9769,1474810,1475105
7618,97,9769,912440,912537
7872,3,9769,323848,323851
1853,265,9770,1462798,1463063
2799,57,9770,644796,644853
4568,290,9770,1474824,1475114
8330,146,9770,1129459,1129605
9727,142,9770,1129485,1129627
6870,295,9771,1474833,1475128
3087,60,9772,644971,645031
4686,50,9772,644991,645041
4953,251,9772,1462901,1463152
6256,209,9772,1404717,1404926
7325,256,9772,1462912,1463168
3091,178,9773,1294172,1294350
6313,287,9773,1474846,1475133
6564,130,9773,1129744,1129874
7775,272,9773,1462967,1463239
8931,48,9773,645280,645328
9682,100,9773,912933,913033
6803,94,9774,912952,913046
8544,231,9774,1404844,1405075
9017,73,9774,645407,645480
9195,201,9774,1404875,1405076
9948,190,9774,1294349,1294539
4179,180,9775,1294378,1294558
4556,161,9775,1294398,1294559
5686,68,9775,645599,645667
6925,216,9775,1404875,1405091
7949,147,9775,1130032,1130179
8902,265,9775,1462997,1463262
4595,100,9776,913284,913384
6059,80,9776,645786,645866
7112,156,9776,1130098,1130254
7380,42,9776,645866,645908
2886,134,9777,1130133,1130267
5462,130,9777,1130147,1130277
5534,243,9777,1463020,1463263
8178,148,9777,1130197,1130345
8793,160,9777,1130225,1130385
3181,4,9778,325322,325326
3183,226,9778,1404968,1405194
3455,251,9778,1463022,1463273
5442,36,9778,325406,325442
9252,232,9778,1405034,1405266
2531,236,9780,1405064,1405300
1805,184,9781,1294673,1294857
3603,35,9781,325559,325594
3771,47,9781,646263,646310
4429,46,9781,646270,646316
5913,206,9781,1405099,1405305
3020,64,9782,646315,646379
5147,12,9782,325753,325765
6131,266,9782,1463029,1463295
3809,84,9783,913817,913901
5696,47,9783,646418,646465
5731,100,9783,913821,913921
8095,287,9783,1474843,1475130
8333,34,9783,325964,325998
9127,62,9783,646505,646567
1128,259,9784,1463093,1463352
3121,288,9784,1474849,1475137
3302,39,9784,326117,326156
4255,124,9784,1130658,1130782
4333,46,9784,646646,646692
8239,280,9784,1463152,1463432
8962,269,9784,1463192,1463461
2275,138,9785,1130741,1130879
2837,254,9785,1463220,1463474
8174,183,9785,1295013,1295196
3358,106,9786,914198,914304
3463,44,9786,646890,646934
4047,149,9786,1130838,1130987
6338,217,9786,1405380,1405597
2064,162,9787,1295074,1295236
4063,65,9787,647013,647078
5737,285,9787,1474854,1475139
5880,179,9787,1295116,1295295
6929,258,9787,1463272,1463530
8694,33,9787,326793,326826
9108,189,9787,1295175,1295364
2138,201,9788,1405475,1405676
2872,45,9788,647237,647282
5085,126,9788,1131145,1131271
5380,160,9788,1131151,1131311
5634,142,9788,1131191,1131333
1057,276,9789,1463288,1463564
5872,276,9789,1463324,1463600
3201,113,9790,914740,914853
5275,274,9790,1463359,1463633
9269,12,9790,327223,327235
9671,121,9790,1131331,1131452
4029,129,9791,1131331,1131460
8857,199,9791,1295360,1295559
1978,260,9792,1463391,1463651
2501,37,9792,327393,327430
4235,264,9792,1463411,1463675
4925,56,9792,647718,647774
3625,38,9793,327509,327547
4019,223,9793,1405671,1405894
4843,40,9793,327587,327627
5609,58,9793,647773,647831
9418,185,9793,1295517,1295702
5619,167,9794,1295541,1295708
5898,269,9794,1463433,1463702
6476,149,9794,1131617,1131766
6638,23,9794,327826,327849
9566,6,9794,327849,327855
9666,266,9794,1463462,1463728
9975,157,9794,1131686,1131843
2043,268,9795,1463487,1463755
3651,2,9795,327974,327976
3981,275,9795,1463515,1463790
8013,296,9795,1474851,1475147
8553,207,9795,1405892,1406099
9296,153,9795,1131882,1132035
5613,240,9796,1405898,1406138
7993,278,9796,1463589,1463867
1904,27,9797,328214,328241
2017,5,9797,328241,328246
5137,97,9797,915566,915663
5742,8,9797,328286,328294
6116,29,9797,328294,328323
8521,43,9797,648347,648390
9445,236,9797,1405977,1406213
1693,259,9798,1463625,1463884
3322,122,9798,1132072,1132194
4173,225,9798,1406052,1406277
4351,95,9798,915742,915837
5833,61,9798,648549,648610
7777,197,9798,1295984,1296181
8187,223,9798,1406077,1406300
8441,25,9798,328682,328707
3067,254,9799,1463643,1463897
7763,161,9799,1296100,1296261
7839,257,9799,1463657,1463914
9287,276,9799,1463674,1463950
4820,163,9800,1296180,1296343
6093,248,9800,1463709,1463957
6637,109,9800,916075,916184
7937,83,9800,916104,916187
9409,3,9800,329025,329028
9606,253,9800,1463717,1463970
2973,276,9801,1463729,1464005
8515,297,9801,1474861,1475158
2708,214,9803,1406375,1406589
4246,153,9803,1132589,1132742
8695,146,9803,1132622,1132768
9739,39,9803,329265,329304
3267,247,9804,1463802,1464049
4811,18,9804,329343,329361
7792,169,9804,1296419,1296588
9422,289,9804,1474875,1475164
9615,250,9804,1463849,1464099
4573,72,9805,649363,649435
5789,135,9805,1132806,1132941
1602,259,9806,1463857,1464116
2314,49,9806,649474,649523
3448,237,9806,1406546,1406783
8502,239,9806,1406583,1406822
9527,138,9806,1132940,1133078
2605,20,9807,329758,329778
6749,223,9807,1406621,1406844
6871,20,9807,329818,329838
1982,4,9808,329837,329841
2798,284,9808,1474880,1475164
4280,208,9808,1406683,1406891
4683,289,9808,1474884,1475173
4515,24,9809,329960,329984
6466,98,9809,916858,916956
6922,156,9809,1133115,1133271
7130,134,9809,1133151,1133285
9824,13,9809,330104,330117
1072,226,9810,1406729,1406955
5311,12,9810,330156,330168
6244,80,9810,649919,649999
8661,109,9810,916995,917104
9063,202,9810,1406755,1406957
3775,176,9811,1296861,1297037
8623,95,9811,917103,917198
3219,110,9812,917117,917227
3401,189,9812,1296876,1297065
3750,176,9812,1296905,1297081
4872,99,9812,917227,917326
8862,98,9812,917246,917344
1626,126,9813,1133361,1133487
6764,266,9813,1463949,1464215
6979,66,9813,650396,650462
2375,250,9814,1463974,1464224
2567,24,9814,330724,330748
2604,132,9814,1133446,1133578
2888,284,9814,1474887,1475171
5647,86,9814,917462,917548
6219,276,9814,1464024,1464300
7502,185,9814,1297079,1297264
9370,206,9814,1406913,1407119
1287,194,9815,1297143,1297337
9395,54,9815,650740,650794
1483,197,9816,1297176,1297373
3863,281,9816,1474889,1475170
1298,270,9817,1464097,1464367
2080,217,9817,1406996,1407213
4389,18,9817,331225,331243
4829,114,9817,917785,917899
5024,224,9817,1407013,1407237
8763,185,9817,1297372,1297557
9981,146,9817,1133895,1134041
4708,140,9818,1133920,1134060
6445,263,9819,1464125,1464388
7416,7,9819,331481,331488
7735,57,9819,651150,651207
5172,139,9820,1133978,1134117
5405,296,9820,1474886,1475182
5709,189,9820,1297474,1297663
6098,50,9820,651286,651336
8858,289,9820,1474902,1475191
9322,139,9820,1134117,1134256
4547,41,9821,651375,651416
6208,50,9821,651376,651426
6566,158,9821,1134135,1134293
7285,196,9821,1297542,1297738
7807,60,9821,651466,651526
8486,216,9821,1407153,1407369
8608,113,9821,918335,918448
9263,78,9821,651566,651644
1114,78,9822,651603,651681
3429,80,9822,651641,651721
4632,215,9822,1407168,1407383
5001,292,9822,1474909,1475201
5008,199,9822,1297697,1297896
5708,275,9822,1464265,1464540
6864,109,9822,918527,918636
8522,183,9822,1297776,1297959
9609,145,9822,1134452,1134597
2543,235,9823,1407262,1407497
3200,53,9823,652000,652053
7929,103,9823,918675,918778
9308,140,9823,1134516,1134656
2903,160,9824,1134535,1134695
3154,68,9824,652132,652200
4150,131,9824,1134575,1134706
5606,63,9824,652200,652263
5698,84,9824,918817,918901
7145,292,9824,1474919,1475211
2186,1,9825,332842,332843
3043,169,9825,1297876,1298045
3522,44,9825,652342,652386
5382,42,9825,652346,652388
3688,49,9826,652347,652396
9843,297,9826,1474929,1475226
1024,199,9827,1297923,1298122
3497,296,9827,1474945,1475241
5907,140,9827,1134783,1134923
7581,259,9827,1464415,1464674
8186,198,9827,1298042,1298240
8237,247,9827,1464434,1464681
9389,209,9827,1407493,1407702
9497,15,9827,333321,333336
7661,211,9828,1407501,1407712
9548,136,9828,1135002,1135138
1356,217,9829,1407511,1407728
5479,87,9829,919336,919423
6983,93,9829,919343,919436
2321,266,9830,1464438,1464704
4727,169,9830,1298277,1298446
7369,131,9830,1135136,1135267
7515,237,9830,1407567,1407804
8321,95,9830,919515,919610
1528,90,9831,919529,919619
1935,17,9831,333772,333789
2616,186,9831,1298325,1298511
8103,47,9831,653151,653198
1142,100,9832,919578,919678
1427,168,9832,1298350,1298518
2304,84,9832,919638,919722
3383,188,9832,1298358,1298546
7341,178,9832,1298386,1298564
8534,70,9832,653357,653427
8702,106,9832,919722,919828
1812,35,9833,334147,334182
7445,23,9833,334182,334205
8686,184,9833,1298403,1298587
1606,201,9834,1407600,1407801
2475,239,9834,1407601,1407840
2578,35,9834,334324,334359
7228,52,9834,653545,653597
5850,143,9835,1135462,1135605
6248,95,9835,919905,920000
9294,160,9835,1135485,1135645
9817,173,9835,1298505,1298678
1055,117,9836,919999,920116
8854,70,9836,653755,653825
9044,279,9836,1464458,1464737
1129,289,9837,1474951,1475240
4239,46,9837,653864,653910
5728,92,9837,920115,920207
1586,66,9838,653909,653975
4631,178,9838,1298595,1298773
7216,113,9838,920166,920279
8499,87,9838,920199,920286
3480,134,9839,1135681,1135815
3558,5,9839,334994,334999
7849,214,9839,1407715,1407929
8886,110,9839,920285,920395
3081,40,9840,335078,335118
5949,87,9840,920314,920401
6755,221,9841,1407727,1407948
7484,112,9841,920360,920472
8734,132,9841,1135773,1135905
8875,86,9841,920432,920518
9595,149,9841,1135785,1135934
6168,136,9842,1135813,1135949
7966,245,9842,1464531,1464776
1699,119,9843,920556,920675
1964,14,9843,335475,335489
4665,21,9843,335489,335510
6507,242,9843,1464535,1464777
7828,95,9843,920635,920730
1894,164,9844,1298767,1298931
3889,24,9844,335629,335653
4328,94,9844,920689,920783
4889,216,9844,1407825,1408041
5601,96,9844,920743,920839
6668,54,9844,654769,654823
5578,129,9845,1135986,1136115
9071,265,9845,1464535,1464800
7898,68,9846,654861,654929
8926,123,9846,1136034,1136157
2819,210,9847,1407878,1408088
3978,231,9847,1407888,1408119
8848,56,9847,655008,655064
9762,191,9847,1298928,1299119
1786,281,9848,1474949,1475230
2242,271,9848,1464597,1464868
7517,43,9848,655143,655186
1398,214,9849,1407997,1408211
1967,293,9849,1474949,1475242
2671,277,9849,1464667,1464944
4703,77,9849,655265,655342
9295,23,9849,336408,336431
1257,279,9850,1464703,1464982
1574,71,9850,655341,655412
2529,195,9850,1299196,1299391
2634,275,9850,1464742,1465017
4844,220,9850,1408170,1408390
6120,263,9850,1464777,1465040
6324,88,9851,921392,921480
8341,154,9851,1136552,1136706
1138,12,9852,336748,336760
2765,23,9852,336760,336783
5799,282,9852,1474959,1475241
7699,7,9852,336823,336830
5879,4,9853,336829,336833
2022,277,9854,1464836,1465113
5694,193,9854,1299427,1299620
7940,295,9854,1474959,1475254
2413,228,9855,1408345,1408573
3205,151,9855,1136782,1136933
5633,230,9855,1408373,1408603
7142,167,9855,1299579,1299746
8560,204,9855,1408403,1408607
8658,9,9855,337151,337160
1415,248,9856,1464911,1465159
5449,219,9856,1408446,1408665
5518,282,9856,1474972,1475254
5639,188,9856,1299745,1299933
5752,165,9856,1299773,1299938
5836,102,9856,921995,922097
7437,266,9856,1464959,1465225
7479,149,9856,1137172,1137321
3005,186,9857,1299817,1300003
4976,235,9857,1408544,1408779
7587,299,9858,1474972,1475271
9500,153,9858,1137319,1137472
3531,289,9859,1474990,1475279
3884,217,9859,1408657,1408874
6379,106,9859,922334,922440
3904,21,9860,337755,337776
4471,269,9860,1465061,1465330
6148,294,9860,1474998,1475292
8153,256,9860,1465130,1465386
8672,33,9860,337896,337929
2566,300,9861,1475011,1475311
2737,212,9861,1408832,1409044
3503,54,9861,656761,656815
7905,274,9861,1465185,1465459
1280,196,9862,1300238,1300434
2571,130,9862,1137708,1137838
3097,166,9862,1300274,1300440
4256,72,9862,656934,657006
5522,50,9862,656966,657016
6386,259,9862,1465218,1465477
6697,216,9862,1408923,1409139
9169,103,9862,922797,922900
9401,132,9862,1137838,1137970
8371,181,9863,1300359,1300540
2868,98,9864,922898,922996
4296,89,9864,922916,923005
5492,279,9864,1465235,1465514
6014,38,9864,338605,338643
3365,29,9865,338642,338671
3684,205,9865,1408976,1409181
6229,173,9865,1300458,1300631
6891,13,9865,338751,338764
8038,282,9865,1475027,1475309
8423,230,9865,1409021,1409251
8872,69,9865,657453,657522
9865,137,9865,1138087,1138224
2365,262,9866,1465312,1465574
7256,207,9866,1409090,1409297
9551,234,9866,1409097,1409331
2223,81,9867,923282,923363
3842,54,9867,657680,657734
6083,230,9867,1409130,1409360
7724,139,9867,1138262,1138401
7736,96,9867,923363,923459
1947,147,9868,1138280,1138427
3879,254,9868,1465332,1465586
6252,203,9868,1409199,1409402
7305,224,9868,1409202,1409426
5110,212,9869,1409225,1409437
5946,218,9869,1409237,1409455
2179,170,9870,1300906,1301076
2720,171,9870,1300916,1301087
3605,149,9870,1138585,1138734
8139,206,9870,1409254,1409460
2494,79,9871,658210,658289
2555,111,9871,923775,923886
3814,191,9871,1300966,1301157
5313,178,9871,1300997,1301175
1499,293,9872,1475022,1475315
2944,212,9872,1409298,1409510
3597,65,9872,658448,658513
4353,226,9872,1409310,1409536
4836,81,9872,924005,924086
4896,91,9872,924006,924097
6254,78,9872,658593,658671
8210,195,9872,1301134,1301329
9737,175,9872,1301169,1301344
1650,150,9873,1138931,1139081
3141,186,9873,1301183,1301369
3710,161,9873,1301209,1301370
8541,221,9873,1409335,1409556
8816,182,9873,1301250,1301432
8871,184,9873,1301272,1301456
5677,242,9874,1465380,1465622
7111,237,9874,1409395,1409632
8612,222,9874,1409432,1409654
2082,281,9875,1475032,1475313
2415,8,9875,340554,340562
5505,165,9875,1301454,1301619
9012,63,9875,659148,659211
9329,217,9875,1409493,1409710
2718,2,9876,340681,340683
2822,127,9876,1139398,1139525
4169,278,9876,1465420,1465698
4455,117,9876,924653,924770
7654,204,9876,1409549,1409753
9702,166,9876,1301578,1301744
1149,295,9877,1475031,1475326
2441,250,9877,1465497,1465747
5920,217,9877,1409632,1409849
6748,252,9877,1465507,1465759
7028,219,9877,1409689,1409908
7042,269,9877,1465519,1465788
8308,206,9877,1409748,1409954
8519,56,9877,659689,659745
2664,11,9878,341201,341212
4957,49,9878,659704,659753
5381,44,9878,659713,659757
8218,202,9878,1409753,1409955
8664,69,9878,659757,659826
9794,88,9878,925088,925176
1768,52,9879,659825,659877
2364,142,9879,1139842,1139984
4774,289,9879,1475044,1475333
4135,218,9880,1409793,1410011
4186,15,9880,341570,341585
5063,273,9880,1465585,1465858
9774,109,9880,925254,925363
1140,28,9881,341664,341692
3131,153,9882,1139981,1140134
4803,278,9882,1465616,1465894
5407,82,9882,925361,925443
7943,299,9882,1475050,1475349
2158,275,9883,1465693,1465968
4738,245,9883,1465728,1465973
5498,36,9883,341930,341966
6586,203,9883,1410008,1410211
6767,225,9883,1410011,1410236
7244,127,9883,1140253,1140380
8603,290,9883,1475068,1475358
2181,142,9884,1140299,1140441
6132,209,9884,1410075,1410284
6782,168,9884,1302336,1302504
7191,17,9884,342245,342262
9231,140,9884,1140401,1140541
2954,57,9885,660591,660648
4111,244,9885,1465771,1466015
6741,69,9885,660648,660717
7480,114,9885,925840,925954
9104,264,9885,1465775,1466039
3453,140,9886,1140499,1140639
6575,118,9886,925953,926071
7633,256,9886,1465798,1466054
8008,204,9886,1410202,1410406
8798,218,9886,1410206,1410424
9196,52,9886,660956,661008
1527,226,9887,1410223,1410449
1737,261,9888,1465812,1466073
2090,90,9888,926189,926279
3695,29,9888,342858,342887
6915,206,9888,1410288,1410494
7718,57,9888,661126,661183
8933,189,9888,1302660,1302849
9459,265,9888,1465833,1466098
1749,35,9889,343046,343081
2552,285,9889,1475072,1475357
2161,105,9890,926357,926462
3112,10,9890,343160,343170
4497,31,9890,343170,343201
5590,67,9890,661301,661368
6311,58,9890,661328,661386
9107,89,9890,926382,926471
9132,58,9890,661386,661444
9275,9,9890,343361,343370
2496,278,9891,1465895,1466173
5846,9,9891,343409,343418
9311,6,9891,343418,343424
9318,98,9891,926430,926528
9885,149,9891,1140914,1141063
2859,135,9892,1140942,1141077
3335,178,9892,1302805,1302983
4721,258,9892,1465932,1466190
5059,139,9892,1141037,1141176
9953,214,9892,1410450,1410664
1687,231,9893,1410463,1410694
3713,31,9893,343742,343773
4688,53,9893,661761,661814
5585,199,9893,1302942,1303141
5691,28,9893,343853,343881
6154,257,9893,1465949,1466206
7066,176,9893,1303021,1303197
7510,75,9893,661894,661969
7862,135,9893,1141255,1141390
1383,146,9894,1141269,1141415
3604,178,9894,1303036,1303214
4342,274,9894,1465965,1466239
4656,246,9894,1465999,1466245
5433,288,9894,1475072,1475360
5770,2,9894,344240,344242
8518,288,9894,1475080,1475368
8736,224,9894,1410693,1410917
1393,18,9895,344321,344339
2279,228,9895,1410716,1410944
6677,227,9895,1410744,1410971
7114,45,9895,662327,662372
1806,29,9896,344458,344487
2167,8,9896,344487,344495
2502,283,9896,1475086,1475369
2574,233,9896,1410810,1411043
3690,185,9896,1303412,1303597
7665,8,9896,344615,344623
8622,200,9896,1303437,1303637
1361,88,9897,927402,927490
2098,240,9897,1410842,1411082
5305,70,9897,662570,662640
7832,79,9897,662600,662679
7847,47,9897,662639,662686
7871,12,9897,344862,344874
2940,191,9898,1303515,1303706
3328,184,9898,1303546,1303730
9035,298,9898,1475087,1475385
2938,286,9899,1475104,1475390
7426,220,9899,1410960,1411180
9345,130,9899,1142010,1142140
2001,209,9900,1410979,1411188
2443,217,9900,1410988,1411205
3258,180,9900,1303768,1303948
9285,187,9900,1303788,1303975
9950,29,9900,345271,345300
3211,215,9901,1411004,1411219
4436,111,9901,927886,927997
9450,269,9901,1466198,1466467
5662,87,9902,927956,928043
7188,240,9902,1411058,1411298
1089,272,9903,1466225,1466497
1727,10,9903,345537,345547
2408,24,9903,345547,345571
7214,51,9903,663280,663331
9307,25,9903,345611,345636
3053,169,9904,1303971,1304140
3805,37,9904,345675,345712
1021,37,9905,345711,345748
3726,35,9905,345748,345783
4588,156,9905,1142374,1142530
5602,71,9905,663369,663440
6224,101,9905,928120,928221
9328,59,9905,663440,663499
2537,257,9906,1466254,1466511
3475,87,9906,928180,928267
4247,228,9906,1411174,1411402
6315,34,9906,346062,346096
6493,240,9906,1411202,1411442
6517,126,9906,1142529,1142655
1562,205,9907,1411241,1411446
4452,278,9907,1466270,1466548
7825,46,9907,663737,663783
8849,166,9907,1304177,1304343
2405,298,9908,1475101,1475399
7566,126,9908,1142693,1142819
7687,81,9908,928505,928586
8451,43,9908,663902,663945
9842,286,9908,1475119,1475405
3880,267,9909,1466386,1466653
6988,151,9909,1142778,1142929
8717,229,9909,1411404,1411633
4461,237,9910,1411432,1411669
5044,53,9910,664103,664156
7824,236,9910,1411469,1411705
8419,208,9910,1411505,1411713
8601,54,9910,664196,664250
6852,152,9911,1142967,1143119
7251,229,9911,1411512,1411741
7568,140,9911,1143039,1143179
9377,224,9911,1411541,1411765
1141,195,9912,1304538,1304733
3079,133,9912,1143138,1143271
4711,1,9912,347090,347091
5344,64,9912,664448,664512
9705,66,9912,664472,664538
7513,26,9913,347170,347196
2341,283,9914,1475119,1475402
3242,74,9914,664536,664610
3893,35,9914,347275,347310
2153,110,9915,929059,929169
7433,103,9915,929089,929192
1848,257,9916,1466446,1466703
3850,249,9916,1466463,1466712
4628,16,9916,347468,347484
8361,177,9916,1304689,1304866
2353,285,9917,1475119,1475404
5788,72,9917,664807,664879
8263,23,9917,347603,347626
2446,47,9918,664838,664885
4107,151,9918,1143345,1143496
1182,48,9919,664884,664932
2342,285,9919,1475122,1475407
5398,41,9919,664932,664973
8376,255,9919,1466549,1466804
8650,131,9919,1143455,1143586
9533,29,9919,347904,347933
2711,270,9920,1466563,1466833
2945,13,9920,347972,347985
5414,289,9920,1475126,1475415
7893,270,9920,1466633,1466903
1120,100,9921,929546,929646
2057,140,9921,1143584,1143724
3486,60,9921,665211,665271
4181,153,9921,1143604,1143757
4712,105,9921,929646,929751
7031,37,9921,348264,348301
7155,190,9921,1304941,1305131
7443,135,9921,1143677,1143812
9430,108,9921,929751,929859
9861,66,9921,665431,665497
2882,113,9922,929778,929891
3457,275,9922,1466661,1466936
3567,130,9922,1143731,1143861
3570,34,9922,348580,348614
3580,65,9922,665576,665641
4761,249,9922,1466696,1466945
6433,57,9922,665641,665698
6541,183,9922,1305050,1305233
7171,296,9922,1475133,1475429
2735,122,9923,1143860,1143982
4142,86,9923,930050,930136
4424,37,9923,348893,348930
4714,195,9923,1305112,1305307
5520,3,9923,348970,348973
6279,257,9923,1466744,1467001
9152,98,9923,930136,930234
9578,40,9923,349053,349093
2842,134,9924,1143941,1144075
3093,269,9924,1466760,1467029
4630,103,9924,930233,930336
6642,118,9924,930256,930374
8023,196,9924,1305226,1305422
8825,208,9924,1412112,1412320
9491,129,9925,1144074,1144203
1419,165,9926,1305300,1305465
3720,75,9926,666254,666329
6170,135,9926,1144122,1144257
6759,153,9926,1144137,1144290
9915,264,9927,1466786,1467050
1814,204,9928,1412156,1412360
3162,185,9928,1305383,1305568
4496,211,9928,1412160,1412371
5043,204,9929,1412170,1412374
8198,195,9929,1305487,1305682
3048,293,9930,1475141,1475434
4030,222,9930,1412213,1412435
5538,149,9930,1144486,1144635
5998,71,9930,666725,666796
6021,85,9930,930888,930973
6607,261,9930,1466847,1467108
3294,157,9931,1144554,1144711
4970,6,9931,350045,350051
5156,78,9931,666875,666953
5174,145,9931,1144591,1144736
6797,267,9931,1466867,1467134
7637,73,9931,666993,667066
6307,157,9932,1144655,1144812
7441,177,9932,1305679,1305856
8226,273,9932,1466893,1467166
2278,12,9933,350329,350341
4393,154,9933,1144771,1144925
8568,39,9933,350381,350420
2028,169,9934,1305734,1305903
3058,213,9934,1412351,1412564
4314,48,9934,667263,667311
5657,179,9934,1305783,1305962
7622,165,9934,1305802,1305967
9880,61,9934,667351,667412
1041,59,9935,667371,667430
1701,272,9935,1466923,1467195
3373,11,9935,350738,350749
8768,240,9935,1412403,1412643
9800,164,9935,1305886,1306050
1710,68,9936,667509,667577
2890,198,9936,1305889,1306087
4616,101,9936,931527,931628
9468,296,9936,1475148,1475444
4064,29,9937,350987,351016
6946,74,9937,667656,667730
9588,249,9937,1466993,1467242
3271,215,9938,1412520,1412735
3854,99,9938,931666,931765
5445,124,9938,1145240,1145364
7253,19,9938,351215,351234
7671,267,9938,1467001,1467268
9797,118,9938,931765,931883
6340,253,9939,1467027,1467280
7259,26,9939,351353,351379
4586,31,9940,351378,351409
6068,45,9940,667967,668012
6282,235,9940,1412613,1412848
7850,149,9940,1145362,1145511
2426,236,9941,1412647,1412883
2877,246,9941,1467038,1467284
3426,263,9941,1467044,1467307
3994,165,9941,1306282,1306447
4511,20,9941,351688,351708
4685,246,9941,1467067,1467313
5242,219,9941,1412803,1413022
5612,154,9941,1145630,1145784
6043,108,9941,932200,932308
7716,280,9941,1467073,1467353
9516,280,9941,1467113,1467393
2860,186,9942,1306446,1306632
3886,121,9942,1145783,1145904
5323,72,9942,668530,668602
5426,77,9942,668562,668639
4323,245,9943,1467151,1467396
1340,26,9944,352145,352171
4250,253,9944,1467155,1467408
1029,224,9945,1412978,1413202
3411,234,9945,1413002,1413236
4249,205,9945,1413036,1413241
5925,87,9945,932584,932671
7630,197,9945,1306669,1306866
7797,90,9945,932631,932721
8408,148,9945,1146021,1146169
9847,139,9945,1146049,1146188
3074,189,9946,1306705,1306894
3733,205,9946,1413040,1413245
4354,206,9946,1413045,1413251
4639,108,9946,932840,932948
4958,95,9946,932868,932963
6657,284,9946,1475154,1475438
6985,275,9946,1467206,1467481
7335,62,9946,669275,669337
8531,182,9946,1306894,1307076
3760,174,9947,1306915,1307089
5206,131,9947,1146346,1146477
1661,29,9948,352967,352996
8785,60,9948,669415,669475
3612,191,9949,1306927,1307118
4128,135,9949,1146395,1146530
4522,56,9949,669514,669570
8972,58,9949,669530,669588
1702,149,9950,1146409,1146558
2058,49,9950,669587,669636
2166,8,9950,353274,353282
3172,43,9950,669596,669639
3465,46,9950,669599,669645
4523,183,9950,1306957,1307140
8315,13,9950,353402,353415
4066,192,9951,1306979,1307171
4376,287,9951,1475153,1475440
6382,74,9951,669724,669798
9838,85,9951,933318,933403
1558,38,9952,353573,353611
3108,157,9952,1146556,1146713
3142,130,9952,1146593,1146723
6203,15,9952,353691,353706
6419,142,9952,1146603,1146745
7904,31,9952,353746,353777
9504,216,9952,1413165,1413381
9667,96,9952,933482,933578
7199,106,9953,933497,933603
8057,52,9953,670036,670088
9708,59,9953,670048,670107
1943,136,9954,1146663,1146799
2262,74,9954,670106,670180
5261,218,9954,1413179,1413397
5705,74,9954,670180,670254
6149,26,9954,354135,354161
6694,281,9954,1475157,1475438
6874,120,9954,933642,933762
6939,148,9954,1146759,1146907
6978,88,9954,933722,933810
5889,76,9955,670373,670449
7534,220,9955,1413236,1413456
7265,37,9956,354399,354436
9638,4,9956,354436,354440
4799,67,9957,670447,670514
1169,29,9958,354478,354507
2827,42,9958,670473,670515
4032,14,9958,354547,354561
7077,284,9958,1475154,1475438
1069,135,9959,1146862,1146997
6012,171,9959,1307243,1307414
7381,169,9959,1307254,1307423
9633,201,9959,1413292,1413493
1095,151,9960,1146996,1147147
4985,43,9961,670712,670755
6339,15,9961,354838,354853
1050,43,9962,670714,670757
7003,126,9962,1147025,1147151
8485,269,9962,1467345,1467614
5942,168,9963,1307339,1307507
9476,194,9963,1307347,1307541
2307,48,9964,670875,670923
2657,65,9964,670883,670948
3943,140,9964,1147149,1147289
5281,184,9964,1307380,1307564
5537,248,9964,1467372,1467620
6618,55,9964,671028,671083
8099,122,9964,1147249,1147371
8209,213,9964,1413368,1413581
8381,95,9964,934360,934455
2271,300,9965,1475151,1475451
4254,85,9965,934414,934499
4428,45,9965,671242,671287
5892,109,9965,934419,934528
6494,46,9965,671287,671333
2455,170,9966,1307522,1307692
3808,32,9966,355648,355680
9284,98,9966,934487,934585
1285,169,9967,1307531,1307700
1681,9,9967,355759,355768
2367,24,9967,355768,355792
4706,76,9967,671411,671487
6471,51,9967,671447,671498
6731,147,9967,1147408,1147555
6817,7,9967,355912,355919
7342,201,9967,1413418,1413619
9398,217,9967,1413419,1413636
3015,59,9968,671577,671636
8279,181,9968,1307619,1307800
2908,299,9969,1475167,1475466
7220,14,9969,356117,356131
1131,128,9970,1147592,1147720
1836,272,9970,1467454,1467726
6729,75,9970,671754,671829
8159,151,9970,1147640,1147791
3010,268,9971,1467485,1467753
7150,253,9971,1467513,1467766
1865,104,9972,934939,935043
3524,234,9972,1413591,1413825
5411,30,9972,356448,356478
6239,70,9972,671987,672057
7818,297,9972,1475183,1475480
2557,136,9973,1147828,1147964
9431,165,9973,1307875,1308040
9710,4,9973,356637,356641
1068,231,9975,1413662,1413893
3143,140,9975,1147922,1148062
3189,134,9975,1147942,1148076
5041,218,9975,1413693,1413911
6223,216,9975,1413711,1413927
6733,49,9975,672334,672383
1770,300,9976,1475196,1475496
3542,87,9976,935359,935446
4773,231,9976,1413766,1413997
4993,91,9976,935406,935497
5997,245,9976,1467601,1467846
9925,36,9976,357078,357114
5444,73,9977,672541,672614
7575,63,9977,672574,672637
1680,278,9978,1467604,1467882
3513,154,9978,1148193,1148347
5676,202,9978,1413875,1414077
6511,21,9978,357312,357333
9744,248,9978,1467642,1467890
2714,150,9979,1148306,1148456
2814,95,9979,935654,935749
3099,106,9979,935669,935775
4065,20,9979,357492,357512
4701,256,9979,1467649,1467905
8380,102,9979,935735,935837
9137,113,9979,935757,935870
9549,34,9979,357632,357666
1971,282,9980,1475212,1475494
6845,162,9981,1308312,1308474
7605,155,9981,1148454,1148609
8258,201,9981,1413994,1414195
8436,81,9981,935948,936029
9364,94,9981,935949,936043
2493,280,9982,1467702,1467982
6606,117,9982,936002,936119
5056,204,9983,1414033,1414237
5149,231,9983,1414037,1414268
6128,22,9983,358062,358084
6158,225,9983,1414068,1414293
9613,254,9983,1467741,1467995
2284,148,9984,1148726,1148874
6031,192,9984,1308551,1308743
7273,100,9984,936277,936377
8754,228,9984,1414132,1414360
4120,239,9985,1414159,1414398
4591,79,9985,673669,673748
4612,7,9985,358402,358409
1560,220,9986,1414197,1414417
2767,128,9986,1148912,1149040
4755,198,9986,1308701,1308899
4973,115,9986,936495,936610
5831,136,9986,1148960,1149096
5941,40,9986,358608,358648
8675,169,9986,1308739,1308908
9792,218,9986,1414217,1414435
1724,205,9987,1414234,1414439
4276,46,9987,674026,674072
7192,236,9987,1414239,1414475
1013,246,9988,1467750,1467996
1203,228,9988,1414314,1414542
1497,268,9988,1467756,1468024
1914,25,9988,358966,358991
2192,278,9988,1467784,1468062
5118,222,9988,1414422,1414644
5730,163,9988,1309066,1309229
6025,191,9988,1309069,1309260
6095,132,9988,1149414,1149546
6535,167,9988,1309100,1309267
7852,240,9988,1414444,1414684
8446,49,9988,674471,674520
4519,65,9989,674479,674544
8283,245,9989,1467821,1468066
9567,293,9989,1475205,1475498
2197,151,9990,1149584,1149735
5079,234,9990,1414562,1414796
7263,26,9990,359509,359535
7930,162,9990,1309265,1309427
7989,94,9990,937326,937420
9406,36,9990,359615,359651
7916,217,9991,1414595,1414812
3167,142,9992,1149733,1149875
3474,230,9992,1414611,1414841
7087,225,9992,1414641,1414866
8703,12,9992,359809,359821
9968,276,9992,1467863,1468139
2420,122,9993,1149874,1149996
2809,157,9993,1149876,1150033
3406,47,9993,675020,675067
4281,54,9993,675027,675081
5224,190,9993,1309424,1309614
6473,181,9993,1309454,1309635
8681,246,9993,1467898,1468144
9305,165,9993,1309515,1309680
9483,121,9993,1150073,1150194
1922,108,9994,937816,937924
2686,26,9994,360259,360285
5019,89,9994,937844,937933
5152,133,9994,1150073,1150206
9460,15,9994,360365,360380
9999,104,9994,937893,937997
1248,23,9995,360419,360442
2685,149,9995,1150085,1150234
3744,91,9995,937956,938047
8256,52,9995,675479,675531
8529,171,9995,1309518,1309689
1376,22,9996,360601,360623
1707,81,9996,938006,938087
1856,25,9996,360663,360688
2846,32,9996,360688,360720
8230,30,9996,360720,360750
8918,30,9996,360750,360780
1188,130,9997,1150152,1150282
1864,74,9997,675609,675683
2507,152,9997,1150162,1150314
6945,280,9997,1467900,1468180
8104,22,9997,360939,360961
8508,46,9997,675723,675769
1104,19,9998,361000,361019
1608,61,9998,675728,675789
4248,19,9998,361059,361078
7271,143,9998,1150233,1150376
7667,186,9998,1309566,1309752
8089,55,9998,675829,675884
1109,95,9999,938204,938299
6590,70,9999,675883,675953
7288,167,9999,1309591,1309758
7616,99,9999,938259,938358

Average Waiting Time = 962536

Average Turn Around Time = 962685
